# energy grid [eV]  eels components [arbitrary units]
#
    0.001000000    0.000014067    0.000014068    0.058084117
    0.011009009    0.000156073    0.000156074    0.074256261
    0.021018018    0.000304156    0.000304158    0.041134898
    0.031027027    0.000464035    0.000464038    0.027237717
    0.041036036    0.000641432    0.000641436    0.019728938
    0.051045045    0.000840976    0.000840981    0.015096994
    0.061054054    0.001063199    0.001063204    0.012043717
    0.071063063    0.001298670    0.001298673    0.009978192
    0.081072072    0.001520820    0.001520814    0.008592450
    0.091081081    0.001686448    0.001686430    0.007713214
    0.101090090    0.001756575    0.001756542    0.007241349
    0.111099099    0.001727494    0.001727450    0.007123192
    0.121108108    0.001634696    0.001634649    0.007332990
    0.131117117    0.001524087    0.001524043    0.007854857
    0.141126126    0.001427087    0.001427049    0.008653672
    0.151135135    0.001357021    0.001356988    0.009627026
    0.161144144    0.001315999    0.001315972    0.010552985
    0.171153153    0.001301524    0.001301501    0.011103390
    0.181162162    0.001310184    0.001310164    0.011002309
    0.191171171    0.001339165    0.001339148    0.010233339
    0.201180180    0.001386259    0.001386241    0.009045904
    0.211189189    0.001448516    0.001448496    0.007753596
    0.221198198    0.001519876    0.001519848    0.006567931
    0.231207207    0.001589225    0.001589186    0.005573086
    0.241216216    0.001642418    0.001642363    0.004771084
    0.251225225    0.001670353    0.001670285    0.004128086
    0.261234234    0.001676089    0.001676015    0.003604839
    0.271243243    0.001671464    0.001671392    0.003172625
    0.281252252    0.001667775    0.001667708    0.002815023
    0.291261261    0.001670829    0.001670769    0.002521618
    0.301270270    0.001681660    0.001681606    0.002283144
    0.311279279    0.001699213    0.001699163    0.002090528
    0.321288288    0.001722434    0.001722388    0.001935512
    0.331297297    0.001750868    0.001750826    0.001811149
    0.341306306    0.001784291    0.001784254    0.001711905
    0.351315315    0.001822391    0.001822358    0.001633514
    0.361324324    0.001864772    0.001864742    0.001572794
    0.371333333    0.001911071    0.001911044    0.001527462
    0.381342342    0.001961048    0.001961022    0.001496008
    0.391351351    0.002014623    0.002014598    0.001477609
    0.401360360    0.002071886    0.002071861    0.001472066
    0.411369369    0.002133082    0.002133056    0.001479724
    0.421378378    0.002198541    0.002198515    0.001501251
    0.431387387    0.002268491    0.002268464    0.001537039
    0.441396396    0.002342615    0.002342587    0.001585807
    0.451405405    0.002419305    0.002419277    0.001642131
    0.461414414    0.002494967    0.002494943    0.001693947
    0.471423423    0.002564673    0.002564657    0.001724130
    0.481432432    0.002625111    0.002625102    0.001719924
    0.491441441    0.002677454    0.002677450    0.001683290
    0.501450450    0.002726393    0.002726391    0.001628880
    0.511459459    0.002776699    0.002776695    0.001572473
    0.521468468    0.002831256    0.002831250    0.001523590
    0.531477477    0.002891223    0.002891214    0.001485551
    0.541486486    0.002956857    0.002956844    0.001458200
    0.551495495    0.003028136    0.003028121    0.001440066
    0.561504505    0.003105086    0.003105069    0.001429459
    0.571513514    0.003187911    0.003187892    0.001424882
    0.581522523    0.003277047    0.003277026    0.001425127
    0.591531532    0.003373184    0.003373161    0.001429262
    0.601540541    0.003477250    0.003477225    0.001436578
    0.611549550    0.003590325    0.003590297    0.001446539
    0.621558559    0.003713393    0.003713362    0.001458741
    0.631567568    0.003846830    0.003846795    0.001472880
    0.641576577    0.003989750    0.003989712    0.001488729
    0.651585586    0.004140024    0.004139980    0.001506120
    0.661594595    0.004296183    0.004296135    0.001524935
    0.671603604    0.004460427    0.004460373    0.001545096
    0.681612613    0.004639325    0.004639265    0.001566566
    0.691621622    0.004841787    0.004841720    0.001589341
    0.701630631    0.005077748    0.005077671    0.001613457
    0.711639640    0.005358656    0.005358568    0.001638990
    0.721648649    0.005698099    0.005697997    0.001666065
    0.731657658    0.006111730    0.006111610    0.001694855
    0.741666667    0.006615880    0.006615737    0.001725584
    0.751675676    0.007222649    0.007222478    0.001758496
    0.761684685    0.007927708    0.007927505    0.001793764
    0.771693694    0.008688880    0.008688646    0.001831305
    0.781702703    0.009407171    0.009406911    0.001870495
    0.791711712    0.009948024    0.009947750    0.001910050
    0.801720721    0.010229290    0.010229008    0.001948608
    0.811729730    0.010302825    0.010302534    0.001985993
    0.821738739    0.010321574    0.010321263    0.002023831
    0.831747748    0.010433931    0.010433592    0.002064651
    0.841756757    0.010715225    0.010714868    0.002110580
    0.851765766    0.011147485    0.011147153    0.002162628
    0.861774775    0.011612330    0.011612116    0.002220350
    0.871783784    0.011911055    0.011911079    0.002281667
    0.881792793    0.011860344    0.011860672    0.002343542
    0.891801802    0.011424446    0.011425021    0.002403719
    0.901810811    0.010736686    0.010737368    0.002461564
    0.911819820    0.009983808    0.009984469    0.002515831
    0.921828829    0.009297575    0.009298148    0.002561623
    0.931837838    0.008733407    0.008733874    0.002591833
    0.941846847    0.008297395    0.008297764    0.002603573
    0.951855856    0.007974713    0.007975001    0.002601992
    0.961864865    0.007745655    0.007745879    0.002596346
    0.971873874    0.007592204    0.007592378    0.002594028
    0.981882883    0.007499954    0.007500091    0.002598536
    0.991891892    0.007458235    0.007458342    0.002610544
    1.001900901    0.007459668    0.007459753    0.002629426
    1.011909910    0.007499632    0.007499701    0.002654192
    1.021918919    0.007575708    0.007575765    0.002683909
    1.031927928    0.007686947    0.007686996    0.002717834
    1.041936937    0.007832507    0.007832548    0.002755424
    1.051945946    0.008008941    0.008008968    0.002796319
    1.061954955    0.008205764    0.008205764    0.002840318
    1.071963964    0.008401618    0.008401570    0.002887355
    1.081972973    0.008568478    0.008568362    0.002937495
    1.091981982    0.008688877    0.008688695    0.002990926
    1.101990991    0.008771614    0.008771391    0.003047955
    1.112000000    0.008845162    0.008844925    0.003108987
    1.122009009    0.008937546    0.008937315    0.003174437
    1.132018018    0.009064151    0.009063934    0.003244499
    1.142027027    0.009225467    0.009225268    0.003318647
    1.152036036    0.009406956    0.009406784    0.003394910
    1.162045045    0.009580748    0.009580618    0.003469549
    1.172054054    0.009717046    0.009716967    0.003538432
    1.182063063    0.009804564    0.009804530    0.003600095
    1.192072072    0.009858845    0.009858837    0.003657236
    1.202081081    0.009907389    0.009907388    0.003714579
    1.212090090    0.009971531    0.009971526    0.003776012
    1.222099099    0.010061233    0.010061220    0.003843678
    1.232108108    0.010178581    0.010178558    0.003918509
    1.242117117    0.010322183    0.010322153    0.004000953
    1.252126126    0.010489818    0.010489781    0.004091451
    1.262135135    0.010679584    0.010679542    0.004190672
    1.272144144    0.010890270    0.010890224    0.004299626
    1.282153153    0.011121401    0.011121352    0.004419708
    1.292162162    0.011373142    0.011373091    0.004552641
    1.302171171    0.011646080    0.011646027    0.004700211
    1.312180180    0.011940799    0.011940744    0.004863546
    1.322189189    0.012257176    0.012257118    0.005041786
    1.332198198    0.012593713    0.012593652    0.005230670
    1.342207207    0.012948055    0.012947988    0.005423245
    1.352216216    0.013319720    0.013319647    0.005614530
    1.362225225    0.013712989    0.013712912    0.005805820
    1.372234234    0.014136236    0.014136156    0.006001144
    1.382243243    0.014598792    0.014598712    0.006199444
    1.392252252    0.015109612    0.015109533    0.006394661
    1.402261261    0.015678519    0.015678441    0.006586303
    1.412270270    0.016317415    0.016317341    0.006787499
    1.422279279    0.017039448    0.017039379    0.007020193
    1.432288288    0.017856511    0.017856444    0.007305427
    1.442297297    0.018776515    0.018776446    0.007658740
    1.452306306    0.019801471    0.019801391    0.008089145
    1.462315315    0.020924089    0.020923985    0.008595531
    1.472324324    0.022117807    0.022117665    0.009157327
    1.482333333    0.023327780    0.023327592    0.009725595
    1.492342342    0.024487646    0.024487425    0.010234964
    1.502351351    0.025567612    0.025567402    0.010648512
    1.512360360    0.026608488    0.026608341    0.010994475
    1.522369369    0.027702355    0.027702290    0.011340924
    1.532378378    0.028949599    0.028949592    0.011737608
    1.542387387    0.030434688    0.030434705    0.012192342
    1.552396396    0.032234258    0.032234281    0.012696161
    1.562405405    0.034439680    0.034439714    0.013255600
    1.572414414    0.037158750    0.037158807    0.013884804
    1.582423423    0.040499827    0.040499917    0.014573885
    1.592432432    0.044569135    0.044569281    0.015294424
    1.602441441    0.049471537    0.049471770    0.016048665
    1.612450450    0.055266322    0.055266628    0.016887678
    1.622459459    0.061858224    0.061858457    0.017852924
    1.632468468    0.068833370    0.068833225    0.018900903
    1.642477477    0.075302543    0.075301643    0.019894055
    1.652486486    0.080033268    0.080031367    0.020686936
    1.662495495    0.082116385    0.082113575    0.021230496
    1.672504505    0.081640313    0.081637022    0.021569442
    1.682513514    0.079501668    0.079498420    0.021770897
    1.692522523    0.076630221    0.076627394    0.021909388
    1.702531532    0.073610035    0.073607790    0.022086000
    1.712540541    0.070857699    0.070856025    0.022408592
    1.722549550    0.068805037    0.068803834    0.022947073
    1.732558559    0.067823697    0.067822851    0.023712504
    1.742567568    0.068123123    0.068122517    0.024687427
    1.752576577    0.069749373    0.069748850    0.025885691
    1.762585586    0.072589486    0.072588826    0.027387405
    1.772594595    0.076360440    0.076359397    0.029317259
    1.782603604    0.080671481    0.080669904    0.031776021
    1.792612613    0.085155590    0.085153474    0.034759503
    1.802621622    0.089558315    0.089555683    0.038095157
    1.812630631    0.093834889    0.093831690    0.041434477
    1.822639640    0.098290153    0.098286308    0.044361496
    1.832648649    0.103513786    0.103509310    0.046642020
    1.842657658    0.109992229    0.109987401    0.048465862
    1.852666667    0.117587638    0.117583207    0.050383985
    1.862675676    0.125243054    0.125240200    0.052947712
    1.872684685    0.131386145    0.131385831    0.056417837
    1.882693694    0.135082901    0.135085037    0.060760736
    1.892702703    0.136766027    0.136769625    0.065906223
    1.902711712    0.137456512    0.137460708    0.072038873
    1.912720721    0.137525037    0.137529634    0.079533254
    1.922729730    0.136630161    0.136635262    0.088449187
    1.932738739    0.134744235    0.134749634    0.097918381
    1.942747748    0.132757275    0.132762387    0.105880654
    1.952756757    0.131919437    0.131923711    0.109821513
    1.962765766    0.133010738    0.133014032    0.108584521
    1.972774775    0.136019562    0.136022217    0.103474774
    1.982783784    0.140318741    0.140321347    0.097166204
    1.992792793    0.145236735    0.145239649    0.091880541
    2.002801802    0.150688301    0.150691343    0.088616533
    2.012810811    0.157177752    0.157180348    0.087332701
    2.022819820    0.165176179    0.165177589    0.087474548
    2.032828829    0.174550456    0.174549775    0.088568873
    2.042837838    0.184393495    0.184389777    0.090501152
    2.052846847    0.193512212    0.193505081    0.093181374
    2.062855856    0.201561106    0.201551327    0.096083606
    2.072864865    0.209654146    0.209643224    0.098353833
    2.082873874    0.219581977    0.219571093    0.099322045
    2.092882883    0.232656449    0.232645886    0.098701966
    2.102891892    0.249424102    0.249413462    0.096561771
    2.112900901    0.270232443    0.270221204    0.093466659
    2.122909910    0.295837324    0.295825238    0.090294637
    2.132918919    0.327491938    0.327479129    0.087589300
    2.142927928    0.366693756    0.366680595    0.085245005
    2.152936937    0.414968315    0.414955259    0.082915922
    2.162945946    0.473561292    0.473548963    0.080614832
    2.172954955    0.541944715    0.541934215    0.078735483
    2.182963964    0.614649096    0.614642286    0.077582288
    2.192972973    0.678853998    0.678852994    0.077109889
    2.202981982    0.717571020    0.717576174    0.077105374
    2.212990991    0.719791005    0.719799127    0.077460108
    2.223000000    0.688118306    0.688124816    0.078252175
    2.233009009    0.634644492    0.634647586    0.079759461
    2.243018018    0.572512767    0.572513689    0.082441899
    2.253027027    0.512192824    0.512193149    0.086788231
    2.263036036    0.460449065    0.460449378    0.093142155
    2.273045045    0.419829166    0.419829301    0.101659745
    2.283054054    0.389435016    0.389434331    0.112416668
    2.293063063    0.366759678    0.366757176    0.125560944
    2.303072072    0.349419557    0.349414344    0.141240949
    2.313081081    0.335805488    0.335797523    0.159187172
    2.323090090    0.324880488    0.324870761    0.178349720
    2.333099099    0.315977489    0.315967287    0.197017549
    2.343108108    0.308916477    0.308906661    0.213059714
    2.353117117    0.304371373    0.304362324    0.223860243
    2.363126126    0.303798115    0.303789987    0.226881911
    2.373135135    0.308596503    0.308589397    0.221656362
    2.383144144    0.319298541    0.319292609    0.211059592
    2.393153153    0.335404911    0.335400347    0.199502734
    2.403162162    0.356035358    0.356032102    0.189967186
    2.413171171    0.381237610    0.381234936    0.182747561
    2.423180180    0.412784954    0.412781437    0.176184958
    2.433189189    0.453332510    0.453326430    0.168574024
    2.443198198    0.504624181    0.504613906    0.159846439
    2.453207207    0.565905301    0.565889469    0.151505132
    2.463216216    0.632612425    0.632589972    0.145363415
    2.473225225    0.695730267    0.695700762    0.142752328
    2.483234234    0.744500383    0.744465569    0.144481148
    2.493243243    0.773774007    0.773739524    0.150999745
    2.503252252    0.789104373    0.789078771    0.162418995
    2.513261261    0.801866527    0.801857696    0.178237302
    2.523270270    0.819068340    0.819080833    0.196760012
    2.533279279    0.837843373    0.837878077    0.214614452
    2.543288288    0.848044708    0.848099560    0.227324899
    2.553297297    0.839690306    0.839760868    0.231455055
    2.563306306    0.808621447    0.808701048    0.226856355
    2.573315315    0.757920390    0.758000418    0.216808327
    2.583324324    0.697010186    0.697081827    0.205939066
    2.593333333    0.637827322    0.637883971    0.197836496
    2.603342342    0.589887962    0.589926062    0.193800071
    2.613351351    0.558270146    0.558288316    0.192602617
    2.623360360    0.544509877    0.544507797    0.190991927
    2.633369369    0.548004286    0.547982311    0.185448580
    2.643378378    0.566582362    0.566541845    0.174763434
    2.653387387    0.596539147    0.596482844    0.160858894
    2.663396396    0.633084684    0.633016533    0.146914626
    2.673405405    0.670870184    0.670794720    0.135332339
    2.683414414    0.703100423    0.703022905    0.127243370
    2.693423423    0.721555930    0.721482383    0.122936408
    2.703432432    0.721943398    0.721878943    0.122304250
    2.713441441    0.709732517    0.709679528    0.125003005
    2.723450450    0.697325531    0.697283953    0.130355261
    2.733459459    0.695828020    0.695796904    0.137218034
    2.743468468    0.710146911    0.710125286    0.144246593
    2.753477477    0.738644034    0.738630889    0.150722375
    2.763486486    0.775372499    0.775366458    0.157045537
    2.773495495    0.813882044    0.813881377    0.163916173
    2.783504505    0.849244497    0.849247847    0.171023822
    2.793513514    0.875721743    0.875728771    0.176884655
    2.803522523    0.886019865    0.886030547    0.180178884
    2.813531532    0.877029854    0.877043213    0.180947645
    2.823540541    0.853744919    0.853759006    0.180033362
    2.833549550    0.824472789    0.824485610    0.177988268
    2.843558559    0.794367480    0.794377692    0.175257102
    2.853567568    0.764155592    0.764163032    0.172904586
    2.863576577    0.733221279    0.733227316    0.172439952
    2.873585586    0.702529184    0.702536076    0.174817197
    2.883594595    0.673849152    0.673858422    0.179506160
    2.893603604    0.647409357    0.647420619    0.184297092
    2.903612613    0.622364881    0.622376184    0.186351839
    2.913621622    0.599643038    0.599652128    0.184211242
    2.923630631    0.582579618    0.582584581    0.178732720
    2.933639640    0.574619779    0.574618822    0.171884179
    2.943648649    0.577542626    0.577534029    0.165316967
    2.953657658    0.591198636    0.591181441    0.160144667
    2.963666667    0.613745740    0.613720858    0.157170077
    2.973675676    0.642698563    0.642669392    0.156789043
    2.983684685    0.676644092    0.676615540    0.158847813
    2.993693694    0.715557366    0.715533678    0.162866489
    3.003702703    0.759449067    0.759432606    0.168394716
    3.013711712    0.807283515    0.807274813    0.175049615
    3.023720721    0.856392360    0.856390238    0.182554379
    3.033729730    0.903321335    0.903323985    0.191260866
    3.043738739    0.947548627    0.947555644    0.202380052
    3.053747748    0.992689660    0.992701564    0.217086656
    3.063756757    1.040235336    1.040250078    0.235119064
    3.073765766    1.083105966    1.083116573    0.253915403
    3.083774775    1.108880800    1.108877694    0.269226733
    3.093783784    1.110235615    1.110212841    0.277718526
    3.103792793    1.090068116    1.090027857    0.279631579
    3.113801802    1.058055122    1.058006567    0.278605550
    3.123810811    1.025958257    1.025913710    0.279253448
    3.133819820    1.003998560    1.003970169    0.284892978
    3.143828829    0.997934516    0.997931067    0.296197616
    3.153837838    1.006707312    1.006730425    0.310422582
    3.163846847    1.020493471    1.020535280    0.321669855
    3.173855856    1.023055042    1.023101338    0.323762356
    3.183864865    1.002258303    1.002297476    0.314841201
    3.193873874    0.960626176    0.960655386    0.298584536
    3.203882883    0.912366234    0.912388678    0.280482806
    3.213891892    0.871099539    0.871118876    0.264300062
    3.223900901    0.842285074    0.842303010    0.251730223
    3.233909910    0.823741890    0.823758476    0.243563240
    3.243918919    0.810763956    0.810778883    0.240543871
    3.253927928    0.800966530    0.800979929    0.243495133
    3.263936937    0.794392518    0.794404398    0.253045683
    3.273945946    0.790671802    0.790681276    0.269474285
    3.283954955    0.788228865    0.788234353    0.292555548
    3.293963964    0.786340900    0.786340649    0.320891475
    3.303972973    0.787248307    0.787240831    0.350941008
    3.313981982    0.795075320    0.795060609    0.376928282
    3.323990991    0.812259272    0.812240187    0.392767210
    3.334000000    0.837327873    0.837309421    0.395262703
    3.344009009    0.864964625    0.864950852    0.385429788
    3.354018018    0.887608237    0.887599671    0.367052676
    3.364027027    0.900082195    0.900076216    0.344928448
    3.374036036    0.904856745    0.904850633    0.323338707
    3.384045045    0.910501091    0.910494929    0.304958342
    3.394054054    0.924777126    0.924773234    0.291156866
    3.404063063    0.950587982    0.950587622    0.282888055
    3.414072072    0.986831544    0.986833467    0.281071038
    3.424081081    1.030803133    1.030805775    0.286423415
    3.434090090    1.077772584    1.077776541    0.299002654
    3.444099099    1.117231015    1.117238711    0.317786408
    3.454108108    1.132140630    1.132154241    0.340742709
    3.464117117    1.107245155    1.107265025    0.365389931
    3.474126126    1.040106150    1.040130586    0.388577912
    3.484135135    0.942122853    0.942148970    0.405115665
    3.494144144    0.830859145    0.830884139    0.408468580
    3.504153153    0.722578849    0.722601032    0.395617632
    3.514162162    0.628057535    0.628076458    0.370877485
    3.524171171    0.551910822    0.551926785    0.343071406
    3.534180180    0.494378251    0.494391799    0.319936117
    3.544189189    0.453381873    0.453393501    0.305667371
    3.554198198    0.425613938    0.425623959    0.301441988
    3.564207207    0.406824926    0.406833480    0.306460731
    3.574216216    0.392148632    0.392155835    0.318546372
    3.584225225    0.376969000    0.376975142    0.334382624
    3.594234234    0.358056318    0.358061911    0.349266351
    3.604243243    0.334575345    0.334580881    0.356873259
    3.614252252    0.308318398    0.308324031    0.351368554
    3.624261261    0.282522986    0.282528530    0.331826640
    3.634270270    0.260111459    0.260116662    0.303572738
    3.644279279    0.242787556    0.242792297    0.274175618
    3.654288288    0.231199557    0.231203870    0.249206878
    3.664297297    0.225461916    0.225465939    0.231292802
    3.674306306    0.225498720    0.225502688    0.221113995
    3.684315315    0.231044333    0.231048572    0.218417040
    3.694324324    0.241251519    0.241256410    0.222369444
    3.704333333    0.253942649    0.253948401    0.231275824
    3.714342342    0.264993591    0.264999814    0.242017130
    3.724351351    0.269107756    0.269113369    0.250110296
    3.734360360    0.262789848    0.262793854    0.251479772
    3.744369369    0.247176544    0.247178825    0.245324061
    3.754378378    0.227067189    0.227068293    0.234919388
    3.764387387    0.207369245    0.207369784    0.225095293
    3.774396396    0.190948874    0.190949284    0.219369132
    3.784405405    0.178660743    0.178661353    0.218885808
    3.794414414    0.170141021    0.170142134    0.222422149
    3.804423423    0.164533603    0.164535446    0.226647000
    3.814432432    0.161042159    0.161044803    0.227208206
    3.824441441    0.159226134    0.159229580    0.221263457
    3.834450450    0.158927029    0.158931406    0.209649047
    3.844459459    0.160011972    0.160017588    0.195989500
    3.854468468    0.162365331    0.162372514    0.183933476
    3.864477477    0.166073215    0.166082042    0.175534463
    3.874486486    0.171165503    0.171175573    0.171133662
    3.884495495    0.176932824    0.176943172    0.169694318
    3.894504505    0.181808581    0.181817985    0.169338642
    3.904513514    0.184427304    0.184434980    0.168397215
    3.914522523    0.184786349    0.184792315    0.166444213
    3.924531532    0.183930432    0.183935100    0.164163246
    3.934540541    0.182887618    0.182891352    0.162451248
    3.944549550    0.182491246    0.182494340    0.162072138
    3.954558559    0.183587809    0.183590433    0.163672850
    3.964567568    0.186519134    0.186521080    0.167437424
    3.974576577    0.190397524    0.190398178    0.172776566
    3.984585586    0.193220498    0.193219371    0.178778287
    3.994594595    0.192912239    0.192909603    0.185168644
    4.004603604    0.188579766    0.188576436    0.192611041
    4.014612613    0.181193973    0.181190463    0.201914876
    4.024621622    0.173054923    0.173051153    0.213040347
    4.034630631    0.166440809    0.166436464    0.224493289
    4.044639640    0.162746736    0.162741641    0.233423860
    4.054648649    0.162375116    0.162369401    0.237208461
    4.064657658    0.164791172    0.164785323    0.235640756
    4.074666667    0.168607295    0.168602061    0.230792310
    4.084675676    0.171919468    0.171915594    0.224541199
    4.094684685    0.173004603    0.173002411    0.217279016
    4.104693694    0.171212838    0.171211949    0.208995667
    4.114702703    0.167260785    0.167260446    0.200392691
    4.124711712    0.162461235    0.162460963    0.192455161
    4.134720721    0.157839367    0.157839197    0.185855433
    4.144729730    0.153831375    0.153831742    0.181231148
    4.154738739    0.150312020    0.150313417    0.179280099
    4.164747748    0.146867340    0.146869863    0.179999377
    4.174756757    0.143139644    0.143142924    0.181899894
    4.184765766    0.138915646    0.138919272    0.182250817
    4.194774775    0.134157850    0.134161631    0.178688055
    4.204783784    0.129117505    0.129121313    0.170824589
    4.214792793    0.124150870    0.124154507    0.159918267
    4.224801802    0.119349514    0.119352757    0.147424024
    4.234810811    0.114565021    0.114567694    0.134515844
    4.244819820    0.109753099    0.109755129    0.122311398
    4.254828829    0.105115360    0.105116709    0.111716300
    4.264837838    0.100897808    0.100898368    0.103114481
    4.274846847    0.097214107    0.097213720    0.096412379
    4.284855856    0.094196425    0.094194973    0.091340105
    4.294864865    0.092177271    0.092174710    0.087676586
    4.304873874    0.091557176    0.091553526    0.085294166
    4.314882883    0.092527627    0.092523027    0.084136769
    4.324891892    0.094868701    0.094863554    0.084157434
    4.334900901    0.097852644    0.097847723    0.085244512
    4.344909910    0.100356034    0.100352322    0.087281316
    4.354918919    0.101300291    0.101298468    0.090324293
    4.364927928    0.100247441    0.100247412    0.094668284
    4.374936937    0.097660059    0.097661057    0.100669499
    4.384945946    0.094548345    0.094549459    0.108385713
    4.394954955    0.091905596    0.091906141    0.117140775
    4.404963964    0.090395231    0.090394847    0.125207745
    4.414972973    0.090290968    0.090289661    0.130111927
    4.424981982    0.091507206    0.091505389    0.130051855
    4.434990991    0.093643875    0.093642289    0.125467332
    4.445000000    0.096179825    0.096179143    0.118762625
    4.455009009    0.098904979    0.098905270    0.112535046
    4.465018018    0.102182105    0.102182807    0.108378881
    4.475027027    0.106619663    0.106620117    0.106779862
    4.485036036    0.112485473    0.112485420    0.107384893
    4.495045045    0.119419238    0.119418991    0.109272719
    4.505054054    0.126668377    0.126668673    0.111379183
    4.515063063    0.133742897    0.133744473    0.113083186
    4.525072072    0.140933265    0.140936523    0.114497502
    4.535081081    0.149156915    0.149162016    0.116317381
    4.545090090    0.159357372    0.159364384    0.119500992
    4.555099099    0.172003885    0.172012524    0.124799986
    4.565108108    0.186802652    0.186811846    0.132196761
    4.575117117    0.202345222    0.202353290    0.140504214
    4.585126126    0.215807954    0.215813616    0.147486512
    4.595135135    0.223443756    0.223447027    0.150891305
    4.605144144    0.222386758    0.222388590    0.149937942
    4.615153153    0.212772957    0.212774131    0.145845768
    4.625162162    0.197880665    0.197881291    0.140911883
    4.635171171    0.181892978    0.181892818    0.137199333
    4.645180180    0.167682909    0.167681832    0.135847575
    4.655189189    0.156158061    0.156156224    0.136962482
    4.665198198    0.146760942    0.146758710    0.139723113
    4.675207207    0.138552140    0.138549846    0.142782758
    4.685216216    0.131212152    0.131209934    0.144984137
    4.695225225    0.125114305    0.125112171    0.145877322
    4.705234234    0.120659182    0.120657154    0.145801012
    4.715243243    0.117845229    0.117843337    0.145696826
    4.725252252    0.116426616    0.116424776    0.146597365
    4.735261261    0.116306706    0.116304667    0.149055041
    4.745270270    0.117722939    0.117720395    0.152967736
    4.755279279    0.121149844    0.121146634    0.157915608
    4.765288288    0.127097871    0.127094089    0.163708874
    4.775297297    0.135864836    0.135860813    0.170600133
    4.785306306    0.147247804    0.147244001    0.179191770
    4.795315315    0.160270389    0.160267157    0.190247692
    4.805324324    0.173104863    0.173102158    0.204142932
    4.815333333    0.183508173    0.183505472    0.220074921
    4.825342342    0.189915068    0.189911634    0.235734013
    4.835351351    0.192457554    0.192452923    0.248074960
    4.845360360    0.192685392    0.192679684    0.254989352
    4.855369369    0.192404803    0.192398438    0.256583268
    4.865378378    0.192951506    0.192944775    0.254651632
    4.875387387    0.194740699    0.194733963    0.250574870
    4.885396396    0.196699274    0.196693546    0.243872518
    4.895405405    0.196397619    0.196394494    0.232995824
    4.905414414    0.191644033    0.191644663    0.217457396
    4.915423423    0.182348382    0.182352690    0.198814531
    4.925432432    0.170573683    0.170580752    0.179598138
    4.935441441    0.159003180    0.159012000    0.161981687
    4.945450450    0.149524485    0.149534187    0.147318962
    4.955459459    0.142646844    0.142656504    0.136156473
    4.965468468    0.137654244    0.137662825    0.128403235
    4.975477477    0.133296316    0.133303071    0.123568946
    4.985486486    0.128668778    0.128673718    0.121033188
    4.995495495    0.123732286    0.123736063    0.120337864
    5.005504505    0.119206548    0.119209933    0.121331220
    5.015513514    0.116023487    0.116027029    0.123992304
    5.025522523    0.114809189    0.114813197    0.128137549
    5.035531532    0.115792722    0.115797393    0.133357025
    5.045540541    0.119071368    0.119076903    0.139325892
    5.055549550    0.124833009    0.124839583    0.146267596
    5.065558559    0.133246759    0.133254348    0.155031369
    5.075567568    0.144066469    0.144074602    0.166673690
    5.085576577    0.156156670    0.156164288    0.182013851
    5.095585586    0.167282737    0.167288351    0.201445597
    5.105594595    0.174695342    0.174697689    0.224839366
    5.115603604    0.176575174    0.176574074    0.251248691
    5.125612613    0.173057268    0.173053732    0.278414304
    5.135621622    0.165744360    0.165739726    0.302692104
    5.145630631    0.156536420    0.156531651    0.320087385
    5.155639640    0.146916458    0.146912101    0.327867016
    5.165648649    0.137958775    0.137955017    0.325777152
    5.175657658    0.130611743    0.130608430    0.316406909
    5.185666667    0.125619284    0.125616110    0.304068378
    5.195675676    0.123116621    0.123113364    0.292477439
    5.205684685    0.122341915    0.122338533    0.282746138
    5.215693694    0.121786155    0.121782721    0.273146914
    5.225702703    0.119987337    0.119983880    0.261106784
    5.235711712    0.116535048    0.116531468    0.246022525
    5.245720721    0.112168691    0.112164863    0.230065095
    5.255729730    0.107880638    0.107876560    0.216263598
    5.265738739    0.104128798    0.104124700    0.206404664
    5.275747748    0.100731113    0.100727433    0.200406343
    5.285756757    0.097295870    0.097293000    0.196689715
    5.295765766    0.093723989    0.093722033    0.193083815
    5.305774775    0.090268609    0.090267491    0.188214820
    5.315783784    0.087209182    0.087208893    0.182419869
    5.325792793    0.084676587    0.084677201    0.177168625
    5.335801802    0.082794457    0.082796007    0.173840837
    5.345810811    0.081765366    0.081767818    0.173044095
    5.355819820    0.081733728    0.081737007    0.174460454
    5.365828829    0.082646054    0.082649945    0.177022379
    5.375837838    0.084182804    0.084186806    0.179549059
    5.385846847    0.085738593    0.085741972    0.181559544
    5.395855856    0.086645351    0.086647525    0.183528045
    5.405864865    0.086624695    0.086625600    0.186404359
    5.415873874    0.085932669    0.085932654    0.190712420
    5.425882883    0.085033781    0.085033260    0.195759035
    5.435891892    0.084346592    0.084345891    0.199828123
    5.445900901    0.084282499    0.084281875    0.201652781
    5.455909910    0.085255927    0.085255593    0.201797278
    5.465918919    0.087512988    0.087513133    0.202245669
    5.475927928    0.090969952    0.090970743    0.204805747
    5.485936937    0.095242145    0.095243670    0.210132218
    5.495945946    0.099886412    0.099888678    0.217838006
    5.505954955    0.104706942    0.104710020    0.227215306
    5.515963964    0.109797041    0.109801121    0.237994620
    5.525972973    0.115133093    0.115138186    0.250275510
    5.535981982    0.120079395    0.120084881    0.263214975
    5.545990991    0.123458291    0.123462950    0.273659163
    5.556000000    0.124460219    0.124463042    0.276872890
    5.566009009    0.123564120    0.123565062    0.270032617
    5.576018018    0.122193108    0.122192855    0.255027242
    5.586027027    0.121489896    0.121489208    0.236786621
    5.596036036    0.121650372    0.121649790    0.219515000
    5.606045045    0.122182421    0.122182346    0.204998770
    5.616054054    0.122522654    0.122523444    0.193244981
    5.626063063    0.122487389    0.122489198    0.183818507
    5.636072072    0.122331556    0.122334119    0.176644583
    5.646081081    0.122426179    0.122428936    0.171973627
    5.656090090    0.122879148    0.122881613    0.170045709
    5.666099099    0.123415758    0.123417687    0.170862851
    5.676108108    0.123520924    0.123522210    0.174183184
    5.686117117    0.122762292    0.122762835    0.179740074
    5.696126126    0.121187672    0.121187396    0.187359369
    5.706135135    0.119401212    0.119400156    0.196787548
    5.716144144    0.118105340    0.118103714    0.207623740
    5.726153153    0.117587744    0.117585897    0.219573592
    5.736162162    0.117731498    0.117729796    0.232447242
    5.746171171    0.118458751    0.118457433    0.245556659
    5.756180180    0.119986239    0.119985387    0.257546428
    5.766189189    0.122624154    0.122623770    0.267465898
    5.776198198    0.126419657    0.126419719    0.275575541
    5.786207207    0.130962439    0.130962895    0.282442624
    5.796216216    0.135445428    0.135446284    0.287913818
    5.806225225    0.138928136    0.138929596    0.291581067
    5.816234234    0.140650644    0.140653041    0.293640408
    5.826243243    0.140256034    0.140259395    0.294870110
    5.836252252    0.137875505    0.137879236    0.296351018
    5.846261261    0.134152311    0.134155573    0.299367349
    5.856270270    0.130182027    0.130184361    0.304749904
    5.866279279    0.127103975    0.127105404    0.311760644
    5.876288288    0.125594129    0.125594901    0.318120133
    5.886297297    0.125758079    0.125758469    0.321876861
    5.896306306    0.127379252    0.127379473    0.323158105
    5.906315315    0.130169063    0.130169250    0.323860429
    5.916324324    0.133873022    0.133873259    0.326254119
    5.926333333    0.138387177    0.138387523    0.332056312
    5.936342342    0.143936908    0.143937400    0.341964867
    5.946351351    0.151073361    0.151074026    0.355365347
    5.956360360    0.160412212    0.160413114    0.370635896
    5.966369369    0.172374504    0.172375782    0.386150691
    5.976378378    0.187008863    0.187010708    0.400545492
    5.986387387    0.203610667    0.203613125    0.411472326
    5.996396396    0.220186844    0.220189520    0.415514265
    6.006405405    0.233615934    0.233618028    0.411046881
    6.016414414    0.241013634    0.241014603    0.400344481
    6.026423423    0.241182324    0.241182392    0.387860763
    6.036432432    0.234885334    0.234885138    0.377490953
    6.046441441    0.224315249    0.224315258    0.371742069
    6.056450450    0.212329840    0.212330158    0.372497449
    6.066459459    0.201447407    0.201447842    0.381707234
    6.076468468    0.193075886    0.193076090    0.400967392
    6.086477477    0.187431325    0.187430905    0.430385006
    6.096486486    0.183970871    0.183969516    0.467383487
    6.106495495    0.181864119    0.181861741    0.506205044
    6.116504505    0.180156885    0.180153701    0.539860387
    6.126513514    0.177908422    0.177904890    0.564642224
    6.136522523    0.174651826    0.174648445    0.582235656
    6.146531532    0.170648786    0.170645935    0.595847078
    6.156540541    0.166542402    0.166540291    0.605636130
    6.166549550    0.162969222    0.162967879    0.609858813
    6.176558559    0.160488978    0.160488278    0.609190155
    6.186567568    0.159619500    0.159619273    0.606776075
    6.196576577    0.160827813    0.160827958    0.603857930
    6.206585586    0.164479424    0.164479901    0.597200331
    6.216594595    0.170844106    0.170844859    0.581599751
    6.226603604    0.180159843    0.180160762    0.555009270
    6.236612613    0.192557596    0.192558557    0.520307755
    6.246621622    0.207822712    0.207823642    0.482644414
    6.256630631    0.225185377    0.225186138    0.446632390
    6.266639640    0.243096185    0.243096243    0.415230469
    6.276648649    0.258964883    0.258963197    0.390073519
    6.286657658    0.269680096    0.269675762    0.372252488
    6.296666667    0.273571153    0.273564330    0.362301192
    6.306675676    0.272007620    0.271999629    0.359772645
    6.316684685    0.268321330    0.268313767    0.363506192
    6.326693694    0.265389596    0.265383509    0.372818066
    6.336702703    0.264522196    0.264517859    0.388567281
    6.346711712    0.265902871    0.265900004    0.412796859
    6.356720721    0.269479000    0.269477195    0.447295793
    6.366729730    0.275536099    0.275535233    0.492274630
    6.376738739    0.284861247    0.284861487    0.545505127
    6.386747748    0.298520848    0.298522257    0.602099131
    6.396756757    0.317224465    0.317226743    0.656059065
    6.406765766    0.340651254    0.340653745    0.704152423
    6.416774775    0.367412702    0.367414523    0.748476996
    6.426783784    0.395828860    0.395829238    0.793703261
    6.436792793    0.424900455    0.424899126    0.841605626
    6.446801802    0.454477096    0.454474099    0.886761344
    6.456810811    0.483991467    0.483986409    0.915164861
    6.466819820    0.511276641    0.511268962    0.910364565
    6.476828829    0.534012335    0.534003197    0.866656105
    6.486837838    0.552764822    0.552758428    0.795005182
    6.496846847    0.571201183    0.571203178    0.714264771
    6.506855856    0.592142656    0.592156875    0.639682442
    6.516864865    0.613899964    0.613926239    0.578577837
    6.526873874    0.631213060    0.631246898    0.531334244
    6.536882883    0.639695444    0.639729345    0.493840188
    6.546891892    0.638955569    0.638981822    0.460680332
    6.556900901    0.632042100    0.632056612    0.428667257
    6.566909910    0.622957111    0.622961647    0.398034939
    6.576918919    0.614812379    0.614812193    0.370365164
    6.586927928    0.609616433    0.609615751    0.346372077
    6.596936937    0.609407188    0.609407221    0.325470982
    6.606945946    0.617611961    0.617611974    0.306248768
    6.616954955    0.638601790    0.638600808    0.287179785
    6.626963964    0.675449578    0.675447233    0.267588505
    6.636972973    0.727456828    0.727453578    0.248225943
    6.646981982    0.788204735    0.788201668    0.230678572
    6.656990991    0.845478477    0.845476281    0.216225183
    6.667000000    0.885055900    0.885053733    0.205333133
    6.677009009    0.897494832    0.897491352    0.197921143
    6.687018018    0.883388558    0.883384056    0.193872733
    6.697027027    0.853258111    0.853254217    0.193379885
    6.707036036    0.821724461    0.821722864    0.196894390
    6.717045045    0.799982488    0.799984674    0.204799959
    6.727054054    0.792179342    0.792185968    0.216995757
    6.737063063    0.796147263    0.796156774    0.232376506
    6.747072072    0.805397945    0.805406532    0.248416086
    6.757081081    0.811116795    0.811121015    0.261736693
    6.767090090    0.805187726    0.805187617    0.270178855
    6.777099099    0.784751453    0.784750483    0.274399085
    6.787108108    0.754358185    0.754360475    0.276428538
    6.797117117    0.721854493    0.721862561    0.276692238
    6.807126126    0.691910455    0.691924230    0.273195111
    6.817135135    0.663314398    0.663331039    0.263944688
    6.827144144    0.631853513    0.631868789    0.249824402
    6.837153153    0.596033063    0.596043895    0.234392440
    6.847162162    0.559446523    0.559452135    0.221397552
    6.857171171    0.527580063    0.527581099    0.213212920
    6.867180180    0.504048947    0.504046394    0.210919110
    6.877189189    0.490067702    0.490062520    0.214952567
    6.887198198    0.485961421    0.485954610    0.225560510
    6.897207207    0.492157648    0.492150316    0.242887498
    6.907216216    0.509043639    0.509036803    0.266679762
    6.917225225    0.536709866    0.536704164    0.295544897
    6.927234234    0.575041060    0.575036626    0.325900573
    6.937243243    0.623729327    0.623725936    0.351407630
    6.947252252    0.681679105    0.681676595    0.364486302
    6.957261261    0.745627481    0.745626081    0.360529563
    6.967270270    0.809186100    0.809186271    0.341158341
    6.977279279    0.864056773    0.864058723    0.312544225
    6.987288288    0.903225481    0.903228697    0.281392817
    6.997297297    0.923636564    0.923639971    0.252467923
    7.007306306    0.925105647    0.925108804    0.228002511
    7.017315315    0.907658458    0.907662383    0.208319957
    7.027324324    0.873055475    0.873061543    0.192917306
    7.037333333    0.828237930    0.828246250    0.181263203
    7.047342342    0.784024180    0.784033477    0.173011732
    7.057351351    0.749615743    0.749624234    0.167802651
    7.067360360    0.728436970    0.728443134    0.165074203
    7.077369369    0.717470426    0.717473605    0.164176964
    7.087378378    0.709166308    0.709167086    0.164678278
    7.097387387    0.695602019    0.695601885    0.166474064
    7.107396396    0.672825881    0.672826437    0.169578987
    7.117405405    0.641750580    0.641752816    0.173979808
    7.127414414    0.606531636    0.606535197    0.179760928
    7.137423423    0.572839813    0.572842990    0.187159455
    7.147432432    0.545795045    0.545795728    0.196383345
    7.157441441    0.528468473    0.528465088    0.207625355
    7.167450450    0.521867961    0.521860028    0.221502514
    7.177459459    0.525273555    0.525262036    0.239264720
    7.187468468    0.536159776    0.536146963    0.262277336
    7.197477477    0.550495766    0.550484267    0.291204600
    7.207486486    0.564274330    0.564265611    0.325143130
    7.217495495    0.575740804    0.575734528    0.360610394
    7.227504505    0.586486250    0.586480733    0.391287691
    7.237513514    0.599884240    0.599877269    0.410298181
    7.247522523    0.618380307    0.618369864    0.414400707
    7.257531532    0.642845023    0.642830333    0.405882531
    7.267540541    0.673918541    0.673901019    0.390224850
    7.277549550    0.712396969    0.712379714    0.373052594
    7.287558559    0.757489321    0.757475767    0.358963423
    7.297567568    0.805114447    0.805107561    0.350749984
    7.307576577    0.848396745    0.848398231    0.348283034
    7.317585586    0.879191561    0.879200598    0.348347540
    7.327594595    0.890060287    0.890073344    0.346379729
    7.337603604    0.878079510    0.878092473    0.339364030
    7.347612613    0.847423963    0.847434410    0.327577433
    7.357621622    0.807471542    0.807478648    0.313881246
    7.367630631    0.768075232    0.768078718    0.301359896
    7.377639640    0.734394117    0.734394334    0.291106193
    7.387648649    0.704522766    0.704521285    0.281849838
    7.397657658    0.672287561    0.672286682    0.271643540
    7.407666667    0.633362695    0.633363850    0.259945691
    7.417675676    0.589137260    0.589140185    0.248074439
    7.427684685    0.545193322    0.545196758    0.238151937
    7.437693694    0.507444079    0.507446828    0.231998682
    7.447702703    0.479772462    0.479773752    0.230568252
    7.457711712    0.463872752    0.463872125    0.233849828
    7.467720721    0.460122620    0.460119821    0.241083397
    7.477729730    0.468464141    0.468459075    0.251161870
    7.487738739    0.488854714    0.488847440    0.263076151
    7.497747748    0.520857919    0.520848785    0.276078938
    7.507756757    0.562215949    0.562205817    0.289327630
    7.517765766    0.607468038    0.607458340    0.301605910
    7.527774775    0.648884096    0.648876275    0.311664464
    7.537783784    0.680649051    0.680643315    0.318560762
    7.547792793    0.702391176    0.702385936    0.322067163
    7.557801802    0.717199947    0.717193347    0.323610057
    7.567810811    0.726502728    0.726494767    0.326342611
    7.577819820    0.728203205    0.728195652    0.333594807
    7.587828829    0.719147561    0.719141913    0.347172777
    7.597837838    0.697819366    0.697815651    0.366677599
    7.607846847    0.665508104    0.665505704    0.389855683
    7.617855856    0.625937881    0.625936678    0.413169071
    7.627864865    0.583358860    0.583359149    0.431447396
    7.637873874    0.541485459    0.541487329    0.437884933
    7.647882883    0.503942665    0.503945955    0.427671611
    7.657891892    0.474282588    0.474287134    0.402821504
    7.667900901    0.455217796    0.455223409    0.371175694
    7.677909910    0.447996189    0.448002436    0.340588883
    7.687918919    0.452112103    0.452118275    0.315181100
    7.697927928    0.465078631    0.465084175    0.295522687
    7.707936937    0.482307842    0.482313031    0.280537190
    7.717945946    0.498015508    0.498021651    0.269289569
    7.727954955    0.507891158    0.507899843    0.261747625
    7.737963964    0.511062371    0.511073904    0.258413587
    7.747972973    0.508404745    0.508417145    0.259684520
    7.757981982    0.500016903    0.500026971    0.265670608
    7.767990991    0.485834011    0.485839793    0.276350942
    7.778000000    0.467326307    0.467328183    0.291779048
    7.788009009    0.446838609    0.446838271    0.312374419
    7.798018018    0.426107099    0.426106362    0.339078970
    7.808027027    0.406581352    0.406581810    0.372848410
    7.818036036    0.390250728    0.390253604    0.413697311
    7.828045045    0.378889885    0.378895565    0.460342121
    7.838054054    0.372815006    0.372822672    0.511214282
    7.848063063    0.370971148    0.370979175    0.566185686
    7.858072072    0.372364546    0.372371625    0.627310937
    7.868081081    0.377334067    0.377340003    0.697387377
    7.878090090    0.387222873    0.387228287    0.775718433
    7.888099099    0.402871951    0.402877403    0.852848824
    7.898108108    0.423647779    0.423653131    0.910114607
    7.908117117    0.448164548    0.448168935    0.929627477
    7.918126126    0.476077410    0.476079823    0.908977798
    7.928135135    0.508435819    0.508435677    0.863509654
    7.938144144    0.545423267    0.545420483    0.812742332
    7.948153153    0.584020917    0.584015794    0.767128046
    7.958162162    0.617810477    0.617803978    0.725710384
    7.968171171    0.638500116    0.638494121    0.682289543
    7.978180180    0.639579928    0.639576152    0.633553276
    7.988189189    0.621308712    0.621306995    0.582369741
    7.998198198    0.591141042    0.591139625    0.534329852
    8.008207207    0.558033959    0.558031265    0.493231744
    8.018216216    0.527126873    0.527122583    0.459966839
    8.028225225    0.498946022    0.498941038    0.433250716
    8.038234234    0.471728322    0.471723904    0.410435163
    8.048243243    0.444202618    0.444199432    0.389005092
    8.058252252    0.416666276    0.416664479    0.368338821
    8.068261261    0.390100401    0.390100237    0.349948954
    8.078270270    0.365313196    0.365314850    0.336122911
    8.088279279    0.342988774    0.342991784    0.328589811
    8.098288288    0.323691891    0.323695276    0.328143955
    8.108297297    0.307701880    0.307704899    0.334968199
    8.118306306    0.295205583    0.295208116    0.348870984
    8.128315315    0.286595776    0.286598079    0.369032381
    8.138324324    0.282388665    0.282391025    0.393804587
    8.148333333    0.282648256    0.282650865    0.420737226
    8.158342342    0.286223238    0.286226235    0.445754830
    8.168351351    0.290343642    0.290347040    0.462135169
    8.178360360    0.291232615    0.291235982    0.462991639
    8.188369369    0.286028207    0.286030710    0.447078587
    8.198378378    0.274726918    0.274728014    0.420589058
    8.208387387    0.259966092    0.259965930    0.392224643
    8.218396396    0.245019386    0.245018525    0.368135744
    8.228405405    0.232357548    0.232356592    0.350746041
    8.238414414    0.223375782    0.223375223    0.339495046
    8.248423423    0.218630008    0.218630166    0.331793407
    8.258432432    0.218198172    0.218199170    0.324479740
    8.268441441    0.221790147    0.221791925    0.315717006
    8.278450450    0.228342126    0.228344450    0.305867579
    8.288459459    0.235533109    0.235535547    0.296426935
    8.298468468    0.240283496    0.240285522    0.288531212
    8.308477477    0.240616382    0.240617656    0.282688120
    8.318486486    0.237043105    0.237043567    0.279125123
    8.328495495    0.231588925    0.231588591    0.277849971
    8.338504505    0.225884522    0.225883332    0.278649570
    8.348513514    0.220421829    0.220419712    0.280991557
    8.358522523    0.214982170    0.214979212    0.283871835
    8.368531532    0.209342610    0.209339110    0.286252413
    8.378540541    0.203392988    0.203389385    0.287481361
    8.388549550    0.196710607    0.196707359    0.286627639
    8.398558559    0.188628647    0.188626052    0.281903841
    8.408567568    0.179072131    0.179070155    0.271965243
    8.418576577    0.168913980    0.168912461    0.257876358
    8.428585586    0.159204681    0.159203745    0.242820656
    8.438594595    0.150480269    0.150480306    0.230022303
    8.448603604    0.142977290    0.142978496    0.221512272
    8.458612613    0.137078782    0.137080934    0.218155266
    8.468621622    0.133273450    0.133276147    0.219921173
    8.478630631    0.131854488    0.131857406    0.225882740
    8.488639640    0.132793488    0.132796444    0.234119496
    8.498648649    0.135838687    0.135841628    0.242214078
    8.508657658    0.140688796    0.140691774    0.248696888
    8.518666667    0.147041687    0.147044816    0.254110666
    8.528675676    0.154400604    0.154404011    0.260109646
    8.538684685    0.161871509    0.161875259    0.267643772
    8.548693694    0.168351389    0.168355307    0.276188717
    8.558702703    0.172981366    0.172984899    0.284221336
    8.568711712    0.175377658    0.175380148    0.290304262
    8.578720721    0.175710662    0.175711898    0.294399215
    8.588729730    0.174820424    0.174820762    0.298581449
    8.598738739    0.173893199    0.173893180    0.306185447
    8.608747748    0.173628861    0.173628851    0.320063703
    8.618756757    0.173798923    0.173799056    0.341368940
    8.628765766    0.173687735    0.173688005    0.368963503
    8.638774775    0.172897164    0.172897493    0.398961824
    8.648783784    0.171668238    0.171668438    0.425017043
    8.658792793    0.170398736    0.170398519    0.440745928
    8.668801802    0.169071004    0.169070223    0.443681281
    8.678810811    0.167395582    0.167394510    0.437247279
    8.688819820    0.165391438    0.165390619    0.428492166
    8.698828829    0.163582953    0.163582704    0.423797723
    8.708837838    0.162605310    0.162605477    0.426233012
    8.718846847    0.162758901    0.162759060    0.435501220
    8.728855856    0.163963700    0.163963445    0.449105370
    8.738864865    0.165971517    0.165970572    0.463152762
    8.748873874    0.168549995    0.168548240    0.472783214
    8.758882883    0.171501593    0.171499174    0.473721651
    8.768891892    0.174486800    0.174484214    0.464580573
    8.778900901    0.176943847    0.176941784    0.447273600
    8.788909910    0.178486852    0.178485856    0.425510835
    8.798918919    0.179468401    0.179468660    0.403045711
    8.808927928    0.180910170    0.180911603    0.382208791
    8.818936937    0.183769123    0.183771564    0.363643795
    8.828945946    0.188306797    0.188310010    0.347150995
    8.838954955    0.194000036    0.194003562    0.332415815
    8.848963964    0.199797607    0.199800748    0.319448794
    8.858972973    0.204534923    0.204537065    0.308936474
    8.868981982    0.207413293    0.207414252    0.301990718
    8.878990991    0.208241194    0.208241168    0.299109014
    8.889000000    0.207281438    0.207280733    0.299300499
    8.899009009    0.204959940    0.204958793    0.300207570
    8.909018018    0.201753019    0.201751557    0.299257829
    8.919027027    0.198156970    0.198155270    0.295332148
    8.929036036    0.194504634    0.194502871    0.289580719
    8.939045045    0.190832755    0.190831232    0.284443346
    8.949054054    0.187147798    0.187146759    0.282057326
    8.959063063    0.183841463    0.183840939    0.283438500
    8.969072072    0.181642235    0.181642043    0.288467046
    8.979081081    0.181115458    0.181115292    0.296420499
    8.989090090    0.182352993    0.182352582    0.306747685
    8.999099099    0.185122381    0.185121596    0.319279778
    9.009108108    0.189089345    0.189088124    0.333615563
    9.019117117    0.193848587    0.193846865    0.348693928
    9.029126126    0.198938881    0.198936704    0.363328430
    9.039135135    0.203948739    0.203946441    0.376812784
    9.049144144    0.208620591    0.208618683    0.388532393
    9.059153153    0.212904495    0.212903284    0.397280758
    9.069162162    0.216992335    0.216991628    0.401364185
    9.079171171    0.221283966    0.221283162    0.399551247
    9.089180180    0.226086541    0.226085062    0.392041130
    9.099189189    0.231185242    0.231182918    0.380633247
    9.109198198    0.235909477    0.235906552    0.368350565
    9.119207207    0.239869214    0.239865970    0.358635097
    9.129216216    0.243455774    0.243452140    0.354070296
    9.139225225    0.247459275    0.247454868    0.355619210
    9.149234234    0.252472981    0.252467540    0.362899496
    9.159243243    0.258820133    0.258813925    0.374721005
    9.169252252    0.266921157    0.266915096    0.389130811
    9.179261261    0.277572469    0.277567826    0.403022544
    9.189270270    0.291685268    0.291683096    0.411946146
    9.199279279    0.309528011    0.309528726    0.411293288
    9.209288288    0.329974098    0.329977476    0.399372532
    9.219297297    0.350107476    0.350112810    0.379470832
    9.229306306    0.365834210    0.365840416    0.357605331
    9.239315315    0.374334307    0.374340093    0.338559595
    9.249324324    0.376639250    0.376643500    0.324415762
    9.259333333    0.377017610    0.377019808    0.315245441
    9.269342342    0.379801082    0.379801371    0.309795829
    9.279351351    0.387192698    0.387191560    0.305870482
    9.289360360    0.399253330    0.399251178    0.301159365
    9.299369369    0.414747564    0.414744558    0.294525354
    9.309378378    0.431736394    0.431732645    0.286720927
    9.319387387    0.448122008    0.448117946    0.279597167
    9.329396396    0.462495677    0.462492145    0.274592390
    9.339405405    0.474593906    0.474591747    0.272050362
    9.349414414    0.484667070    0.484666515    0.271633279
    9.359423423    0.492424442    0.492424849    0.272876038
    9.369432432    0.496511118    0.496511278    0.275236878
    9.379441441    0.494924695    0.494923569    0.278026949
    9.389450450    0.486427282    0.486424562    0.280614187
    9.399459459    0.471954563    0.471950639    0.282585521
    9.409468468    0.454362600    0.454358176    0.283766590
    9.419477477    0.436710324    0.436706161    0.284395711
    9.429486486    0.421137814    0.421134591    0.285248453
    9.439495495    0.409080462    0.409078564    0.287355654
    9.449504505    0.401610549    0.401609974    0.291427472
    9.459513514    0.399143885    0.399144389    0.297396361
    9.469522523    0.400845001    0.400846248    0.304498188
    9.479531532    0.404478310    0.404479981    0.311681727
    9.489540541    0.407258809    0.407260668    0.317785177
    9.499549550    0.407293478    0.407295328    0.321666429
    9.509558559    0.404439957    0.404441545    0.322775075
    9.519567568    0.399948461    0.399949531    0.321817015
    9.529576577    0.395710878    0.395711317    0.320584861
    9.539585586    0.393725915    0.393725770    0.320856092
    9.549594595    0.395453955    0.395453283    0.323460937
    9.559603604    0.401281308    0.401280133    0.328236685
    9.569612613    0.410581637    0.410580084    0.334582581
    9.579621622    0.422188374    0.422186714    0.342031623
    9.589630631    0.434851648    0.434850103    0.350560822
    9.599639640    0.447734367    0.447732942    0.360625328
    9.609648649    0.460866608    0.460865067    0.372906112
    9.619657658    0.474835609    0.474833404    0.387630054
    9.629666667    0.489866943    0.489863188    0.403710437
    9.639675676    0.505227363    0.505221283    0.418952111
    9.649684685    0.519078886    0.519070614    0.431966664
    9.659693694    0.529165191    0.529156018    0.443875461
    9.669702703    0.534262875    0.534254577    0.457574762
    9.679711712    0.534823551    0.534817503    0.475746386
    9.689720721    0.532027387    0.532024139    0.499542731
    9.699729730    0.526245292    0.526244567    0.527833291
    9.709738739    0.516697308    0.516698267    0.557181107
    9.719747748    0.502974951    0.502976629    0.583429837
    9.729756757    0.486600309    0.486601999    0.603990957
    9.739765766    0.470719028    0.470720376    0.618732678
    9.749774775    0.458630704    0.458631489    0.629288285
    9.759783784    0.452598046    0.452597911    0.638104579
    9.769792793    0.453330361    0.453328922    0.647980567
    9.779801802    0.459871835    0.459869056    0.661619528
    9.789810811    0.469858271    0.469854566    0.680691498
    9.799819820    0.480410258    0.480406224    0.704635117
    9.809828829    0.489478787    0.489475004    0.730529594
    9.819837838    0.496515477    0.496512516    0.754757341
    9.829846847    0.501725870    0.501724221    0.774614710
    9.839855856    0.505133044    0.505132852    0.788756637
    9.849864865    0.506808605    0.506809492    0.797346530
    9.859873874    0.507693770    0.507695037    0.802043672
    9.869882883    0.509698206    0.509699274    0.804655470
    9.879891892    0.514840719    0.514841497    0.804814785
    9.889900901    0.524269669    0.524270616    0.800009185
    9.899909910    0.537953012    0.537954914    0.788883516
    9.909918919    0.554708758    0.554712248    0.773535253
    9.919927928    0.571886790    0.571891844    0.757672139
    9.929936937    0.585683127    0.585689026    0.743790099
    9.939945946    0.593414768    0.593420557    0.732985649
    9.949954955    0.596145424    0.596150438    0.725854537
    9.959963964    0.598537106    0.598541123    0.722438199
    9.969972973    0.606071952    0.606074956    0.721732107
    9.979981982    0.622566897    0.622568863    0.721346388
    9.989990991    0.649619337    0.649620413    0.717981152
   10.000000000    0.687221709    0.687222543    0.709519980
