# energy grid [eV]     epsi_x  epsi_y  epsi_z
#
    0.001000000    1.125165397    1.125200474    0.000311828
    0.011009009   12.462351447   12.462740541    0.003452311
    0.021018018   24.181475912   24.182234208    0.006691240
    0.031027027   36.652117066   36.653275882    0.010124974
    0.041036036   50.286172867   50.287784280    0.013863424
    0.051045045   65.561187253   65.563330258    0.018038232
    0.061054054   83.055681707   83.058466284    0.022813044
    0.071063063  103.512305762  103.515871059    0.028396615
    0.081072072  127.929494205  127.934007812    0.035059134
    0.091081081  157.645102385  157.650774220    0.043150752
    0.101090090  194.373692611  194.380797680    0.053117175
    0.111099099  240.169510404  240.178397271    0.065496484
    0.121108108  297.195109251  297.206168327    0.080856573
    0.131117117  366.975277402  366.988823143    0.099585361
    0.141126126  448.618855934  448.634844458    0.121390864
    0.151135135  535.730190306  535.747754752    0.144431204
    0.161144144  613.531521219  613.548694758    0.164514253
    0.171153153  661.203107022  661.217605398    0.175829041
    0.181162162  663.396722390  663.407705988    0.174302221
    0.191171171  622.452068661  622.460744396    0.160925364
    0.201180180  556.512688522  556.520968957    0.140853243
    0.211189189  486.153869539  486.163059605    0.119556051
    0.221198198  424.466863480  424.477268830    0.100381408
    0.231207207  375.591188335  375.602008027    0.084516080
    0.241216216  337.235142687  337.244473757    0.071862147
    0.251225225  303.917808702  303.923400100    0.061795985
    0.261234234  270.738430575  270.739272881    0.053644659
    0.271243243  236.373290249  236.370386489    0.046932211
    0.281252252  202.714884056  202.710169225    0.041396788
    0.291261261  172.168445847  172.163398598    0.036877626
    0.301270270  145.925968574  145.921251295    0.033230482
    0.311279279  124.001118114  123.996921867    0.030311669
    0.321288288  105.879950359  105.876339975    0.027989219
    0.331297297   90.959907498   90.956913074    0.026151954
    0.341306306   78.685730563   78.683326567    0.024711498
    0.351315315   68.568233024   68.566343456    0.023600321
    0.361324324   60.190415727   60.188944259    0.022768656
    0.371333333   53.210271373   53.209125279    0.022181700
    0.381342342   47.355614437   47.354714859    0.021817559
    0.391351351   42.413637015   42.412920467    0.021665954
    0.401360360   38.219353852   38.218770128    0.021727330
    0.411369369   34.645153212   34.644662603    0.022011492
    0.421378378   31.591819437   31.591390735    0.022533625
    0.431387387   28.980175693   28.979786089    0.023303177
    0.441396396   26.741700798   26.741338810    0.024298024
    0.451405405   24.806852215   24.806523529    0.025418658
    0.461414414   23.094319460   23.094050100    0.026442518
    0.471423423   21.514273184   21.514097382    0.027054454
    0.481432432   19.997482108   19.997413701    0.027022206
    0.491441441   18.527283567   18.527300989    0.026386173
    0.501450450   17.131586420   17.131650801    0.025419161
    0.511459459   15.844721189   15.844800921    0.024412497
    0.521468468   14.683308543   14.683386873    0.023541292
    0.531477477   13.646183220   13.646254127    0.022866518
    0.541486486   12.722866663   12.722929353    0.022385434
    0.551495495   11.900243610   11.900299146    0.022071307
    0.561504505   11.165854181   11.165903969    0.021893414
    0.571513514   10.509057250   10.509102497    0.021824591
    0.581522523    9.921227716    9.921269301    0.021843025
    0.591531532    9.395594585    9.395633074    0.021931919
    0.601540541    8.926939906    8.926975591    0.022078575
    0.611549550    8.511144627    8.511177557    0.022273465
    0.621558559    8.144398757    8.144428726    0.022509475
    0.631567568    7.821841610    7.821868134    0.022781316
    0.641576577    7.535867243    7.535889603    0.023085106
    0.651585586    7.275856793    7.275874330    0.023418066
    0.661594595    7.032093834    7.032106431    0.023778323
    0.671603604    6.802272344    6.802280414    0.024164779
    0.681612613    6.592958026    6.592961726    0.024577054
    0.691621622    6.414453894    6.414452646    0.025015461
    0.701630631    6.276728204    6.276721058    0.025481048
    0.711639640    6.189454722    6.189440621    0.025975676
    0.721648649    6.163049348    6.163026804    0.026502136
    0.731657658    6.209165783    6.209132517    0.027064250
    0.741666667    6.340680708    6.340633595    0.027666802
    0.751675676    6.569937870    6.569873122    0.028314979
    0.761684685    6.902457387    6.902371049    0.029012627
    0.771693694    7.322706368    7.322595377    0.029758412
    0.781702703    7.772927605    7.772791368    0.030540170
    0.791711712    8.143775747    8.143616873    0.031332571
    0.801720721    8.315628307    8.315450121    0.032108794
    0.811729730    8.249755799    8.249557205    0.032865945
    0.821738739    8.032415409    8.032188476    0.033637416
    0.831747748    7.809871877    7.809605031    0.034474778
    0.841756757    7.697845738    7.697531031    0.035421487
    0.851765766    7.741889967    7.741534909    0.036498481
    0.861774775    7.910528084    7.910173342    0.037696818
    0.871783784    8.093052358    8.092784916    0.038974076
    0.881792793    8.122739789    8.122669602    0.040267979
    0.891801802    7.862068120    7.862253126    0.041532241
    0.901810811    7.303660058    7.304051695    0.042753525
    0.911819820    6.568783930    6.569269701    0.043904587
    0.921828829    5.805465654    5.805948674    0.044881483
    0.931837838    5.109585309    5.110016191    0.045534973
    0.941846847    4.517143275    4.517509290    0.045805650
    0.951855856    4.028442102    4.028748352    0.045803015
    0.961864865    3.629630720    3.629888014    0.045722001
    0.971873874    3.304097228    3.304316618    0.045717839
    0.981882883    3.036954915    3.037145867    0.045864053
    0.991891892    2.816243899    2.816414018    0.046175108
    1.001900901    2.632860865    2.633016144    0.046638294
    1.011909910    2.480106753    2.480251932    0.047233472
    1.021918919    2.353177489    2.353316341    0.047941736
    1.031927928    2.248652056    2.248787495    0.048748186
    1.041936937    2.163875141    2.164009021    0.049642270
    1.051945946    2.096022202    2.096154630    0.050617360
    1.061954955    2.040705441    2.040833735    0.051670250
    1.071963964    1.990693535    1.990812020    0.052800790
    1.081972973    1.936800370    1.936903260    0.054011714
    1.091981982    1.872606381    1.872693198    0.055308618
    1.101990991    1.799241693    1.799318927    0.056699900
    1.112000000    1.723945539    1.724021943    0.058196237
    1.122009009    1.654298430    1.654380260    0.059808557
    1.132018018    1.594553440    1.594643824    0.061542480
    1.142027027    1.545143209    1.545243964    0.063386535
    1.152036036    1.503075127    1.503188660    0.065294920
    1.162045045    1.462535093    1.462664927    0.067179812
    1.172054054    1.417126383    1.417275502    0.068944365
    1.182063063    1.363887328    1.364055888    0.070555616
    1.192072072    1.305177635    1.305363246    0.072079747
    1.202081081    1.245973106    1.246173308    0.073631217
    1.212090090    1.190235769    1.190449646    0.075304658
    1.222099099    1.139739556    1.139967760    0.077153539
    1.232108108    1.094690214    1.094934425    0.079202982
    1.242117117    1.054585479    1.054848008    0.081467265
    1.252126126    1.018741876    1.019025497    0.083961144
    1.262135135    0.986523478    0.986831426    0.086705698
    1.272144144    0.957412758    0.957748808    0.089731193
    1.282153153    0.931015371    0.931383985    0.093078152
    1.292162162    0.907040445    0.907446964    0.096795830
    1.302171171    0.885268162    0.885719065    0.100934685
    1.312180180    0.865500707    0.866003963    0.105526545
    1.322189189    0.847491011    0.848056566    0.110547645
    1.332198198    0.830875030    0.831515494    0.115880179
    1.342207207    0.815205223    0.815936827    0.121333115
    1.352216216    0.800172856    0.801016608    0.126773593
    1.362225225    0.785846222    0.786829199    0.132249486
    1.372234234    0.772606999    0.773763887    0.137899596
    1.382243243    0.760870714    0.762245777    0.143750402
    1.392252252    0.750946599    0.752595578    0.149720305
    1.402261261    0.743108659    0.745098808    0.155880504
    1.412270270    0.737687698    0.740091992    0.162631556
    1.422279279    0.735049887    0.737928440    0.170570244
    1.432288288    0.735498306    0.738859970    0.180266131
    1.442297297    0.739185324    0.742937155    0.192161591
    1.452306306    0.746091056    0.750018688    0.206524605
    1.462315315    0.755975188    0.759805618    0.223293578
    1.472324324    0.767976594    0.771493243    0.241744918
    1.482333333    0.779936636    0.783045664    0.260213622
    1.492342342    0.788601492    0.791315540    0.276553154
    1.502351351    0.791535230    0.793924382    0.289657822
    1.512360360    0.789007403    0.791160365    0.300574048
    1.522369369    0.783605240    0.785609407    0.311515311
    1.532378378    0.778426939    0.780362734    0.323924772
    1.542387387    0.775824828    0.777768272    0.337783407
    1.552396396    0.777468056    0.779496297    0.352523419
    1.562405405    0.785194997    0.787391823    0.368060944
    1.572414414    0.801372212    0.803832579    0.384363123
    1.582423423    0.828547639    0.831379670    0.400310247
    1.592432432    0.869131462    0.872449877    0.414104627
    1.602441441    0.925303919    0.929200519    0.425330643
    1.612450450    0.998927277    1.003401828    0.435933967
    1.622459459    1.091288331    1.096162918    0.448899491
    1.632468468    1.201942630    1.206863216    0.466759515
    1.642477477    1.325262400    1.329848751    0.491120980
    1.652486486    1.445804757    1.449813823    0.522287586
    1.662495495    1.539199105    1.542560874    0.558581123
    1.672504505    1.584028715    1.586789262    0.596271559
    1.682513514    1.574961942    1.577217880    0.631323519
    1.692522523    1.521136525    1.522992325    0.662293856
    1.702531532    1.435186841    1.436733995    0.691358364
    1.712540541    1.329497907    1.330808508    0.722425490
    1.722549550    1.218283764    1.219412000    0.758636490
    1.732558559    1.115196299    1.116182999    0.801615345
    1.742567568    1.028865820    1.029742589    0.853129659
    1.752576577    0.962104261    0.962896138    0.917095767
    1.762585586    0.913304671    0.914031884    0.999358582
    1.772594595    0.877922768    0.878602540    1.105913045
    1.782603604    0.850742474    0.851391537    1.241294032
    1.792612613    0.828841556    0.829478196    1.406793513
    1.802621622    0.812454930    0.813098785    1.597625591
    1.812630631    0.802769523    0.803441038    1.800938081
    1.822639640    0.800129361    0.800851979    2.000857114
    1.832648649    0.804937166    0.805741230    2.192912662
    1.842657658    0.818928527    0.819854415    2.393259368
    1.852666667    0.843954386    0.845054166    2.627080624
    1.862675676    0.879103460    0.880439646    2.906718468
    1.872684685    0.918969488    0.920605000    3.220154703
    1.882693694    0.955528385    0.957494438    3.539477555
    1.892702703    0.983484390    0.985705565    3.841937696
    1.902711712    1.002757232    1.004921923    4.112317614
    1.912720721    1.013124254    1.014564441    4.313202920
    1.922729730    1.008248048    1.008061480    4.372049766
    1.932738739    0.979258797    0.976876774    4.230772343
    1.942747748    0.925161541    0.920911901    3.909684558
    1.952756757    0.856337282    0.851225621    3.499411253
    1.962765766    0.787012730    0.781998895    3.096151104
    1.972774775    0.727346500    0.722954781    2.759165049
    1.982783784    0.681835595    0.678210808    2.511060678
    1.992792793    0.651388822    0.648479182    2.354268980
    2.002801802    0.635449053    0.633136778    2.284135630
    2.012810811    0.632993052    0.631156238    2.294659945
    2.022819820    0.642433017    0.640966709    2.378150779
    2.032828829    0.660619541    0.659438600    2.520021842
    2.042837838    0.681550680    0.680586725    2.691371119
    2.052846847    0.696629975    0.695829015    2.848272302
    2.062855856    0.698527258    0.697850147    2.949082465
    2.072864865    0.686292966    0.685714801    2.979405189
    2.082873874    0.665334769    0.664839357    2.953515485
    2.092882883    0.642068338    0.641641295    2.895378228
    2.102891892    0.620021527    0.619647320    2.830290415
    2.112900901    0.600523876    0.600187380    2.783476792
    2.122909910    0.585013547    0.584702970    2.769665994
    2.132918919    0.575596949    0.575305070    2.784762405
    2.142927928    0.574211044    0.573934345    2.814651744
    2.152936937    0.582186161    0.581922813    2.855076490
    2.162945946    0.600491876    0.600239793    2.918890954
    2.172954955    0.630102609    0.629858602    3.021714977
    2.182963964    0.672169635    0.671929663    3.166683234
    2.192972973    0.727947312    0.727707216    3.346666252
    2.202981982    0.798439556    0.798195850    3.558397015
    2.212990991    0.883899181    0.883649340    3.810325908
    2.223000000    0.983895822    0.983636956    4.120477443
    2.233009009    1.098174655    1.097900641    4.511053086
    2.243018018    1.225753131    1.225453035    4.991751121
    2.253027027    1.359871953    1.359531206    5.529181231
    2.263036036    1.483902156    1.483504064    6.027159230
    2.273045045    1.578051042    1.577577435    6.352657463
    2.283054054    1.634898207    1.634330629    6.404345562
    2.293063063    1.664331557    1.663654162    6.160226399
    2.303072072    1.680456526    1.679662807    5.674248343
    2.313081081    1.687827027    1.686932571    5.052227390
    2.323090090    1.679618706    1.678672018    4.410263515
    2.333099099    1.644689493    1.643761780    3.828300830
    2.343108108    1.573966632    1.573120293    3.335591643
    2.353117117    1.464600550    1.463867075    2.928726152
    2.363126126    1.325801212    1.325184256    2.596217141
    2.373135135    1.177612605    1.177101069    2.330515179
    2.383144144    1.039739294    1.039316975    2.127285531
    2.393153153    0.923385259    0.923035820    1.982383952
    2.403162162    0.831586908    0.831296069    1.891624804
    2.413171171    0.763002502    0.762758677    1.852030318
    2.423180180    0.714955906    0.714750074    1.862905384
    2.433189189    0.684974590    0.684799894    1.926347613
    2.443198198    0.671331823    0.671183093    2.047163013
    2.453207207    0.673053950    0.672927196    2.231764285
    2.463216216    0.689532995    0.689424749    2.484775078
    2.473225225    0.719614693    0.719521013    2.801057135
    2.483234234    0.760005094    0.759920205    3.151575251
    2.493243243    0.803591319    0.803506771    3.469293351
    2.503252252    0.840117612    0.840024046    3.658272243
    2.513261261    0.861780948    0.861672806    3.647116335
    2.523270270    0.870114509    0.869992571    3.448054000
    2.533279279    0.875833553    0.875701518    3.147085645
    2.543288288    0.892066404    0.891926139    2.839046128
    2.553297297    0.929029419    0.928879563    2.584120694
    2.563306306    0.992962490    0.992799944    2.406177343
    2.573315315    1.086499305    1.086322315    2.306523249
    2.583324324    1.207413352    1.207226636    2.273430780
    2.593333333    1.344194959    1.344017190    2.283563931
    2.603342342    1.470521803    1.470390149    2.301097345
    2.613351351    1.548130123    1.548088071    2.287098024
    2.623360360    1.547656630    1.547721965    2.222865012
    2.633369369    1.473038679    1.473185171    2.123926473
    2.643378378    1.358664215    1.358843653    2.025338962
    2.653387387    1.243287855    1.243462058    1.958313455
    2.663396396    1.152079223    1.152230379    1.941417175
    2.673405405    1.095876599    1.096001415    1.983743427
    2.683414414    1.076789675    1.076891315    2.089384512
    2.693423423    1.091786051    1.091868808    2.257909651
    2.703432432    1.132380180    1.132446405    2.479578866
    2.713441441    1.182236621    1.182285163    2.727245652
    2.723450450    1.218192961    1.218220067    2.954571001
    2.733459459    1.220773223    1.220776843    3.115481039
    2.743468468    1.188066197    1.188050041    3.196846593
    2.753477477    1.135346729    1.135318820    3.221516679
    2.763486486    1.080016550    1.079984601    3.210564479
    2.773495495    1.030753739    1.030722576    3.155937118
    2.783504505    0.989518920    0.989490293    3.039955493
    2.793513514    0.958629325    0.958602729    2.872911752
    2.803522523    0.942937646    0.942911643    2.696657676
    2.813531532    0.946541438    0.946514864    2.555888030
    2.823540541    0.969509970    0.969482629    2.477119164
    2.833549550    1.007476922    1.007449837    2.467754236
    2.843558559    1.054423767    1.054398786    2.523109973
    2.853567568    1.106864522    1.106842993    2.630392961
    2.863576577    1.164612380    1.164593389    2.764694029
    2.873585586    1.227282867    1.227262535    2.883950690
    2.883594595    1.292659698    1.292632913    2.942250620
    2.893603604    1.359980601    1.359944545    2.923226645
    2.903612613    1.431638828    1.431595122    2.855550358
    2.913621622    1.506567303    1.506521632    2.787364066
    2.923630631    1.572072833    1.572034451    2.753586797
    2.933639640    1.606673552    1.606654256    2.768266396
    2.943648649    1.594317952    1.594326705    2.835294926
    2.953657658    1.537012032    1.537047564    2.957264382
    2.963666667    1.453044571    1.453094724    3.132108067
    2.973675676    1.362240576    1.362289293    3.344000373
    2.983684685    1.274908743    1.274944004    3.563870459
    2.993693694    1.193704001    1.193721853    3.762131675
    3.003702703    1.119508452    1.119511237    3.917818314
    3.013711712    1.053373746    1.053366220    4.021128673
    3.023720721    0.996393458    0.996380449    4.076129040
    3.033729730    0.948185102    0.948169575    4.086508202
    3.043738739    0.904688215    0.904670488    4.030816130
    3.053747748    0.860162789    0.860142787    3.874694553
    3.063756757    0.813061317    0.813041403    3.619289192
    3.073765766    0.767802978    0.767787879    3.317976013
    3.083774775    0.730146404    0.730141220    3.039424432
    3.093783784    0.703086825    0.703095371    2.830042047
    3.103792793    0.687120466    0.687144031    2.705363914
    3.113801802    0.681748137    0.681784620    2.654875979
    3.123810811    0.684645531    0.684688874    2.645321959
    3.133819820    0.689584358    0.689624247    2.627097851
    3.143828829    0.687141104    0.687165432    2.556843439
    3.153837838    0.670069964    0.670071697    2.427210370
    3.163846847    0.639092281    0.639074523    2.269269604
    3.173855856    0.602242351    0.602214635    2.124224348
    3.183864865    0.568679788    0.568650675    2.019480885
    3.193873874    0.544178898    0.544152736    1.965070474
    3.203882883    0.530985053    0.530962920    1.961156512
    3.213891892    0.529712824    0.529694476    2.006876954
    3.223900901    0.540751512    0.540736395    2.104188928
    3.233909910    0.564120323    0.564107474    2.252840793
    3.243918919    0.598218206    0.598205866    2.439194728
    3.253927928    0.638728991    0.638714809    2.626821457
    3.263936937    0.679269457    0.679251730    2.759873654
    3.273945946    0.714446276    0.714425448    2.786114398
    3.283954955    0.742987842    0.742966759    2.687414703
    3.293963964    0.767370808    0.767354126    2.492539740
    3.303972973    0.789244507    0.789238175    2.258348120
    3.313981982    0.804957924    0.804967221    2.035932896
    3.323990991    0.807071810    0.807097188    1.851980885
    3.334000000    0.790748280    0.790783767    1.711503926
    3.344009009    0.757933916    0.757971565    1.609388755
    3.354018018    0.716657211    0.716692190    1.540136877
    3.364027027    0.676843056    0.676874030    1.500717104
    3.374036036    0.644916912    0.644943607    1.488799893
    3.384045045    0.620862878    0.620884294    1.502280247
    3.394054054    0.599348930    0.599363475    1.539925492
    3.404063063    0.574252371    0.574259560    1.599335560
    3.414072072    0.543443343    0.543444957    1.671660905
    3.424081081    0.508822384    0.508821440    1.735443012
    3.434090090    0.472561711    0.472560715    1.758361403
    3.444099099    0.435648640    0.435648885    1.716281675
    3.454108108    0.399424304    0.399426087    1.614667895
    3.464117117    0.366034775    0.366037855    1.483852214
    3.474126126    0.337134609    0.337138544    1.355175762
    3.484135135    0.313251485    0.313255834    1.247250282
    3.494144144    0.294368643    0.294373086    1.168027772
    3.504153153    0.280529026    0.280533368    1.120823631
    3.514162162    0.271872914    0.271877020    1.107331006
    3.524171171    0.268455022    0.268458756    1.128083152
    3.534180180    0.270074949    0.270078137    1.181481134
    3.544189189    0.275994624    0.275997065    1.261084129
    3.554198198    0.284499465    0.284500992    1.351784520
    3.564207207    0.292700853    0.292701482    1.429122033
    3.574216216    0.297226659    0.297226797    1.467184333
    3.584225225    0.295641990    0.295642523    1.451153729
    3.594234234    0.287479967    0.287481950    1.383011324
    3.604243243    0.274314716    0.274318786    1.279072961
    3.614252252    0.259003583    0.259009665    1.162946852
    3.624261261    0.244479347    0.244486889    1.055874582
    3.634270270    0.232827792    0.232836156    0.970811613
    3.644279279    0.225102394    0.225111051    0.912979629
    3.654288288    0.221633450    0.221642022    0.883176840
    3.664297297    0.222344771    0.222353074    0.880225901
    3.674306306    0.226800528    0.226808736    0.901347154
    3.684315315    0.233926452    0.233935394    0.940477759
    3.694324324    0.241574145    0.241585523    0.985691999
    3.704333333    0.246589732    0.246605663    1.019589722
    3.714342342    0.246260078    0.246281709    1.027483446
    3.724351351    0.240381944    0.240408464    1.009014515
    3.734360360    0.231415410    0.231444836    0.979004113
    3.744369369    0.222484503    0.222515121    0.956170987
    3.754378378    0.215729752    0.215760684    0.953449570
    3.764387387    0.212090054    0.212121060    0.975496304
    3.774396396    0.211739833    0.211770965    1.018649108
    3.784405405    0.214488279    0.214519666    1.070028064
    3.794414414    0.220053608    0.220085414    1.108702615
    3.804423423    0.228357647    0.228390155    1.114785896
    3.814432432    0.239805884    0.239839554    1.083518661
    3.824441441    0.255314931    0.255350321    1.029183709
    3.834450450    0.276064754    0.276102360    0.973729995
    3.844459459    0.303165391    0.303205458    0.934107149
    3.854468468    0.337200311    0.337242507    0.918189330
    3.864477477    0.377381832    0.377424637    0.925878901
    3.874486486    0.420371481    0.420411553    0.950259804
    3.884495495    0.459984025    0.460016545    0.978987190
    3.894504505    0.489881003    0.489901868    0.999592651
    3.904513514    0.508312166    0.508320094    1.007652885
    3.914522523    0.519092744    0.519088296    1.008495699
    3.924531532    0.527303286    0.527286375    1.010017062
    3.934540541    0.536157784    0.536127056    1.017097820
    3.944549550    0.547752022    0.547705834    1.031898425
    3.954558559    0.563254001    0.563191377    1.053368201
    3.964567568    0.580576552    0.580498405    1.074391681
    3.974576577    0.593473394    0.593384346    1.084099747
    3.984585586    0.595012993    0.594921772    1.077552523
    3.994594595    0.582591471    0.582507420    1.061449282
    4.004603604    0.559786833    0.559714760    1.046939728
    4.014612613    0.534282288    0.534220881    1.038037916
    4.024621622    0.513897825    0.513842178    1.028045088
    4.034630631    0.503611881    0.503556521    1.007107734
    4.044639640    0.504886025    0.504826545    0.973716784
    4.054648649    0.515817176    0.515750739    0.936987940
    4.064657658    0.531189006    0.531113909    0.907805419
    4.074666667    0.543570825    0.543484907    0.890502349
    4.084675676    0.546122653    0.546021068    0.882164654
    4.094684685    0.535767886    0.535641512    0.877885593
    4.104693694    0.514568837    0.514404601    0.876010711
    4.114702703    0.487695204    0.487477829    0.877739851
    4.124711712    0.460053920    0.459766212    0.883818670
    4.134720721    0.435239513    0.434860368    0.894672861
    4.144729730    0.416056884    0.415558928    0.911901545
    4.154738739    0.404108161    0.403455823    0.935186938
    4.164747748    0.398769180    0.397916804    0.956782960
    4.174756757    0.397029126    0.395919537    0.962024856
    4.184765766    0.394876642    0.393441630    0.939476100
    4.194774775    0.389724334    0.387890700    0.890938175
    4.204783784    0.381708943    0.379418829    0.828381316
    4.214792793    0.372421063    0.369675299    0.763194436
    4.224801802    0.363000376    0.359914407    0.701596363
    4.234810811    0.353812276    0.350634806    0.646975984
    4.244819820    0.345075107    0.342114877    0.601855857
    4.254828829    0.336949657    0.334449457    0.567343939
    4.264837838    0.328976406    0.327045806    0.542671803
    4.274846847    0.320224984    0.318863360    0.526178993
    4.284855856    0.310629977    0.309782414    0.516953223
    4.294864865    0.301674012    0.301273106    0.515576108
    4.304873874    0.295425757    0.295411609    0.523570028
    4.314882883    0.293397061    0.293723728    0.542690941
    4.324891892    0.296266065    0.296902060    0.574804338
    4.334900901    0.304079300    0.305006181    0.622067909
    4.344909910    0.316441368    0.317652158    0.686950799
    4.354918919    0.332685031    0.334183095    0.771694844
    4.364927928    0.352188948    0.353987453    0.876676864
    4.374936937    0.374785464    0.376907250    0.997070014
    4.384945946    0.401136666    0.403614606    1.118454306
    4.394954955    0.432908541    0.435786926    1.215756983
    4.404963964    0.472191246    0.475528621    1.262635881
    4.414972973    0.520111871    0.523985132    1.249951610
    4.424981982    0.575446118    0.579955210    1.194927725
    4.434990991    0.634453323    0.639725425    1.128527818
    4.445000000    0.693446831    0.699640150    1.076818634
    4.455009009    0.753014588    0.760326937    1.053648291
    4.465018018    0.818433400    0.827121136    1.062278799
    4.475027027    0.894090173    0.904494029    1.097721687
    4.485036036    0.977409333    0.989980577    1.147538588
    4.495045045    1.058446819    1.073769858    1.194857047
    4.505054054    1.126992901    1.145793281    1.226751235
    4.515063063    1.181358808    1.204462620    1.241673628
    4.525072072    1.228616815    1.256779699    1.247749190
    4.535081081    1.276022291    1.309497255    1.256480842
    4.545090090    1.322953366    1.360805408    1.277397525
    4.555099099    1.359415491    1.399141803    1.312337172
    4.565108108    1.370744159    1.409027483    1.351557735
    4.575117117    1.344967687    1.379173482    1.377334431
    4.585126126    1.279558345    1.308536694    1.376640877
    4.595135135    1.183821349    1.207635148    1.352439710
    4.605144144    1.075006432    1.094306579    1.321202637
    4.615153153    0.970987229    0.986564879    1.302375957
    4.625162162    0.884387383    0.896966653    1.310656148
    4.635171171    0.820412394    0.830586889    1.351756380
    4.645180180    0.777396264    0.785628265    1.419296019
    4.655189189    0.748563789    0.755203676    1.493594166
    4.665198198    0.725339525    0.730646763    1.547499095
    4.675207207    0.702377410    0.706536720    1.560977416
    4.685216216    0.680299562    0.683432659    1.531584852
    4.695225225    0.662677025    0.664851448    1.470507459
    4.705234234    0.651244019    0.652478546    1.394177524
    4.715243243    0.644712507    0.644979253    1.318796204
    4.725252252    0.641456742    0.640683322    1.256643691
    4.735261261    0.642561537    0.640641541    1.215204271
    4.745270270    0.651534741    0.648361682    1.196448410
    4.755279279    0.671038532    0.666584382    1.194074903
    4.765288288    0.699787810    0.694228162    1.193298859
    4.775297297    0.731454550    0.725257460    1.178788086
    4.785306306    0.756727528    0.750551106    1.147062331
    4.795315315    0.769163674    0.763577729    1.109331421
    4.805324324    0.770907556    0.766198886    1.081048661
    4.815333333    0.771368112    0.767563037    1.071043767
    4.825342342    0.780251370    0.777238843    1.078623521
    4.835351351    0.802812622    0.800443537    1.097109634
    4.845360360    0.839214408    0.837350262    1.119374561
    4.855369369    0.884869734    0.883398126    1.139439956
    4.865378378    0.929903281    0.928738799    1.149110233
    4.875387387    0.958845412    0.957925433    1.137472433
    4.885396396    0.955091650    0.954368352    1.097810813
    4.895405405    0.911933675    0.911364370    1.034819966
    4.905414414    0.839501844    0.839045731    0.963042982
    4.915423423    0.757398352    0.757020918    0.898294305
    4.925432432    0.682221084    0.681897558    0.851202537
    4.935441441    0.622521250    0.622235426    0.826672222
    4.945450450    0.580492220    0.580233467    0.826231829
    4.955459459    0.554799733    0.554560605    0.850031291
    4.965468468    0.542087138    0.541862054    0.897574704
    4.975477477    0.537595531    0.537380248    0.967684269
    4.985486486    0.536448829    0.536240191    1.058658544
    4.995495495    0.536032978    0.535828354    1.168555349
    5.005504505    0.536998298    0.536794950    1.293277694
    5.015513514    0.540954973    0.540749982    1.421731886
    5.025522523    0.547512549    0.547303268    1.533718064
    5.035531532    0.554189099    0.553973764    1.607991710
    5.045540541    0.558884747    0.558662729    1.637787560
    5.055549550    0.561464980    0.561236206    1.636510001
    5.065558559    0.562891914    0.562656088    1.625239504
    5.075567568    0.564088053    0.563844584    1.617680625
    5.085576577    0.566135704    0.565884144    1.615311066
    5.095585586    0.570812947    0.570553050    1.609724383
    5.105594595    0.580015443    0.579746632    1.588002141
    5.115603604    0.594769204    0.594490211    1.542446700
    5.125612613    0.614884710    0.614594177    1.478613058
    5.135621622    0.638939776    0.638637701    1.410660820
    5.145630631    0.664879944    0.664568494    1.350330069
    5.155639640    0.691812329    0.691494296    1.303384622
    5.165648649    0.721807994    0.721484026    1.272557441
    5.175657658    0.758987798    0.758655988    1.258691292
    5.185666667    0.805200354    0.804858573    1.258334680
    5.195675676    0.855226644    0.854874632    1.261133670
    5.205684685    0.895637101    0.895276493    1.252270608
    5.215693694    0.911157736    0.910790157    1.222562660
    5.225702703    0.896207620    0.895832926    1.177272382
    5.235711712    0.859135048    0.858751786    1.132468969
    5.245720721    0.813775718    0.813382498    1.103085525
    5.255729730    0.769909924    0.769505689    1.094119032
    5.265738739    0.731002901    0.730586916    1.098194092
    5.275747748    0.696604524    0.696176592    1.097837288
    5.285756757    0.665614063    0.665174157    1.073358336
    5.295765766    0.638463441    0.638010947    1.015565368
    5.305774775    0.617345919    0.616879589    0.932724521
    5.315783784    0.604856411    0.604375096    0.842856427
    5.325792793    0.602538660    0.602041886    0.761113876
    5.335801802    0.610393113    0.609881155    0.694640133
    5.345810811    0.627170431    0.626644131    0.644250228
    5.355819820    0.651149781    0.650610306    0.607791036
    5.365828829    0.680987706    0.680436458    0.582779807
    5.375837838    0.715668791    0.715107556    0.567717445
    5.385846847    0.753816500    0.753247111    0.562292129
    5.395855856    0.794209549    0.793632793    0.567217932
    5.405864865    0.837439935    0.836855108    0.584039931
    5.415873874    0.886719039    0.886124943    0.614826351
    5.425882883    0.947388001    0.946784042    0.661705333
    5.435891892    1.025473847    1.024860335    0.726079338
    5.445900901    1.125492831    1.124871016    0.807030842
    5.455909910    1.248302524    1.247675191    0.898732682
    5.465918919    1.390004105    1.389377518    0.988488528
    5.475927928    1.543666664    1.543055707    1.059456473
    5.485936937    1.704396691    1.703837628    1.099689061
    5.495945946    1.872318472    1.871895357    1.109832573
    5.505954955    2.047311598    2.047194633    1.100433106
    5.515963964    2.219836171    2.220299640    1.082687749
    5.525972973    2.368835143    2.370174126    1.061965240
    5.535981982    2.473779518    2.476079192    1.038173927
    5.545990991    2.534790031    2.537737265    1.012201978
    5.556000000    2.578612514    2.581638213    0.991034866
    5.566009009    2.638852421    2.641470348    0.985047913
    5.576018018    2.730690647    2.732665466    1.001871942
    5.586027027    2.843178691    2.844478213    1.043075115
    5.596036036    2.951876051    2.952566870    1.103975123
    5.606045045    3.039366833    3.039542196    1.176055547
    5.616054054    3.105993911    3.105736970    1.252495961
    5.626063063    3.164402654    3.163772293    1.333080159
    5.636072072    3.225618969    3.224654426    1.421978586
    5.646081081    3.288600897    3.287336445    1.519777335
    5.656090090    3.341645866    3.340119076    1.616504745
    5.666099099    3.373340154    3.371588298    1.691127771
    5.676108108    3.384193858    3.382248579    1.722159027
    5.686117117    3.391564411    3.389452343    1.701633019
    5.696126126    3.421972890    3.419719936    1.636957534
    5.706135135    3.492653284    3.490288149    1.543423782
    5.716144144    3.598537645    3.596092709    1.437262921
    5.726153153    3.718904125    3.716412724    1.331128788
    5.736162162    3.837809359    3.835303527    1.234597397
    5.746171171    3.952628130    3.950145228    1.156383165
    5.756180180    4.060875025    4.058473517    1.102237748
    5.766189189    4.147917987    4.145692410    1.071112861
    5.776198198    4.192819186    4.190907153    1.054445577
    5.786207207    4.184049433    4.182636043    1.040537548
    5.796216216    4.127074507    4.126398209    1.022239792
    5.806225225    4.038813547    4.039159110    1.000317252
    5.816234234    3.939097865    3.940745552    0.978614897
    5.826243243    3.847129619    3.850208913    0.958675362
    5.836252252    3.783054948    3.787225418    0.940857407
    5.846261261    3.771157038    3.775096062    0.928552994
    5.856270270    3.834570037    3.835542142    0.928017991
    5.866279279    3.981663642    3.975741660    0.943992523
    5.876288288    4.196667953    4.179695267    0.976587993
    5.886297297    4.440185085    4.408641875    1.021418341
    5.896306306    4.658268615    4.609456721    1.071953222
    5.906315315    4.798742740    4.730778848    1.121957756
    5.916324324    4.830321150    4.742744925    1.166332601
    5.926333333    4.746816002    4.642034647    1.201188472
    5.936342342    4.551107482    4.435653462    1.223461414
    5.946351351    4.250667079    4.134201975    1.230866477
    5.956360360    3.875195064    3.766863705    1.222690816
    5.966369369    3.478364063    3.383535810    1.198479223
    5.976378378    3.112349257    3.032256529    1.158291562
    5.986387387    2.808873605    2.742182228    1.107978664
    5.996396396    2.580064425    2.524474056    1.059943707
    6.006405405    2.424898583    2.378056027    1.025162821
    6.016414414    2.333623208    2.293475737    1.005563169
    6.026423423    2.292781990    2.257642632    0.992710072
    6.036432432    2.291877468    2.260378156    0.972762692
    6.046441441    2.326053191    2.297067054    0.935770665
    6.056450450    2.390803526    2.363367452    0.881625240
    6.066459459    2.475949839    2.449196807    0.816345678
    6.076468468    2.567340484    2.540441368    0.745672653
    6.086477477    2.651304276    2.623413600    0.674185278
    6.096486486    2.711419439    2.681618011    0.606915064
    6.106495495    2.726629844    2.693864783    0.548717199
    6.116504505    2.686581622    2.649622083    0.502588515
    6.126513514    2.606997286    2.564455179    0.469284020
    6.136522523    2.520368519    2.470880695    0.448138486
    6.146531532    2.453745263    2.396459066    0.438053255
    6.156540541    2.414359797    2.349785825    0.437945511
    6.166549550    2.387738141    2.318577172    0.446190399
    6.176558559    2.347411282    2.278319656    0.459200414
    6.186567568    2.270518937    2.206316800    0.470614772
    6.196576577    2.148679607    2.092415302    0.473449161
    6.206585586    1.989669492    1.942161438    0.465073854
    6.216594595    1.810712416    1.771303936    0.449597923
    6.226603604    1.630220443    1.597670715    0.434181853
    6.236612613    1.463934192    1.436955082    0.423861826
    6.246621622    1.322098157    1.299573381    0.419433800
    6.256630631    1.207552368    1.188586761    0.418325639
    6.266639640    1.117774480    1.101675103    0.417417663
    6.276648649    1.049041627    1.035281362    0.416020354
    6.286657658    0.998535624    0.986719443    0.415867250
    6.296666667    0.963634558    0.953471459    0.418152374
    6.306675676    0.941225356    0.932500163    0.421569729
    6.316684685    0.928866982    0.921405030    0.423701639
    6.326693694    0.925840964    0.919466764    0.423769841
    6.336702703    0.931454490    0.925960721    0.423113148
    6.346711712    0.942000071    0.937153159    0.423543605
    6.356720721    0.949197980    0.944784442    0.426205155
    6.366729730    0.941653616    0.937526370    0.431211008
    6.376738739    0.910679630    0.906765233    0.437789363
    6.386747748    0.856849768    0.853122909    0.444899158
    6.396756757    0.789465348    0.785919648    0.450847580
    6.406765766    0.719152968    0.715785009    0.451802847
    6.416774775    0.652182131    0.648986785    0.442395540
    6.426783784    0.590866297    0.587836450    0.419819881
    6.436792793    0.536401563    0.533528828    0.387070992
    6.446801802    0.489978772    0.487254232    0.351090988
    6.456810811    0.452315631    0.449730352    0.318354492
    6.466819820    0.423376166    0.420921463    0.292575269
    6.476828829    0.402666780    0.400334351    0.275073512
    6.486837838    0.389640370    0.387422356    0.265903195
    6.496846847    0.383921559    0.381810568    0.264533231
    6.506855856    0.385321781    0.383310863    0.269831356
    6.516864865    0.393679975    0.391762569    0.279490113
    6.526873874    0.408591867    0.406761731    0.289496876
    6.536882883    0.429101284    0.427352399    0.294959398
    6.546891892    0.453176504    0.451502836    0.292824943
    6.556900901    0.476597131    0.474992291    0.283780923
    6.566909910    0.492267545    0.490725099    0.270547212
    6.576918919    0.492891976    0.491406950    0.255041081
    6.586927928    0.476684955    0.475255103    0.237942526
    6.596936937    0.449405990    0.448030865    0.219966187
    6.606945946    0.419795054    0.418473982    0.202544070
    6.616954955    0.394494796    0.393225976    0.187332314
    6.626963964    0.376798363    0.375579156    0.175458023
    6.636972973    0.367779635    0.366607119    0.167264215
    6.646981982    0.367547989    0.366419339    0.162410334
    6.656990991    0.375850532    0.374763216    0.159953198
    6.667000000    0.392132567    0.391084446    0.158409983
    6.677009009    0.415276095    0.414265486    0.156152586
    6.687018018    0.442967786    0.441993540    0.152256284
    6.697027027    0.470604076    0.469665681    0.147038881
    6.707036036    0.490866765    0.489964057    0.141529424
    6.717045045    0.496473412    0.495605533    0.136556836
    6.727054054    0.485361893    0.484526507    0.132463127
    6.737063063    0.462495880    0.461689855    0.129359905
    6.747072072    0.436109525    0.435330236    0.127363580
    6.757081081    0.413037832    0.412283739    0.126539966
    6.767090090    0.396853619    0.396124060    0.126661427
    6.777099099    0.388506971    0.387801734    0.127077779
    6.787108108    0.387909909    0.387228876    0.127013959
    6.797117117    0.395319157    0.394662224    0.126213303
    6.807126126    0.411791710    0.411158990    0.125228143
    6.817135135    0.438782884    0.438174989    0.124999449
    6.827144144    0.477484032    0.476902349    0.126317205
    6.837153153    0.528009328    0.527456367    0.129643873
    6.847162162    0.588163303    0.587643095    0.135174031
    6.857171171    0.652396240    0.651914243    0.142923325
    6.867180180    0.713151437    0.712712917    0.152833491
    6.877189189    0.765240464    0.764847185    0.164884864
    6.887198198    0.807902183    0.807549088    0.178984623
    6.897207207    0.840466274    0.840140272    0.194485362
    6.907216216    0.858192643    0.857875595    0.209753506
    6.917225225    0.854970168    0.854646181    0.222496710
    6.927234234    0.829103863    0.828765421    0.231083651
    6.937243243    0.785213073    0.784860567    0.235741213
    6.947252252    0.731629802    0.731266768    0.238054385
    6.957261261    0.676880733    0.676510558    0.239333788
    6.967270270    0.627092793    0.626718265    0.239891033
    6.977279279    0.585568285    0.585191937    0.240008733
    6.987288288    0.554073072    0.553697277    0.241088129
    6.997297297    0.533523294    0.533150102    0.245207147
    7.007306306    0.524184642    0.523815384    0.253777942
    7.017315315    0.526399152    0.526034141    0.266909422
    7.027324324    0.540713226    0.540352066    0.283878055
    7.037333333    0.566391349    0.566033589    0.304007072
    7.047342342    0.599199490    0.598845139    0.326580975
    7.057351351    0.630197026    0.629847033    0.349525102
    7.067360360    0.647676540    0.647333061    0.368853310
    7.077369369    0.643174604    0.642840088    0.380640219
    7.087378378    0.617724250    0.617399470    0.384065530
    7.097387387    0.581431926    0.581115260    0.381760041
    7.107396396    0.546464516    0.546153394    0.376682329
    7.117405405    0.521223840    0.520916348    0.369353663
    7.127414414    0.509426455    0.509121854    0.358750579
    7.137423423    0.511413582    0.511112203    0.345418092
    7.147432432    0.524626014    0.524329176    0.332208620
    7.157441441    0.542990865    0.542700789    0.321688135
    7.167450450    0.557169020    0.556888261    0.313830470
    7.177459459    0.557577790    0.557307881    0.306431498
    7.187468468    0.539573964    0.539313923    0.297654220
    7.197477477    0.506270321    0.506016755    0.288086273
    7.207486486    0.465354747    0.465103973    0.280199385
    7.217495495    0.423990516    0.423740547    0.276470293
    7.227504505    0.386880881    0.386631569    0.278205301
    7.237513514    0.356524087    0.356276104    0.284999884
    7.247522523    0.333540583    0.333294597    0.294273116
    7.257531532    0.317017365    0.316773663    0.301520889
    7.267540541    0.305284574    0.305042726    0.302537831
    7.277549550    0.296871289    0.296629961    0.296640403
    7.287558559    0.290983906    0.290741174    0.287192729
    7.297567568    0.287456432    0.287210432    0.278785472
    7.307576577    0.286630130    0.286379505    0.274617316
    7.317585586    0.289019199    0.288762977    0.275834409
    7.327594595    0.294564396    0.294301482    0.281919342
    7.337603604    0.302310409    0.302039091    0.291478749
    7.347612613    0.311142666    0.310860551    0.303401718
    7.357621622    0.320423915    0.320129165    0.317600511
    7.367630631    0.329139867    0.328834114    0.334404909
    7.377639640    0.334830394    0.334521726    0.353609172
    7.387648649    0.334632671    0.334335398    0.374634145
    7.397657658    0.327793133    0.327522865    0.397155137
    7.407666667    0.316485729    0.316253738    0.421238469
    7.417675676    0.304263645    0.304075394    0.447880841
    7.427684685    0.294461735    0.294319293    0.479941775
    7.437693694    0.289500869    0.289406019    0.521668142
    7.447702703    0.290587111    0.290543150    0.576830065
    7.457711712    0.297541610    0.297553397    0.646879821
    7.467720721    0.308641192    0.308713188    0.729165061
    7.477729730    0.320592682    0.320724669    0.814679752
    7.487738739    0.329078989    0.329260384    0.886262753
    7.497747748    0.330352237    0.330559368    0.921898836
    7.507756757    0.323536053    0.323738030    0.907669162
    7.517765766    0.311331046    0.311501931    0.850253612
    7.527774775    0.297827107    0.297953685    0.772263619
    7.537783784    0.285844645    0.285925225    0.696287780
    7.547792793    0.276220433    0.276259810    0.635518876
    7.557801802    0.268761574    0.268767044    0.593971205
    7.567810811    0.263228349    0.263207431    0.569269915
    7.577819820    0.259313694    0.259272897    0.554138954
    7.587828829    0.256182803    0.256127223    0.538120770
    7.597837838    0.252659500    0.252593064    0.512358429
    7.607846847    0.247873329    0.247799188    0.475323450
    7.617855856    0.241582329    0.241502922    0.432914661
    7.627864865    0.234332624    0.234249539    0.392863845
    7.637873874    0.227455382    0.227369461    0.360298267
    7.647882883    0.222437514    0.222349235    0.337218028
    7.657891892    0.220251647    0.220161431    0.323699762
    7.667900901    0.221210205    0.221118479    0.318773748
    7.677909910    0.224809121    0.224716232    0.320492240
    7.687918919    0.229340344    0.229246566    0.325718255
    7.697927928    0.232152116    0.232057803    0.330645805
    7.707936937    0.231114522    0.231020097    0.332514916
    7.717945946    0.226009217    0.225914900    0.331188341
    7.727954955    0.218197161    0.218102917    0.328806479
    7.737963964    0.209373828    0.209279640    0.328075351
    7.747972973    0.200936527    0.200842565    0.330793239
    7.757981982    0.193717473    0.193623991    0.336771869
    7.767990991    0.187871062    0.187778353    0.343304256
    7.778000000    0.183314256    0.183222706    0.346457192
    7.788009009    0.180305063    0.180215063    0.344283753
    7.798018018    0.179425631    0.179337422    0.338733881
    7.808027027    0.181020324    0.180933974    0.333539282
    7.818036036    0.184567610    0.184483059    0.330503758
    7.828045045    0.188387867    0.188304953    0.327885147
    7.838054054    0.190193565    0.190112061    0.321974421
    7.848063063    0.188521952    0.188441631    0.310760046
    7.858072072    0.183682417    0.183603120    0.296121408
    7.868081081    0.177190705    0.177112393    0.282207581
    7.878090090    0.170695994    0.170618760    0.272631182
    7.888099099    0.165362709    0.165286725    0.269387047
    7.898108108    0.161692755    0.161618207    0.273184741
    7.908117117    0.159699969    0.159627022    0.283916304
    7.918126126    0.159272641    0.159201448    0.300645755
    7.928135135    0.160336954    0.160267656    0.321074099
    7.938144144    0.162703822    0.162636534    0.341163863
    7.948153153    0.166073110    0.166007919    0.356450894
    7.958162162    0.170452605    0.170389573    0.365197631
    7.968171171    0.176399641    0.176338829    0.370002549
    7.978180180    0.184577596    0.184519064    0.375539144
    7.988189189    0.195018610    0.194962418    0.385190794
    7.998198198    0.206712901    0.206659069    0.399583828
    8.008207207    0.217947637    0.217896140    0.417094922
    8.018216216    0.227364400    0.227315300    0.434803843
    8.028225225    0.234698457    0.234652007    0.448912920
    8.038234234    0.240408433    0.240364919    0.456080561
    8.048243243    0.245045481    0.245005079    0.456160800
    8.058252252    0.249158229    0.249121001    0.453083851
    8.068261261    0.253396126    0.253361940    0.452297303
    8.078270270    0.258339287    0.258307576    0.457527647
    8.088279279    0.264037598    0.264007360    0.469466227
    8.098288288    0.269838874    0.269809208    0.486774256
    8.108297297    0.275036886    0.275007726    0.508276032
    8.118306306    0.279676338    0.279648602    0.533626661
    8.128315315    0.284650987    0.284626029    0.561080676
    8.138324324    0.291185776    0.291164563    0.584850769
    8.148333333    0.300017862    0.300000332    0.595770411
    8.158342342    0.310518086    0.310502940    0.587024614
    8.168351351    0.320256451    0.320241496    0.560652096
    8.178360360    0.325915229    0.325898580    0.526584267
    8.188369369    0.325680999    0.325662650    0.495319234
    8.198378378    0.320722326    0.320704230    0.472896856
    8.208387387    0.313893497    0.313878052    0.460837066
    8.218396396    0.307861733    0.307850682    0.458141220
    8.228405405    0.304480427    0.304474829    0.462545049
    8.238414414    0.304540008    0.304540569    0.470442165
    8.248423423    0.307733088    0.307740274    0.477581242
    8.258432432    0.313354121    0.313368157    0.481856912
    8.268441441    0.320986249    0.321007336    0.485343544
    8.278450450    0.330490210    0.330518679    0.492911588
    8.288459459    0.342026159    0.342062185    0.509362344
    8.298468468    0.356369038    0.356412375    0.537548740
    8.308477477    0.374404231    0.374454406    0.577456472
    8.318486486    0.395659111    0.395715748    0.625815820
    8.328495495    0.417465813    0.417528843    0.676673310
    8.338504505    0.435708753    0.435778665    0.722586710
    8.348513514    0.446479557    0.446557735    0.755631801
    8.358522523    0.447830335    0.447919106    0.769863937
    8.368531532    0.440491889    0.440594039    0.764289648
    8.378540541    0.426431494    0.426549641    0.741112663
    8.388549550    0.407090635    0.407226826    0.701844348
    8.398558559    0.383741783    0.383897090    0.648259282
    8.408567568    0.358940047    0.359114577    0.585878995
    8.418576577    0.336333746    0.336527600    0.523018665
    8.428585586    0.319014704    0.319228941    0.466418183
    8.438594595    0.308624066    0.308860905    0.419281630
    8.448603604    0.305643600    0.305906178    0.382389290
    8.458612613    0.309954482    0.310246602    0.355467183
    8.468621622    0.321093175    0.321419142    0.337658675
    8.478630631    0.338218459    0.338583054    0.327609185
    8.488639640    0.360178786    0.360587477    0.323708950
    8.498648649    0.386094132    0.386553608    0.324696115
    8.508657658    0.416010108    0.416528829    0.330160577
    8.518666667    0.450439021    0.451027585    0.340054195
    8.528675676    0.489024019    0.489695728    0.353382743
    8.538684685    0.530157830    0.530929840    0.367489859
    8.548693694    0.571965808    0.572860676    0.379163198
    8.558702703    0.612707404    0.613754692    0.387108315
    8.568711712    0.650202682    0.651440814    0.393116516
    8.578720721    0.682893192    0.684371760    0.400631962
    8.588729730    0.711703914    0.713486450    0.412811782
    8.598738739    0.738429117    0.740596467    0.431265886
    8.608747748    0.762232899    0.764886269    0.454833933
    8.618756757    0.779720328    0.782980847    0.478922796
    8.628765766    0.788570870    0.792568386    0.497350031
    8.638774775    0.790465138    0.795302652    0.506786280
    8.648783784    0.790345456    0.796025702    0.509505269
    8.658792793    0.792965943    0.799297071    0.511426576
    8.668801802    0.800978691    0.807546264    0.518533710
    8.678810811    0.816472979    0.822774755    0.534694530
    8.688819820    0.842685712    0.848351431    0.560608333
    8.698828829    0.882740272    0.887630256    0.593313161
    8.708837838    0.937026358    0.941163081    0.626566362
    8.718846847    1.002021865    1.005475764    0.652265320
    8.728855856    1.071548326    1.074378146    0.663424215
    8.738864865    1.139970419    1.142223869    0.658615874
    8.748873874    1.204189124    1.205915589    0.643309635
    8.758882883    1.262118998    1.263368777    0.625073850
    8.768891892    1.311020069    1.311838084    0.608378897
    8.778900901    1.349346087    1.349771471    0.594698716
    8.788909910    1.380262031    1.380337660    0.585328611
    8.798918919    1.411171162    1.410956331    0.581946202
    8.808927928    1.447415524    1.446975167    0.585380382
    8.818936937    1.486753527    1.486100149    0.595374930
    8.828945946    1.522142395    1.521204189    0.611417400
    8.838954955    1.549690814    1.548428860    0.633758593
    8.848963964    1.570558582    1.569096492    0.663725111
    8.858972973    1.585708958    1.584260610    0.701853009
    8.868981982    1.593224424    1.591948798    0.744475179
    8.878990991    1.590192933    1.589150183    0.782515088
    8.889000000    1.574454073    1.573638098    0.805708866
    8.899009009    1.545965672    1.545342898    0.809821073
    8.909018018    1.507814175    1.507345656    0.799506180
    8.919027027    1.465233509    1.464884660    0.784301192
    8.929036036    1.423530224    1.423274171    0.772829445
    8.939045045    1.386426944    1.386244150    0.769860626
    8.949054054    1.355138291    1.355014806    0.776642341
    8.959063063    1.328229454    1.328155289    0.792510570
    8.969072072    1.301139518    1.301107614    0.815430934
    8.979081081    1.266737969    1.266744174    0.840893206
    8.989090090    1.220932235    1.220975562    0.861947652
    8.999099099    1.168685797    1.168767862    0.872420368
    9.009108108    1.121093388    1.121217150    0.870742551
    9.019117117    1.086683594    1.086852574    0.861062270
    9.029126126    1.066152587    1.066371242    0.850761306
    9.039135135    1.052542440    1.052817167    0.845626203
    9.049144144    1.035911313    1.036251421    0.846579244
    9.059153153    1.010748516    1.011166414    0.850852501
    9.069162162    0.979467797    0.979976376    0.856065990
    9.079171171    0.948285103    0.948890765    0.863207266
    9.089180180    0.921874697    0.922567357    0.876295390
    9.099189189    0.902090141    0.902836492    0.899976407
    9.109198198    0.888598870    0.889348510    0.936341754
    9.119207207    0.878840234    0.879544047    0.981513687
    9.129216216    0.868522146    0.869147098    1.024414916
    9.139225225    0.854044504    0.854575982    1.050888599
    9.149234234    0.834277427    0.834715448    1.051753290
    9.159243243    0.809574241    0.809929197    1.028083119
    9.169252252    0.780657993    0.780946268    0.989467378
    9.179261261    0.748893357    0.749132636    0.947313700
    9.189270270    0.716622896    0.716828426    0.909600275
    9.199279279    0.686990983    0.687174066    0.881259502
    9.209288288    0.663061072    0.663229540    0.866371948
    9.219297297    0.647018267    0.647177705    0.867417811
    9.229306306    0.640430168    0.640584920    0.883199490
    9.239315315    0.644524252    0.644677930    0.908997398
    9.249324324    0.659762433    0.659918009    0.938997400
    9.259333333    0.685164633    0.685324346    0.968291208
    9.269342342    0.717466435    0.717631984    0.994262158
    9.279351351    0.751174509    0.751348075    1.019168138
    9.289360360    0.781230268    0.781415951    1.050788275
    9.299369369    0.806206190    0.806410119    1.098435423
    9.309378378    0.827572572    0.827801355    1.168160388
    9.319387387    0.846012762    0.846272160    1.260205626
    9.329396396    0.859527797    0.859822242    1.368447318
    9.339405405    0.864855934    0.865187522    1.481906954
    9.349414414    0.860510532    0.860876587    1.587860544
    9.359423423    0.848805401    0.849195982    1.674609731
    9.369432432    0.834962820    0.835362078    1.734395718
    9.379441441    0.824377420    0.824770509    1.766641333
    9.389450450    0.820587801    0.820967708    1.777278732
    9.399459459    0.824688296    0.825056777    1.774772782
    9.409468468    0.835213259    0.835577210    1.767746861
    9.419477477    0.847877077    0.848244365    1.762485752
    9.429486486    0.856533996    0.856911574    1.758902850
    9.439495495    0.856398583    0.856794170    1.749062790
    9.449504505    0.847122750    0.847547790    1.722219976
    9.459513514    0.831891539    0.832361626    1.674502422
    9.469522523    0.813268844    0.813802355    1.612403768
    9.479531532    0.791528340    0.792146497    1.546297440
    9.489540541    0.767286621    0.768015613    1.484986034
    9.499549550    0.743602417    0.744476870    1.435451950
    9.509558559    0.724320605    0.725387773    1.401821785
    9.519567568    0.711389433    0.712711963    1.382940978
    9.529576577    0.704079104    0.705732370    1.372598973
    9.539585586    0.700132223    0.702192292    1.363561171
    9.549594595    0.697537386    0.700055940    1.351973234
    9.559603604    0.695020702    0.697984442    1.337324561
    9.569612613    0.691039917    0.694329647    1.318244946
    9.579621622    0.683261595    0.686658631    1.289624650
    9.589630631    0.669492041    0.672761239    1.244884827
    9.599639640    0.648911278    0.651897479    1.182090603
    9.609648649    0.622206711    0.624856595    1.107202173
    9.619657658    0.591315815    0.593627079    1.031022814
    9.629666667    0.559342837    0.561304676    0.963913990
    9.639675676    0.529918013    0.531495399    0.912333924
    9.649684685    0.506174105    0.507336245    0.877431408
    9.659693694    0.489895148    0.490645047    0.854318546
    9.669702703    0.481366287    0.481746722    0.833031701
    9.679711712    0.479761467    0.479844041    0.803329411
    9.689720721    0.483502655    0.483366658    0.761515506
    9.699729730    0.490703980    0.490412242    0.712797713
    9.709738739    0.499641194    0.499227939    0.666503935
    9.719747748    0.508873596    0.508348778    0.629861747
    9.729756757    0.517224682    0.516584338    0.605428887
    9.739765766    0.523543359    0.522777151    0.591436619
    9.749774775    0.526069334    0.525163832    0.582951556
    9.759783784    0.522741097    0.521678623    0.573679006
    9.769792793    0.512965252    0.511716636    0.558765614
    9.779801802    0.498677951    0.497189442    0.537132644
    9.789810811    0.483076283    0.481252528    0.510954226
    9.799819820    0.468547113    0.466234291    0.482897521
    9.809828829    0.455714779    0.452701673    0.454120077
    9.819837838    0.443950405    0.440021922    0.424685272
    9.829846847    0.432357180    0.427415338    0.395207360
    9.839855856    0.419609935    0.413809514    0.367049142
    9.849864865    0.403592106    0.397373963    0.341220526
    9.859873874    0.382726595    0.376661480    0.317927058
    9.869882883    0.357342524    0.351883149    0.296626843
    9.879891892    0.329281223    0.324634426    0.276197503
    9.889900901    0.301026482    0.297194961    0.255818725
    9.899909910    0.275071689    0.271955147    0.235867779
    9.909918919    0.253127944    0.250598556    0.217529906
    9.919927928    0.235567275    0.233505945    0.201725520
    9.929936937    0.221442265    0.219750176    0.188645820
    9.939945946    0.209052224    0.207651395    0.178019608
    9.949954955    0.197004784    0.195835066    0.169523339
    9.959963964    0.185089728    0.184105154    0.162917768
    9.969972973    0.174094523    0.173259883    0.158009986
    9.979981982    0.164986338    0.164274393    0.154721581
    9.989990991    0.158445001    0.157834426    0.153208997
   10.000000000    0.154861520    0.154335406    0.153829223
