# energy grid [eV]     epsi_x  epsi_y  epsi_z
#
    0.00100000071084.62389183571084.229415335   16.136523926
    0.011009009 6392.629634980 6392.594614272    1.451843681
    0.021018018 3263.449535167 3263.432315538    0.742151784
    0.031027027 2126.696409833 2126.685968864    0.484772093
    0.041036036 1532.998664370 1532.992046661    0.350708554
    0.051045045 1170.390800742 1170.386811869    0.269167145
    0.061054054  931.265517353  931.263594305    0.215752960
    0.071063063  768.223773539  768.223649658    0.179746436
    0.081072072  657.042515608  657.044092667    0.155692407
    0.091081081  584.257905139  584.261209406    0.140580999
    0.101090090  542.182072956  542.187247988    0.132723550
    0.111099099  526.561380057  526.568678002    0.131226241
    0.121108108  535.164168439  535.173907705    0.135659477
    0.131117117  566.371826948  566.384267448    0.145697630
    0.141126126  617.000312263  617.015368289    0.160528236
    0.151135135  678.955996529  678.972768754    0.177923988
    0.161144144  736.188001715  736.204497752    0.193403770
    0.171153153  766.911748779  766.925663943    0.200937605
    0.181162162  755.040766168  755.051244337    0.196284580
    0.191171171  702.344886181  702.353120937    0.180306916
    0.201180180  626.524116975  626.532010189    0.158058719
    0.211189189  547.805840981  547.814689036    0.134931217
    0.221198198  479.006388931  479.016490601    0.114209639
    0.231207207  424.046492467  424.057041212    0.097031100
    0.241216216  380.459158669  380.468246941    0.083257907
    0.251225225  342.622117876  342.627490857    0.072234362
    0.261234234  305.519925794  305.520570947    0.063261513
    0.271243243  267.735259272  267.732176998    0.055842171
    0.281252252  231.083785014  231.078908048    0.049697061
    0.291261261  197.907335199  197.902140228    0.044651042
    0.301270270  169.345311548  169.340459243    0.040547953
    0.311279279  145.367540058  145.363219994    0.037234172
    0.321288288  125.423358887  125.419634602    0.034569416
    0.331297297  108.879318328  108.876218802    0.032435513
    0.341306306   95.154056382   95.151555111    0.030738181
    0.351315315   83.736238477   83.734258615    0.029404883
    0.361324324   74.189998505   74.188442984    0.028381591
    0.371333333   66.157196051   66.155971495    0.027629858
    0.381342342   59.351799837   59.350826816    0.027124671
    0.391351351   53.549077687   53.548292210    0.026853064
    0.401360360   48.573740422   48.573091833    0.026813168
    0.411369369   44.289243849   44.288692037    0.027012782
    0.421378378   40.588604809   40.588118208    0.027465352
    0.431387387   37.385871902   37.385427383    0.028178814
    0.441396396   34.606598490   34.606184282    0.029129722
    0.451405405   32.176045010   32.175666540    0.030217416
    0.461414414   30.008330760   30.008013823    0.031218325
    0.471423423   28.009597141   28.009375767    0.031816410
    0.481432432   26.107051834   26.106939681    0.031778633
    0.491441441   24.280877480   24.280852821    0.031144703
    0.501450450   22.556181847   22.556205659    0.030186823
    0.511459459   20.964802846   20.964843378    0.029195786
    0.521468468   19.521138329   19.521178693    0.028346229
    0.531477477   18.222036730   18.222070780    0.027698706
    0.541486486   17.055241013   17.055267839    0.027250108
    0.551495495   16.006040461   16.006061020    0.026973374
    0.561504505   15.060541265   15.060556864    0.026837494
    0.571513514   14.206811233   14.206822988    0.026815047
    0.581522523   13.435060801   13.435069506    0.026883997
    0.591531532   12.737466929   12.737473070    0.027027348
    0.601540541   12.107859631   12.107863428    0.027232227
    0.611549550   11.541256965   11.541258398    0.027488957
    0.621558559   11.033065642   11.033064440    0.027790288
    0.631567568   10.577712871   10.577708487    0.028130819
    0.641576577   10.166944389   10.166936042    0.028506569
    0.651585586    9.789550259    9.789537224    0.028914677
    0.661594595    9.435274437    9.435256527    0.029353198
    0.671603604    9.101317600    9.101295160    0.029820979
    0.681612613    8.793793914    8.793767041    0.030317595
    0.691621622    8.522592571    8.522560629    0.030843324
    0.701630631    8.297302099    8.297264089    0.031399190
    0.711639640    8.127247418    8.127202235    0.031987040
    0.721648649    8.022523580    8.022469686    0.032609660
    0.731657658    7.994488853    7.994423921    0.033270875
    0.741666667    8.055747595    8.055668452    0.033975482
    0.751675676    8.218392261    8.218295070    0.034728687
    0.761684685    8.487710846    8.487591600    0.035534363
    0.771693694    8.847955820    8.847811407    0.036391214
    0.781702703    9.241171316    9.241001089    0.037287117
    0.791711712    9.557827927    9.557634447    0.038196793
    0.801720721    9.678132487    9.677919030    0.039093479
    0.811729730    9.563197091    9.562962512    0.039974347
    0.821738739    9.299131754    9.298868070    0.040872861
    0.831747748    9.032064373    9.031759956    0.041840673
    0.841756757    8.877588141    8.877234979    0.042921329
    0.851765766    8.881137425    8.880742965    0.044135862
    0.861774775    9.011125188    9.010730029    0.045475436
    0.871783784    9.156740572    9.156431622    0.046897741
    0.881792793    9.151164295    9.151051431    0.048340625
    0.891801802    8.856784151    8.856925225    0.049757933
    0.901810811    8.266138736    8.266485100    0.051136468
    0.911819820    7.500417678    7.500856744    0.052449140
    0.921828829    6.707573202    6.708007993    0.053592167
    0.931837838    5.983416347    5.983797380    0.054416485
    0.941846847    5.363882766    5.364197210    0.054862871
    0.951855856    4.849214289    4.849467135    0.055041025
    0.961864865    4.425502842    4.425704784    0.055146095
    0.971873874    4.076082986    4.076244950    0.055333538
    0.981882883    3.786017686    3.786149002    0.055677123
    0.991891892    3.543299738    3.543407865    0.056191574
    1.001900901    3.338781300    3.338872075    0.056864462
    1.011909910    3.165721394    3.165799386    0.057675946
    1.021918919    3.019276461    3.019345259    0.058607443
    1.031927928    2.895988279    2.896050599    0.059644396
    1.041936937    2.793166456    2.793223935    0.060776624
    1.051945946    2.707953368    2.708005875    0.061997897
    1.061954955    2.635929999    2.635974594    0.063305436
    1.071963964    2.569835563    2.569866283    0.064699554
    1.081972973    2.500456127    2.500466871    0.066183484
    1.091981982    2.421345852    2.421335794    0.067763360
    1.101990991    2.333610042    2.333585288    0.069448165
    1.112000000    2.244464476    2.244433360    0.071249210
    1.122009009    2.161467505    2.161435822    0.073178111
    1.132018018    2.088851269    2.088821629    0.075241238
    1.142027027    2.027028629    2.027002276    0.077427945
    1.152036036    1.972988301    1.972966995    0.079693327
    1.162045045    1.920898555    1.920885092    0.081950549
    1.172054054    1.864346036    1.864342581    0.084103857
    1.182063063    1.800353406    1.800359184    0.086121494
    1.192072072    1.731265621    1.731277184    0.088070985
    1.202081081    1.662044627    1.662058307    0.090068284
    1.212090090    1.596639473    1.596652965    0.092209708
    1.222099099    1.536811974    1.536824325    0.094550624
    1.232108108    1.482756616    1.482767647    0.097118317
    1.242117117    1.433960743    1.433970594    0.099929544
    1.252126126    1.389731377    1.389740274    0.103001929
    1.262135135    1.349424017    1.349432180    0.106359896
    1.272144144    1.312513549    1.312521167    0.110037664
    1.282153153    1.278599130    1.278606358    0.114080473
    1.292162162    1.247384608    1.247391570    0.118543269
    1.302171171    1.218646302    1.218653088    0.123483444
    1.312180180    1.192184222    1.192190880    0.128941319
    1.322189189    1.167751199    1.167757704    0.134903476
    1.332198198    1.144985640    1.144991887    0.141264383
    1.342207207    1.123445509    1.123451372    0.147846526
    1.352216216    1.102831041    1.102836499    0.154529147
    1.362225225    1.083223268    1.083228457    0.161364225
    1.372234234    1.065020719    1.065025828    0.168474741
    1.382243243    1.048660512    1.048665677    0.175839400
    1.392252252    1.034480044    1.034485357    0.183304872
    1.402261261    1.022791211    1.022796795    0.190893520
    1.412270270    1.013971132    1.013977141    0.199031599
    1.422279279    1.008424749    1.008431302    0.208406580
    1.432288288    1.006454212    1.006461307    0.219686821
    1.442297297    1.008136181    1.008143634    0.233386089
    1.452306306    1.013275820    1.013283248    0.249819390
    1.462315315    1.021334801    1.021341660    0.268964369
    1.472324324    1.031049358    1.031055013    0.290140287
    1.482333333    1.039969384    1.039973311    0.311733897
    1.492342342    1.044968261    1.044970638    0.331664083
    1.502351351    1.044131961    1.044134259    0.348910129
    1.512360360    1.038312940    1.038317319    0.364629730
    1.522369369    1.030514815    1.030522430    0.381182240
    1.532378378    1.024080501    1.024090806    0.400202467
    1.542387387    1.021500206    1.021511977    0.421924136
    1.552396396    1.024485516    1.024498050    0.446113949
    1.562405405    1.034738043    1.034751409    0.473130488
    1.572414414    1.054163522    1.054178114    0.503520300
    1.582423423    1.084501651    1.084517932    0.536899555
    1.592432432    1.127375991    1.127394806    0.572332044
    1.602441441    1.184796106    1.184818941    0.610193580
    1.612450450    1.259119064    1.259147326    0.652547177
    1.622459459    1.352103014    1.352136530    0.700565993
    1.632468468    1.463072133    1.463107954    0.751672965
    1.642477477    1.585443321    1.585475465    0.799816295
    1.652486486    1.702941054    1.702961249    0.839672981
    1.662495495    1.791480063    1.791480617    0.870625348
    1.672504505    1.830955978    1.830934707    0.895664415
    1.682513514    1.817444570    1.817407050    0.918274847
    1.692522523    1.761004860    1.760961129    0.942231685
    1.702531532    1.674741423    1.674700778    0.972417983
    1.712540541    1.571300712    1.571268600    1.013824631
    1.722549550    1.465136246    1.465114248    1.069704385
    1.732558559    1.370212650    1.370200176    1.140959828
    1.742567568    1.295584003    1.295579579    1.227906380
    1.752576577    1.244598345    1.244599766    1.333189010
    1.762585586    1.216193372    1.216197413    1.462989306
    1.772594595    1.205966593    1.205969286    1.624745137
    1.782603604    1.207569260    1.207567395    1.821719619
    1.792612613    1.214687920    1.214680354    2.046664928
    1.802621622    1.222145380    1.222132004    2.278635974
    1.812630631    1.226615890    1.226595743    2.488892477
    1.822639640    1.228708865    1.228679982    2.657833829
    1.832648649    1.234080260    1.234040684    2.792530555
    1.842657658    1.250698258    1.250647296    2.926932675
    1.852666667    1.283540028    1.283480235    3.100218522
    1.862675676    1.329914967    1.329854238    3.331780262
    1.872684685    1.378323977    1.378274570    3.611524037
    1.882693694    1.413967610    1.413939355    3.910843035
    1.892702703    1.429407708    1.429401051    4.205002833
    1.902711712    1.428477845    1.428486541    4.475684535
    1.912720721    1.416804452    1.416824370    4.681259594
    1.922729730    1.392168314    1.392200542    4.745469601
    1.932738739    1.348457788    1.348503438    4.610691320
    1.942747748    1.287290941    1.287345669    4.303245245
    1.952756757    1.220476726    1.220532380    3.920987458
    1.962765766    1.161078457    1.161128826    3.564286163
    1.972774775    1.115353940    1.115398144    3.293395061
    1.982783784    1.081521584    1.081563382    3.128957570
    1.992792793    1.053708442    1.053752574    3.065831328
    2.002801802    1.027990122    1.028038558    3.082123129
    2.012810811    1.005345246    1.005396724    3.145870610
    2.022819820    0.989083598    0.989135407    3.227683050
    2.032828829    0.980735225    0.980783723    3.312726717
    2.042837838    0.977656381    0.977696382    3.393406185
    2.052846847    0.973205697    0.973231604    3.451467922
    2.062855856    0.960833603    0.960843262    3.462041795
    2.072864865    0.939636907    0.939633960    3.417347923
    2.082873874    0.914730250    0.914721203    3.332163274
    2.092882883    0.892046225    0.892035801    3.228410586
    2.102891892    0.874322300    0.874311864    3.128647225
    2.112900901    0.861569613    0.861558543    3.055345060
    2.122909910    0.853452650    0.853440104    3.020760718
    2.132918919    0.850455736    0.850441517    3.019002012
    2.142927928    0.853608448    0.853592978    3.035145915
    2.152936937    0.864089698    0.864073481    3.064882754
    2.162945946    0.883642502    0.883625745    3.121226652
    2.172954955    0.915156277    0.915138874    3.219865543
    2.182963964    0.962257262    0.962238975    3.363911908
    2.192972973    1.028401734    1.028382626    3.546215925
    2.202981982    1.116320538    1.116301651    3.763560248
    2.212990991    1.227798566    1.227782312    4.024564438
    2.223000000    1.364009502    1.363998644    4.347615821
    2.233009009    1.526310683    1.526305982    4.755571958
    2.243018018    1.714667434    1.714666850    5.259131153
    2.253027027    1.921050406    1.921051373    5.826195772
    2.263036036    2.123170142    2.123172414    6.362012446
    2.273045045    2.290115399    2.290122580    6.734784347
    2.283054054    2.400212091    2.400231647    6.843568833
    2.293063063    2.450775206    2.450815059    6.665132911
    2.303072072    2.449771978    2.449832484    6.250163820
    2.313081081    2.406404057    2.406472710    5.698982169
    2.323090090    2.328642537    2.328701229    5.119393957
    2.333099099    2.222004792    2.222042403    4.582309007
    2.343108108    2.088605300    2.088620758    4.114769745
    2.353117117    1.930489761    1.930487460    3.723251600
    2.363126126    1.757825695    1.757811904    3.412643581
    2.373135135    1.589475412    1.589456256    3.188096677
    2.383144144    1.442221371    1.442201669    3.047965574
    2.393153153    1.322220747    1.322204222    2.977624681
    2.403162162    1.225671651    1.225661322    2.948745816
    2.413171171    1.145305559    1.145303026    2.928895717
    2.423180180    1.077126843    1.077131405    2.901585550
    2.433189189    1.022154203    1.022163491    2.878948125
    2.443198198    0.983278128    0.983289646    2.891113742
    2.453207207    0.962305795    0.962317875    2.966443021
    2.463216216    0.959498704    0.959510461    3.121267235
    2.473225225    0.973777234    0.973787503    3.355135186
    2.483234234    1.001795039    1.001800698    3.640407356
    2.493243243    1.036528549    1.036523546    3.909646182
    2.503252252    1.068052590    1.068029629    4.065319650
    2.513261261    1.088858114    1.088813234    4.033507077
    2.523270270    1.100185817    1.100120958    3.822783274
    2.533279279    1.111326769    1.111246556    3.514122236
    2.543288288    1.132667200    1.132574355    3.196622946
    2.553297297    1.171298724    1.171192676    2.926038249
    2.563306306    1.232098512    1.231976765    2.725355968
    2.573315315    1.319333699    1.319194865    2.598811318
    2.583324324    1.434038121    1.433887183    2.538987087
    2.593333333    1.567397944    1.567253918    2.525601225
    2.603342342    1.694289917    1.694190515    2.523822339
    2.613351351    1.776389525    1.776378908    2.494212886
    2.623360360    1.783706898    1.783803350    2.417037204
    2.633369369    1.719516490    1.719693894    2.307131355
    2.643378378    1.617053635    1.617263816    2.199505012
    2.653387387    1.512140862    1.512346047    2.125649407
    2.663396396    1.425105048    1.425288026    2.104365979
    2.673405405    1.362802886    1.362960382    2.144848618
    2.683414414    1.327747323    1.327881596    2.251241511
    2.693423423    1.321429494    1.321543616    2.423216126
    2.703432432    1.340443388    1.340538891    2.651253066
    2.713441441    1.371633398    1.371708843    2.908592830
    2.723450450    1.393054126    1.393105781    3.149495239
    2.733459459    1.385342494    1.385368421    3.328748938
    2.743468468    1.346293959    1.346297961    3.434405853
    2.753477477    1.290833276    1.290823430    3.490846108
    2.763486486    1.236089543    1.236073626    3.520954451
    2.773495495    1.190572583    1.190555582    3.518412601
    2.783504505    1.156048797    1.156032773    3.466179744
    2.793513514    1.134187381    1.134172290    3.371908127
    2.803522523    1.128085382    1.128070383    3.268310017
    2.813531532    1.138693956    1.138678541    3.182930306
    2.823540541    1.162647971    1.162632417    3.123124128
    2.833549550    1.194259107    1.194244480    3.088692297
    2.843558559    1.229456223    1.229444069    3.085733793
    2.853567568    1.268285757    1.268277120    3.121278012
    2.863576577    1.313402400    1.313396291    3.186380226
    2.873585586    1.365838661    1.365831326    3.246841196
    2.883594595    1.423777491    1.423764019    3.258746008
    2.893603604    1.486396421    1.486374190    3.205003241
    2.903612613    1.555902389    1.555873221    3.112785336
    2.913621622    1.631030880    1.631000712    3.028803856
    2.923630631    1.698849261    1.698827669    2.986820115
    2.933639640    1.737481198    1.737480240    2.999823579
    2.943648649    1.730214280    1.730242754    3.070260769
    2.953657658    1.678086579    1.678142173    3.198205111
    2.963666667    1.598158284    1.598226967    3.377731467
    2.973675676    1.509079976    1.509143925    3.589105475
    2.983684685    1.420716254    1.420762815    3.801933802
    2.993693694    1.336324754    1.336350490    3.988945419
    3.003702703    1.257967407    1.257975723    4.133114601
    3.013711712    1.187916432    1.187913270    4.227805344
    3.023720721    1.128290320    1.128281500    4.278820702
    3.033729730    1.079427751    1.079416816    4.290649669
    3.043738739    1.037706006    1.037693465    4.242281027
    3.053747748    0.997664888    0.997650616    4.099684330
    3.063756757    0.957980021    0.957966199    3.864073832
    3.073765766    0.923224012    0.923215090    3.588042162
    3.083774775    0.899082688    0.899083444    3.337703612
    3.093783784    0.887984804    0.887998875    3.154669035
    3.103792793    0.889114133    0.889143155    3.048704624
    3.113801802    0.899897720    0.899940597    3.005232604
    3.123810811    0.915787196    0.915838860    2.990271854
    3.133819820    0.929542260    0.929592372    2.956915548
    3.143828829    0.932771094    0.932806418    2.867206754
    3.153837838    0.920545473    0.920557749    2.719806303
    3.163846847    0.896220320    0.896212252    2.550181361
    3.173855856    0.870460662    0.870442188    2.401745479
    3.183864865    0.854473287    0.854453501    2.302409878
    3.193873874    0.854366326    0.854349606    2.261213612
    3.203882883    0.869687178    0.869673788    2.275286313
    3.213891892    0.894515657    0.894503768    2.338106134
    3.223900901    0.920575708    0.920563337    2.444686493
    3.233909910    0.942307501    0.942293841    2.590768156
    3.243918919    0.959649815    0.959635112    2.764890873
    3.253927928    0.974721492    0.974705784    2.936902886
    3.263936937    0.987728292    0.987711096    3.056771777
    3.273945946    0.997867746    0.997849161    3.075236416
    3.283954955    1.006165535    1.006146943    2.974077966
    3.293963964    1.015229299    1.015213300    2.779378890
    3.303972973    1.025480419    1.025471070    2.544107606
    3.313981982    1.032196247    1.032198046    2.316964374
    3.323990991    1.028147875    1.028161772    2.125731051
    3.334000000    1.009700199    1.009721169    1.978937855
    3.344009009    0.979925391    0.979946330    1.874897983
    3.354018018    0.947102811    0.947119946    1.810182354
    3.364027027    0.920065520    0.920079569    1.782547865
    3.374036036    0.902618201    0.902632082    1.789609758
    3.384045045    0.891363148    0.891378684    1.828846108
    3.394054054    0.878650911    0.878666810    1.898682021
    3.404063063    0.857819636    0.857833366    1.996219082
    3.414072072    0.826239402    0.826250543    2.111003125
    3.424081081    0.784195120    0.784205208    2.218844356
    3.434090090    0.732981844    0.732991907    2.285020411
    3.444099099    0.675426956    0.675436765    2.283114656
    3.454108108    0.616415773    0.616424797    2.212738467
    3.464117117    0.561005514    0.561013529    2.092953006
    3.474126126    0.512238633    0.512245645    1.945018127
    3.484135135    0.471105059    0.471111126    1.788796158
    3.494144144    0.437774452    0.437779677    1.644963819
    3.504153153    0.412325121    0.412329665    1.531280177
    3.514162162    0.394752231    0.394756266    1.458433887
    3.524171171    0.384842744    0.384846398    1.430167956
    3.534180180    0.382085244    0.382088570    1.444761744
    3.544189189    0.385414296    0.385417255    1.494379969
    3.554198198    0.392750367    0.392752843    1.562303216
    3.564207207    0.400788581    0.400790492    1.622632749
    3.574216216    0.405736861    0.405738344    1.648282513
    3.584225225    0.404845854    0.404847341    1.623547521
    3.594234234    0.397593442    0.397595460    1.549852881
    3.604243243    0.385867444    0.385870273    1.443306051
    3.614252252    0.373108211    0.373111720    1.327581583
    3.624261261    0.362880588    0.362884430    1.224171134
    3.634270270    0.357852102    0.357855989    1.146434219
    3.644279279    0.359651185    0.359655019    1.100160529
    3.654288288    0.369238775    0.369242630    1.086862674
    3.664297297    0.387198203    0.387202303    1.106102910
    3.674306306    0.413555391    0.413560098    1.155537360
    3.684315315    0.446907545    0.446913292    1.228534388
    3.694324324    0.482917983    0.482924958    1.310339846
    3.704333333    0.513327995    0.513335483    1.377042226
    3.714342342    0.528162736    0.528168860    1.404327274
    3.724351351    0.521964595    0.521967633    1.384110845
    3.734360360    0.498389983    0.498389985    1.331577603
    3.744369369    0.467249765    0.467248134    1.273629649
    3.754378378    0.437849180    0.437847315    1.232884006
    3.764387387    0.415559729    0.415558486    1.220361834
    3.774396396    0.402186916    0.402186812    1.234959764
    3.784405405    0.397383061    0.397384593    1.264044462
    3.794414414    0.399691226    0.399694961    1.285984887
    3.804423423    0.407336397    0.407342739    1.279977902
    3.814432432    0.419009879    0.419018904    1.240402861
    3.824441441    0.434251138    0.434262916    1.180769495
    3.834450450    0.453022139    0.453037142    1.122298633
    3.844459459    0.475068180    0.475087134    1.081284403
    3.854468468    0.500096577    0.500119710    1.065197774
    3.864477477    0.528022688    0.528048815    1.073955967
    3.874486486    0.557532504    0.557558513    1.100987568
    3.884495495    0.584411312    0.584432811    1.134391874
    3.894504505    0.603407712    0.603421385    1.162132938
    3.904513514    0.613054424    0.613060216    1.180245486
    3.914522523    0.617026921    0.617027129    1.194626418
    3.924531532    0.620130966    0.620127733    1.213926674
    3.934540541    0.625310990    0.625305467    1.244015855
    3.944549550    0.634447139    0.634439874    1.288274262
    3.954558559    0.648553446    0.648544144    1.346985137
    3.964567568    0.665443616    0.665430779    1.414142872
    3.974576577    0.678815077    0.678797187    1.479111828
    3.984585586    0.681705484    0.681683315    1.535379604
    3.994594595    0.671480622    0.671457385    1.585290104
    4.004603604    0.651666229    0.651644571    1.632451480
    4.014612613    0.629876819    0.629856795    1.671574882
    4.024621622    0.613879527    0.613859636    1.687914316
    4.034630631    0.608644134    0.608623140    1.666858105
    4.044639640    0.615699184    0.615677107    1.607293221
    4.054648649    0.633258408    0.633236872    1.525751804
    4.064657658    0.656068067    0.656050044    1.444014570
    4.074666667    0.676326982    0.676315534    1.373934380
    4.084675676    0.686773794    0.686770222    1.314817849
    4.094684685    0.684501538    0.684504264    1.262185465
    4.104693694    0.672486224    0.672491744    1.215916490
    4.114702703    0.656854219    0.656859751    1.179282076
    4.124711712    0.642585481    0.642590529    1.154131035
    4.134720721    0.631793679    0.631799582    1.140682919
    4.144729730    0.624178371    0.624187125    1.139459222
    4.154738739    0.617919843    0.617932529    1.148727294
    4.164747748    0.611079821    0.611095435    1.159514945
    4.174756757    0.602607608    0.602623983    1.156533833
    4.184765766    0.592228746    0.592244478    1.128291522
    4.194774775    0.580477021    0.580491722    1.076634164
    4.204783784    0.568781225    0.568794505    1.013221574
    4.214792793    0.558293890    0.558305014    0.948641874
    4.224801802    0.548809740    0.548817954    0.888159099
    4.234810811    0.539602752    0.539607624    0.834770930
    4.244819820    0.530879083    0.530880543    0.791574403
    4.254828829    0.523847313    0.523845193    0.760812030
    4.264837838    0.519601680    0.519595361    0.742721940
    4.274846847    0.518694979    0.518683676    0.736099657
    4.284855856    0.522171618    0.522154842    0.739769255
    4.294864865    0.532176418    0.532154113    0.753412908
    4.304873874    0.550816767    0.550789451    0.777484347
    4.314882883    0.578381493    0.578350975    0.812865006
    4.324891892    0.611959735    0.611930122    0.860138551
    4.334900901    0.645145973    0.645123505    0.918999600
    4.344909910    0.670154178    0.670144430    0.989241889
    4.354918919    0.682161297    0.682165219    1.072412611
    4.364927928    0.682514996    0.682527983    1.170937523
    4.374936937    0.677704041    0.677719234    1.283404116
    4.384945946    0.675434129    0.675445958    1.398091671
    4.394954955    0.681691904    0.681697218    1.490562384
    4.404963964    0.699928156    0.699926266    1.533247922
    4.414972973    0.731061025    0.731054085    1.515605709
    4.424981982    0.773442766    0.773436107    1.454990213
    4.434990991    0.823187045    0.823187598    1.383998730
    4.445000000    0.876601781    0.876613446    1.330541170
    4.455009009    0.934260436    0.934280344    1.309704625
    4.465018018    1.001445668    1.001466940    1.325444564
    4.475027027    1.082662448    1.082680708    1.373285995
    4.485036036    1.175633684    1.175650981    1.441427959
    4.495045045    1.270917590    1.270941593    1.513948522
    4.505054054    1.358963102    1.359001853    1.579287934
    4.515063063    1.438710017    1.438766033    1.637671866
    4.525072072    1.517409258    1.517479024    1.699130657
    4.535081081    1.601365727    1.601442575    1.776244420
    4.545090090    1.687085793    1.687159440    1.876452646
    4.555099099    1.759115362    1.759170056    1.992658626
    4.565108108    1.794924312    1.794945388    2.097775021
    4.575117117    1.775330333    1.775317552    2.155421932
    4.585126126    1.696798288    1.696767287    2.146750975
    4.595135135    1.575388839    1.575356398    2.086846319
    4.605144144    1.437663172    1.437636172    2.011350303
    4.615153153    1.307869336    1.307846610    1.953520034
    4.625162162    1.200945517    1.200923645    1.933475230
    4.635171171    1.122128389    1.122104983    1.957520211
    4.645180180    1.069477909    1.069452543    2.019352753
    4.655189189    1.036422508    1.036396487    2.100725127
    4.665198198    1.014871184    1.014846377    2.176907765
    4.675207207    0.999975407    0.999952717    2.230580492
    4.685216216    0.992870256    0.992849275    2.262104242
    4.695225225    0.997758756    0.997738822    2.285404290
    4.705234234    1.017167099    1.017147980    2.318665662
    4.715243243    1.050690476    1.050671740    2.376491877
    4.725252252    1.097512406    1.097492390    2.462688401
    4.735261261    1.159378109    1.159354123    2.568132995
    4.745270270    1.240738415    1.240708695    2.677425710
    4.755279279    1.346030263    1.345996226    2.780402818
    4.765288288    1.475158786    1.475125743    2.875796145
    4.775297297    1.617764549    1.617740002    2.963652889
    4.785306306    1.750077788    1.750066883    3.037225384
    4.795315315    1.841443315    1.841443864    3.077243015
    4.805324324    1.871667333    1.871670884    3.055154876
    4.815333333    1.845022363    1.845021466    2.954563154
    4.825342342    1.786029411    1.786022647    2.790762871
    4.835351351    1.721932976    1.721924497    2.601384892
    4.845360360    1.669143512    1.669139354    2.421102859
    4.855369369    1.631935858    1.631940251    2.267142372
    4.865378378    1.606004899    1.606020662    2.138233028
    4.875387387    1.579638419    1.579670109    2.021782332
    4.885396396    1.537417857    1.537470616    1.906239231
    4.895405405    1.471168328    1.471241920    1.790687770
    4.905414414    1.387890521    1.387977770    1.683924048
    4.915423423    1.304013451    1.304105747    1.596417382
    4.925432432    1.234426504    1.234518255    1.535267593
    4.935441441    1.187344683    1.187432794    1.504884414
    4.945450450    1.163733571    1.163814622    1.508531017
    4.955459459    1.157804192    1.157872826    1.548206938
    4.965468468    1.159522965    1.159574154    1.623962268
    4.975477477    1.160344445    1.160378349    1.733868199
    4.985486486    1.158627987    1.158651105    1.875745559
    4.995495495    1.160112475    1.160133304    2.049943801
    5.005504505    1.174137961    1.174162708    2.258492132
    5.015513514    1.208870002    1.208901679    2.498771461
    5.025522523    1.268398628    1.268438073    2.759196605
    5.035531532    1.353105478    1.353152386    3.025302215
    5.045540541    1.461459734    1.461512375    3.291907127
    5.055549550    1.588891430    1.588944267    3.561811779
    5.065558559    1.722122794    1.722163713    3.823007434
    5.075567568    1.834740250    1.834752409    4.029258596
    5.085576577    1.894222550    1.894194066    4.114642856
    5.095585586    1.882021035    1.881955168    4.038314573
    5.105594595    1.808068144    1.807981910    3.815204588
    5.115603604    1.701717483    1.701630168    3.502925984
    5.125612613    1.590942202    1.590865776    3.166905487
    5.135621622    1.491953578    1.491891311    2.855071513
    5.145630631    1.411016954    1.410967577    2.590835797
    5.155639640    1.349667936    1.349629000    2.379949203
    5.165648649    1.309157363    1.309125527    2.220651166
    5.175657658    1.291706076    1.291677433    2.108231931
    5.185666667    1.297361709    1.297333414    2.033970970
    5.195675676    1.319431439    1.319402938    1.983005777
    5.205684685    1.343327186    1.343299834    1.936884197
    5.215693694    1.352977186    1.352952277    1.883686429
    5.225702703    1.342359181    1.342336248    1.826941071
    5.235711712    1.319526493    1.319504048    1.782065307
    5.245720721    1.297615613    1.297593228    1.764256719
    5.255729730    1.284419020    1.284398601    1.779384836
    5.265738739    1.279520081    1.279506061    1.821317732
    5.275747748    1.277804886    1.277802364    1.874003388
    5.285756757    1.275790076    1.275801326    1.919128392
    5.295765766    1.275309560    1.275333393    1.948715963
    5.305774775    1.281076739    1.281111762    1.972136056
    5.315783784    1.296397969    1.296444809    2.008098622
    5.325792793    1.322928053    1.322987948    2.070870176
    5.335801802    1.363228733    1.363301585    2.163084164
    5.345810811    1.420517242    1.420601506    2.274729792
    5.355819820    1.495378177    1.495470131    2.386665068
    5.365828829    1.583302143    1.583393246    2.481761312
    5.375837838    1.673998781    1.674075177    2.557795479
    5.385846847    1.754140422    1.754189493    2.626778338
    5.395855856    1.816220367    1.816240557    2.701100934
    5.405864865    1.865686067    1.865687731    2.780159163
    5.415873874    1.916034265    1.916030656    2.846646232
    5.425882883    1.979660771    1.979661653    2.880902710
    5.435891892    2.066254093    2.066266263    2.885178617
    5.445900901    2.185135792    2.185165027    2.887163437
    5.455909910    2.342633439    2.342684853    2.916306485
    5.465918919    2.534943123    2.535020289    2.980493827
    5.475927928    2.744732846    2.744835167    3.061544812
    5.485936937    2.948171262    2.948291929    3.128438375
    5.495945946    3.128727447    3.128857152    3.157692509
    5.505954955    3.282482355    3.282613456    3.143681063
    5.515963964    3.406293038    3.406413280    3.089053120
    5.525972973    3.485104260    3.485189599    2.990859629
    5.535981982    3.501959575    3.501985588    2.846049083
    5.545990991    3.463951486    3.463917000    2.669122192
    5.556000000    3.409060577    3.408991740    2.492963449
    5.566009009    3.381032416    3.380962224    2.350773483
    5.576018018    3.400344126    3.400294946    2.261893530
    5.586027027    3.456955739    3.456936553    2.230529564
    5.596036036    3.525098822    3.525109952    2.250748627
    5.606045045    3.585510013    3.585547526    2.312698893
    5.616054054    3.636966773    3.637021523    2.409549335
    5.626063063    3.691027356    3.691082324    2.542344509
    5.636072072    3.758074167    3.758109644    2.717571286
    5.646081081    3.836741036    3.836745932    2.939174183
    5.656090090    3.915034703    3.915010816    3.200810327
    5.666099099    3.980730409    3.980685860    3.481970015
    5.676108108    4.032438120    4.032380362    3.752110484
    5.686117117    4.084848699    4.084783986    3.978801084
    5.696126126    4.163027399    4.162963804    4.132727612
    5.706135135    4.286147876    4.286097128    4.196822581
    5.716144144    4.453849650    4.453825577    4.175841230
    5.726153153    4.649845770    4.649858581    4.087987499
    5.736162162    4.860390052    4.860440221    3.951576962
    5.746171171    5.082317038    5.082395893    3.789294239
    5.756180180    5.307701344    5.307797105    3.631193683
    5.766189189    5.508025813    5.508126913    3.498409407
    5.776198198    5.642441861    5.642537558    3.391460438
    5.786207207    5.686422650    5.686507075    3.301796908
    5.796216216    5.651872619    5.651946297    3.227930240
    5.806225225    5.578852002    5.578913223    3.174700394
    5.816234234    5.513414416    5.513450422    3.143736765
    5.826243243    5.494250067    5.494242098    3.130828477
    5.836252252    5.551630659    5.551571416    3.127053368
    5.846261261    5.709119622    5.709022876    3.117435251
    5.856270270    5.974227443    5.974118576    3.085834845
    5.866279279    6.321765739    6.321668164    3.030931530
    5.876288288    6.692295912    6.692224062    2.972284187
    5.886297297    7.014996101    7.014952691    2.933051891
    5.896306306    7.236236415    7.236214487    2.921222108
    5.906315315    7.332449299    7.332438458    2.926977014
    5.916324324    7.307548467    7.307539398    2.929965143
    5.926333333    7.176701997    7.176687839    2.908356072
    5.936342342    6.944832872    6.944810249    2.849370720
    5.946351351    6.608796648    6.608765214    2.757362095
    5.956360360    6.183137089    6.183097168    2.649179264
    5.966369369    5.709883481    5.709834954    2.539928785
    5.976378378    5.242001850    5.241945939    2.437657030
    5.986387387    4.826915256    4.826857450    2.351403555
    5.996396396    4.498495340    4.498444865    2.295351062
    6.006405405    4.272281624    4.272246463    2.281292210
    6.016414414    4.147389023    4.147370761    2.311020573
    6.026423423    4.115694783    4.115688195    2.375940450
    6.036432432    4.170422102    4.170419268    2.460047623
    6.046441441    4.306309022    4.306302871    2.541672781
    6.056450450    4.510907849    4.510893837    2.592211972
    6.066459459    4.755979312    4.755957474    2.578692036
    6.076468468    5.000148993    5.000126525    2.482919574
    6.086477477    5.205670341    5.205661685    2.322110972
    6.096486486    5.355582808    5.355603938    2.139374125
    6.106495495    5.456343157    5.456402438    1.974427489
    6.116504505    5.532439088    5.532531804    1.846323115
    6.126513514    5.616084768    5.616195826    1.753780998
    6.136522523    5.725650438    5.725761135    1.683969836
    6.146531532    5.849398818    5.849490896    1.624282935
    6.156540541    5.950116507    5.950174679    1.570958399
    6.166549550    5.978663280    5.978680732    1.526804083
    6.176558559    5.887423096    5.887405255    1.491944754
    6.186567568    5.649825374    5.649785028    1.460189741
    6.196576577    5.279732957    5.279683196    1.424720487
    6.206585586    4.829972498    4.829924469    1.385566161
    6.216594595    4.365132738    4.365094918    1.350348923
    6.226603604    3.935870448    3.935846757    1.328343502
    6.236612613    3.572460184    3.572449861    1.325735087
    6.246621622    3.287631518    3.287632476    1.345866607
    6.256630631    3.081874272    3.081886965    1.390972251
    6.266639640    2.950688339    2.950716009    1.463250564
    6.276648649    2.888433017    2.888477690    1.565216322
    6.286657658    2.884651087    2.884709044    1.696910872
    6.296666667    2.916935185    2.916994816    1.850345076
    6.306675676    2.950112378    2.950156533    2.008086669
    6.316684685    2.949105517    2.949119982    2.150215291
    6.326693694    2.897199076    2.897181428    2.259612284
    6.336702703    2.799792551    2.799751845    2.315358209
    6.346711712    2.671287777    2.671236001    2.292067271
    6.356720721    2.523141867    2.523086636    2.182081884
    6.366729730    2.362594214    2.362538615    2.011675608
    6.376738739    2.196901790    2.196849001    1.823928376
    6.386747748    2.036783045    2.036737747    1.652327525
    6.396756757    1.894876014    1.894841565    1.511094760
    6.406765766    1.779868846    1.779845745    1.398292323
    6.416774775    1.692637072    1.692623460    1.302890270
    6.426783784    1.627832714    1.627825214    1.212951861
    6.436792793    1.578338885    1.578334085    1.121790031
    6.446801802    1.539692854    1.539689134    1.029663458
    6.456810811    1.511927266    1.511924352    0.941887108
    6.466819820    1.496201263    1.496196795    0.864911873
    6.476828829    1.489389039    1.489375877    0.802896820
    6.486837838    1.483248086    1.483216612    0.756974688
    6.496846847    1.470688077    1.470633437    0.726268255
    6.506855856    1.453397531    1.453324382    0.708689910
    6.516864865    1.440753291    1.440672527    0.700852769
    6.526873874    1.441179685    1.441103029    0.697788087
    6.536882883    1.456634396    1.456572606    0.694051848
    6.546891892    1.483267471    1.483229432    0.686710913
    6.556900901    1.514200235    1.514188595    0.677125434
    6.566909910    1.542155795    1.542162982    0.668712709
    6.576918919    1.561142970    1.561156019    0.663495311
    6.586927928    1.566318158    1.566328634    0.661086814
    6.596936937    1.551835247    1.551842753    0.659593023
    6.606945946    1.510533878    1.510541544    0.656819010
    6.616954955    1.440745627    1.440754905    0.651686314
    6.626963964    1.352835066    1.352844714    0.645578331
    6.636972973    1.264711092    1.264719046    0.642209902
    6.646981982    1.191703902    1.191709114    0.645747834
    6.656990991    1.141559861    1.141563001    0.659080588
    6.667000000    1.115810529    1.115813471    0.683647157
    6.677009009    1.113021083    1.113025429    0.720417632
    6.687018018    1.130420150    1.130426065    0.771076118
    6.697027027    1.162751778    1.162758151    0.838264198
    6.707036036    1.200160111    1.200164899    0.923814711
    6.717045045    1.229519956    1.229520107    1.025145083
    6.727054054    1.240671772    1.240664813    1.131254973
    6.737063063    1.232197112    1.232184400    1.222178277
    6.747072072    1.211165806    1.211152779    1.277947389
    6.757081081    1.188392854    1.188384935    1.293944381
    6.767090090    1.173963577    1.173962475    1.284332407
    6.777099099    1.174226882    1.174230479    1.267003185
    6.787108108    1.189817677    1.189821591    1.248455134
    6.797117117    1.215748210    1.215746863    1.223707366
    6.807126126    1.244995235    1.244983454    1.188330753
    6.817135135    1.275067756    1.275043659    1.148344254
    6.827144144    1.312238148    1.312204382    1.117727390
    6.837153153    1.367965011    1.367926520    1.109995067
    6.847162162    1.450815046    1.450776674    1.134037913
    6.857171171    1.560826696    1.560793141    1.194566216
    6.867180180    1.688358797    1.688335360    1.292865986
    6.877189189    1.815635033    1.815626871    1.425097938
    6.887198198    1.917959890    1.917968961    1.577530705
    6.897207207    1.967657924    1.967679557    1.721466329
    6.907216216    1.947434127    1.947458718    1.816131517
    6.917225225    1.862617153    1.862636971    1.827430717
    6.927234234    1.736235004    1.736247990    1.751723729
    6.937243243    1.594191417    1.594199143    1.617690740
    6.947252252    1.456111050    1.456115270    1.464454860
    6.957261261    1.334178592    1.334180122    1.321258768
    6.967270270    1.234231899    1.234231182    1.202049677
    6.977279279    1.156956103    1.156953683    1.110255267
    6.987288288    1.099653484    1.099650187    1.045019224
    6.997297297    1.058062028    1.058058888    1.004165421
    7.007306306    1.028657910    1.028655523    0.984793664
    7.017315315    1.010824942    1.010822750    0.984006244
    7.027324324    1.006501653    1.006498120    1.000141058
    7.037333333    1.017299276    1.017292754    1.033352927
    7.047342342    1.041228053    1.041217582    1.084684506
    7.057351351    1.070923076    1.070909050    1.154208703
    7.067360360    1.095450649    1.095435161    1.240265069
    7.077369369    1.106436774    1.106422716    1.341063460
    7.087378378    1.104232950    1.104222017    1.456887958
    7.097387387    1.097215505    1.097207302    1.589561647
    7.107396396    1.095298690    1.095291402    1.739911985
    7.117405405    1.105999289    1.105990161    1.907417622
    7.127414414    1.134772817    1.134758679    2.090992205
    7.137423423    1.184802308    1.184781074    2.286444327
    7.147432432    1.255007014    1.254979557    2.483826064
    7.157441441    1.338356817    1.338328383    2.670240282
    7.167450450    1.421447177    1.421426784    2.829670699
    7.177459459    1.487352042    1.487347620    2.933232983
    7.187468468    1.524348655    1.524360259    2.941758261
    7.197477477    1.534386925    1.534406374    2.834744604
    7.207486486    1.530476391    1.530494549    2.634049404
    7.217495495    1.525365966    1.525378542    2.391728922
    7.227504505    1.522505198    1.522513314    2.158588254
    7.237513514    1.515675995    1.515684621    1.964857321
    7.247522523    1.496679766    1.496695442    1.820209344
    7.257531532    1.461818590    1.461845387    1.722284384
    7.267540541    1.410672311    1.410707921    1.664605781
    7.277549550    1.343867139    1.343904182    1.640743672
    7.287558559    1.265192900    1.265224235    1.642687206
    7.297567568    1.182487265    1.182509024    1.655928888
    7.307576577    1.103777439    1.103788862    1.660594124
    7.317585586    1.034467156    1.034469774    1.643076552
    7.327594595    0.977944290    0.977941005    1.606248506
    7.337603604    0.936111863    0.936105596    1.565002496
    7.347612613    0.909206987    0.909199589    1.534526864
    7.357621622    0.895666983    0.895659305    1.523018797
    7.367630631    0.891366687    0.891359593    1.529039232
    7.377639640    0.889708760    0.889703709    1.543349080
    7.387648649    0.885052654    0.885050805    1.557128941
    7.397657658    0.877272948    0.877273804    1.571108635
    7.407666667    0.872104868    0.872106426    1.595929595
    7.417675676    0.877345571    0.877345604    1.645098146
    7.427684685    0.899691352    0.899688264    1.729001261
    7.437693694    0.943738806    0.943731717    1.851091575
    7.447702703    1.011584664    1.011573283    2.004028036
    7.457711712    1.101768835    1.101753779    2.168200722
    7.467720721    1.207183642    1.207167155    2.317404536
    7.477729730    1.312773345    1.312759564    2.430418561
    7.487738739    1.395502237    1.395496173    2.498248723
    7.497747748    1.431272599    1.431277357    2.521347144
    7.507756757    1.410265456    1.410279491    2.505983513
    7.517765766    1.346494127    1.346512132    2.465025473
    7.527774775    1.266769962    1.266786573    2.414882934
    7.537783784    1.191765503    1.191778093    2.370985089
    7.547792793    1.128242411    1.128251852    2.347321759
    7.557801802    1.073077358    1.073086702    2.352184713
    7.567810811    1.021256822    1.021268365    2.378701887
    7.577819820    0.971172662    0.971186191    2.401248815
    7.587828829    0.924384696    0.924398646    2.387247603
    7.597837838    0.883337654    0.883351110    2.319583458
    7.607846847    0.850249094    0.850262391    2.206163589
    7.617855856    0.826518489    0.826532420    2.067529018
    7.627864865    0.812958889    0.812973857    1.924473415
    7.637873874    0.811026537    0.811042541    1.796494704
    7.647882883    0.823258977    0.823275972    1.700472567
    7.657891892    0.852069891    0.852087700    1.647155637
    7.667900901    0.897567928    0.897585746    1.640319857
    7.677909910    0.954979330    0.954995579    1.678218136
    7.687918919    1.012998391    1.013011816    1.755452216
    7.697927928    1.056279676    1.056291010    1.866060898
    7.707936937    1.073621908    1.073633431    2.008254028
    7.717945946    1.065810957    1.065823731    2.186673791
    7.727954955    1.043370874    1.043382920    2.406638799
    7.737963964    1.016324449    1.016331634    2.662137839
    7.747972973    0.988708467    0.988707608    2.926326593
    7.757981982    0.961795940    0.961787779    3.152126075
    7.767990991    0.938252854    0.938241577    3.286549294
    7.778000000    0.921412959    0.921403076    3.294434754
    7.788009009    0.913006498    0.913000901    3.173079676
    7.798018018    0.913838149    0.913838265    2.949141270
    7.808027027    0.925891203    0.925897502    2.669688701
    7.818036036    0.951670172    0.951681643    2.385935424
    7.828045045    0.991184944    0.991198108    2.132091217
    7.838054054    1.040902748    1.040912319    1.917528355
    7.848063063    1.096697927    1.096700041    1.734989630
    7.858072072    1.157576578    1.157571473    1.572818562
    7.868081081    1.224410233    1.224400792    1.423578373
    7.878090090    1.293824880    1.293812895    1.287635835
    7.888099099    1.355084738    1.355069225    1.170440874
    7.898108108    1.396086286    1.396065470    1.076840427
    7.908117117    1.412275424    1.412250101    1.008191254
    7.918126126    1.405341200    1.405315326    0.962525620
    7.928135135    1.374614266    1.374592465    0.935055997
    7.938144144    1.317320249    1.317305342    0.918286554
    7.948153153    1.236673258    1.236665762    0.903522488
    7.958162162    1.143157812    1.143156571    0.884909807
    7.968171171    1.049155174    1.049157676    0.862831548
    7.978180180    0.965011886    0.965014948    0.842540341
    7.988189189    0.896973222    0.896974464    0.829521168
    7.998198198    0.846267250    0.846266056    0.826256584
    8.008207207    0.809836842    0.809834184    0.832120261
    8.018216216    0.782298134    0.782295849    0.844598236
    8.028225225    0.758488084    0.758487861    0.860139301
    8.038234234    0.735683763    0.735686147    0.875781344
    8.048243243    0.714084980    0.714089540    0.892007951
    8.058252252    0.695155465    0.695161877    0.913669199
    8.068261261    0.679933069    0.679941346    0.947504032
    8.078270270    0.669017951    0.669027551    0.998823774
    8.088279279    0.663078057    0.663087528    1.069331518
    8.098288288    0.662645918    0.662653877    1.155963661
    8.108297297    0.668030637    0.668036849    1.250011243
    8.118306306    0.679748981    0.679754202    1.336362723
    8.128315315    0.698520586    0.698525687    1.396294410
    8.138324324    0.724094241    0.724099661    1.415792783
    8.148333333    0.753231652    0.753237360    1.391279899
    8.158342342    0.778655849    0.778661457    1.328788655
    8.168351351    0.791420496    0.791424998    1.243049958
    8.178360360    0.786609622    0.786611428    1.154166087
    8.188369369    0.767391277    0.767389537    1.079439970
    8.198378378    0.742743276    0.742738833    1.028017032
    8.208387387    0.721675496    0.721670106    1.001481844
    8.218396396    0.710029468    0.710024769    0.996592587
    8.228405405    0.710765420    0.710762640    1.006850947
    8.238414414    0.724929547    0.724929481    1.023154623
    8.248423423    0.752092466    0.752095325    1.036488259
    8.258432432    0.790259513    0.790264731    1.042911849
    8.268441441    0.834635478    0.834641690    1.045683823
    8.278450450    0.876027872    0.876033056    1.051356975
    8.288459459    0.902923448    0.902925552    1.064329647
    8.298468468    0.909114394    0.909112537    1.085498616
    8.308477477    0.899134811    0.899129596    1.114165776
    8.318486486    0.883503021    0.883495425    1.148875075
    8.328495495    0.870027433    0.870017914    1.187010608
    8.338504505    0.860676592    0.860665278    1.224785334
    8.348513514    0.853736358    0.853723732    1.257224188
    8.358522523    0.847103854    0.847091110    1.279848669
    8.368531532    0.839912122    0.839900875    1.291361652
    8.378540541    0.831428294    0.831420052    1.292030958
    8.388549550    0.819922384    0.819918078    1.280772353
    8.398558559    0.804498263    0.804497732    1.258348926
    8.408567568    0.787610246    0.787612454    1.232767516
    8.418576577    0.773845791    0.773850357    1.217628861
    8.428585586    0.766475214    0.766483408    1.225441423
    8.438594595    0.766679648    0.766693150    1.264038562
    8.448603604    0.775767072    0.775785895    1.336676403
    8.458612613    0.796637970    0.796660333    1.441422999
    8.468621622    0.832666489    0.832690311    1.568153885
    8.478630631    0.885799345    0.885823180    1.696896069
    8.488639640    0.955622260    0.955645356    1.805273290
    8.498648649    1.039544052    1.039566258    1.884899773
    8.508657658    1.133314397    1.133335941    1.947813582
    8.518666667    1.230496252    1.230517191    2.011057101
    8.528675676    1.321280612    1.321300214    2.078199027
    8.538684685    1.394545202    1.394561308    2.138251291
    8.548693694    1.443960729    1.443969471    2.179410143
    8.558702703    1.471198337    1.471196020    2.201885655
    8.568711712    1.483432655    1.483419546    2.219654253
    8.578720721    1.490524290    1.490505333    2.251808481
    8.588729730    1.502585980    1.502566965    2.308009786
    8.598738739    1.525104264    1.525088415    2.375237728
    8.608747748    1.555353768    1.555341374    2.417156822
    8.618756757    1.585779426    1.585769210    2.395021533
    8.628765766    1.611833566    1.611823953    2.298140428
    8.638774775    1.635842463    1.635831771    2.152294983
    8.648783784    1.662969089    1.662955464    1.998445751
    8.658792793    1.694820460    1.694803226    1.868912691
    8.668801802    1.729263367    1.729245162    1.779885251
    8.678810811    1.766218052    1.766203942    1.734272641
    8.688819820    1.810829953    1.810822649    1.724364841
    8.698828829    1.869814529    1.869811256    1.732950769
    8.708837838    1.945692815    1.945687542    1.737803633
    8.718846847    2.035132470    2.035120466    1.721088481
    8.728855856    2.131854596    2.131834916    1.676483102
    8.738864865    2.229958938    2.229934278    1.608739233
    8.748873874    2.325009065    2.324985511    1.529577258
    8.758882883    2.412785312    2.412771690    1.452505970
    8.768891892    2.488884817    2.488888909    1.387522248
    8.778900901    2.553402368    2.553425750    1.339365337
    8.788909910    2.615998715    2.616035872    1.309111408
    8.798918919    2.691076422    2.691118633    1.295157800
    8.808927928    2.784875704    2.784914377    1.293942751
    8.818936937    2.887223684    2.887250619    1.302059691
    8.828945946    2.976204664    2.976211707    1.317823235
    8.838954955    3.032036499    3.032018640    1.341480421
    8.848963964    3.048938546    3.048899083    1.375216091
    8.858972973    3.037020129    3.036970005    1.421883554
    8.868981982    3.014153452    3.014103692    1.480858132
    8.878990991    2.996042960    2.995999362    1.544152452
    8.889000000    2.992158822    2.992122619    1.598939661
    8.899009009    3.007479714    3.007450234    1.636823709
    8.909018018    3.044997499    3.044974186    1.661684838
    8.919027027    3.105503213    3.105487004    1.688017338
    8.929036036    3.187495172    3.187487792    1.731354808
    8.939045045    3.291247553    3.291248244    1.799638081
    8.949054054    3.422916508    3.422920479    1.890197814
    8.959063063    3.589964445    3.589964953    1.991001289
    8.969072072    3.789445942    3.789437524    2.085910511
    8.979081081    4.002313828    4.002295958    2.162455920
    8.989090090    4.201502359    4.201480583    2.214213690
    8.999099099    4.364015851    4.363997705    2.236482143
    9.009108108    4.476378649    4.476370274    2.226302749
    9.019117117    4.536881475    4.536888372    2.187910696
    9.029126126    4.555361372    4.555386553    2.131528274
    9.039135135    4.547366517    4.547404759    2.065623439
    9.049144144    4.526870645    4.526908441    1.994589686
    9.059153153    4.501958600    4.501983554    1.922560006
    9.069162162    4.472936349    4.472947562    1.856003771
    9.079171171    4.432586594    4.432595713    1.802799512
    9.089180180    4.373588409    4.373609456    1.769962986
    9.099189189    4.300405608    4.300443538    1.762686845
    9.109198198    4.228397298    4.228447102    1.783570658
    9.119207207    4.166662469    4.166717956    1.829382649
    9.129216216    4.107343932    4.107405429    1.888113793
    9.139225225    4.034345818    4.034418214    1.941342216
    9.149234234    3.936939348    3.937022611    1.971086029
    9.159243243    3.812266544    3.812349133    1.965883258
    9.169252252    3.659221895    3.659283786    1.923698073
    9.179261261    3.476833357    3.476857934    1.852065521
    9.189270270    3.271809597    3.271795235    1.765973570
    9.199279279    3.063800771    3.063759759    1.684118877
    9.209288288    2.878564259    2.878511895    1.623754301
    9.219297297    2.737513996    2.737461177    1.595630921
    9.229306306    2.651481876    2.651434804    1.601821532
    9.239315315    2.616832427    2.616795276    1.637139020
    9.249324324    2.613992403    2.613968868    1.692064596
    9.259333333    2.612770433    2.612762371    1.754585587
    9.269342342    2.586793169    2.586798530    1.812267803
    9.279351351    2.527616130    2.527629986    1.857860625
    9.289360360    2.444451639    2.444469690    1.894838794
    9.299369369    2.353212017    2.353232117    1.935943192
    9.309378378    2.267792400    2.267813116    1.994570077
    9.319387387    2.196259532    2.196278595    2.075974243
    9.329396396    2.139909352    2.139923794    2.175026393
    9.339405405    2.095408530    2.095416279    2.281292356
    9.349414414    2.059132222    2.059133688    2.385264158
    9.359423423    2.030490451    2.030488677    2.479771900
    9.369432432    2.012724001    2.012723239    2.559859999
    9.379441441    2.011677387    2.011681122    2.625076826
    9.389450450    2.032967047    2.032976957    2.679811332
    9.399459459    2.078616294    2.078632483    2.730542848
    9.409468468    2.145435218    2.145456682    2.784220855
    9.419477477    2.226438489    2.226462916    2.846085099
    9.429486486    2.312941070    2.312964528    2.914916665
    9.439495495    2.393936216    2.393954236    2.980103058
    9.449504505    2.455475164    2.455484862    3.025690472
    9.459513514    2.485839773    2.485840966    3.041213167
    9.469522523    2.484939381    2.484934170    3.028757591
    9.479531532    2.467131787    2.467122958    2.999367161
    9.489540541    2.451962213    2.451951749    2.967457478
    9.499549550    2.452493893    2.452483070    2.948161262
    9.509558559    2.470765408    2.470755701    2.952993322
    9.519567568    2.499875448    2.499868649    2.982981703
    9.529576577    2.526866763    2.526864089    3.024832845
    9.539585586    2.535570821    2.535572379    3.056831769
    9.549594595    2.513923897    2.513929293    3.062129394
    9.559603604    2.461720833    2.461729362    3.037164160
    9.569612613    2.389469374    2.389479402    2.988106392
    9.579621622    2.310441412    2.310450966    2.922139351
    9.589630631    2.234468122    2.234476392    2.842289141
    9.599639640    2.165369680    2.165377345    2.747738428
    9.609648649    2.101537089    2.101545784    2.638158302
    9.619657658    2.040255709    2.040267861    2.519758848
    9.629666667    1.981795553    1.981813758    2.406611938
    9.639675676    1.929777137    1.929802234    2.311582441
    9.649684685    1.889578977    1.889608589    2.234993091
    9.659693694    1.865359158    1.865388719    2.163972966
    9.669702703    1.857336038    1.857361040    2.083614200
    9.679711712    1.862168864    1.862186288    1.988375493
    9.689720721    1.876172089    1.876180912    1.884697023
    9.699729730    1.899172904    1.899174133    1.785985622
    9.709738739    1.935250707    1.935246727    1.704347187
    9.719747748    1.988165792    1.988159218    1.644676608
    9.729756757    2.055071801    2.055064629    1.604740958
    9.739765766    2.123590478    2.123583960    1.578746912
    9.749774775    2.174304433    2.174299939    1.560216852
    9.759783784    2.189468540    2.189468397    1.542956011
    9.769792793    2.164134574    2.164140386    1.521078874
    9.779801802    2.109979284    2.109989551    1.490049350
    9.789810811    2.047004010    2.047015206    1.449078751
    9.799819820    1.991118441    1.991127592    1.402576584
    9.809828829    1.948036472    1.948041686    1.357570144
    9.819837838    1.915810957    1.915810825    1.319184498
    9.829846847    1.891121690    1.891115543    1.289309122
    9.839855856    1.872157629    1.872146339    1.267800540
    9.849864865    1.856311951    1.856297888    1.253200736
    9.859873874    1.837619719    1.837605518    1.242793503
    9.869882883    1.808383498    1.808370421    1.233889130
    9.879891892    1.764232833    1.764220041    1.226613501
    9.889900901    1.707500405    1.707485873    1.224415154
    9.899909910    1.645487611    1.645469947    1.230570227
    9.909918919    1.587025041    1.587004820    1.244703598
    9.919927928    1.540322293    1.540301746    1.263256465
    9.929936937    1.509900927    1.509882416    1.282570177
    9.939945946    1.492763295    1.492748267    1.300092995
    9.949954955    1.477605646    1.477594473    1.313537447
    9.959963964    1.449855247    1.449847574    1.321071353
    9.969972973    1.400759306    1.400754513    1.322611001
    9.979981982    1.332839520    1.332836745    1.321048557
    9.989990991    1.256203389    1.256201204    1.322248446
   10.000000000    1.181388154    1.181385086    1.332341003
