# energy grid [eV]     epsr_x  epsr_y  epsr_z
# plasmon frequences [eV]:     8.954196249    8.954205289    7.803557734
    0.001000000 -315.240498943 -315.227538156    4.174400005
    0.011009009 -305.863788183 -305.850844160    4.176595672
    0.021018018 -281.802592463 -281.789687168    4.182237739
    0.031027027 -245.379685883 -245.366826778    4.190801866
    0.041036036 -199.690680638 -199.677857100    4.201589712
    0.051045045 -147.955873036 -147.943060058    4.213874327
    0.061054054  -93.023715380  -93.010884909    4.227008548
    0.071063063  -37.129323772  -37.116457515    4.240473980
    0.081072072   18.081828833   18.094733480    4.253873056
    0.091081081   71.312937212   71.325859581    4.266876008
    0.101090090  121.232337848  121.245202900    4.279129808
    0.111099099  165.968253866  165.980868272    4.290124974
    0.121108108  202.429774380  202.441730211    4.299009377
    0.131117117  225.470087740  225.480643196    4.304358503
    0.141126126  227.288309882  227.296318549    4.304013552
    0.151135135  198.360799348  198.364921507    4.295353613
    0.161144144  132.063959209  132.063477626    4.276624822
    0.171153153   32.979986419   32.975878783    4.249304003
    0.181162162  -78.736441955  -78.741733778    4.219215545
    0.191171171 -176.568066948 -176.572535458    4.193691465
    0.201180180 -243.763448860 -243.766766647    4.177077634
    0.211189189 -279.450930675 -279.454059753    4.169436292
    0.221198198 -292.770346379 -292.774785052    4.168445568
    0.231207207 -294.975451550 -294.982685598    4.171479753
    0.241216216 -294.782299390 -294.793057557    4.176552453
    0.251225225 -296.191988114 -296.205347457    4.182469697
    0.261234234 -298.226454950 -298.239958477    4.188681305
    0.271243243 -297.485962822 -297.497276242    4.195012654
    0.281252252 -291.819196521 -291.827482796    4.201399845
    0.291261261 -281.569359539 -281.575031490    4.207766786
    0.301270270 -268.371799363 -268.375599878    4.214030442
    0.311279279 -253.807382495 -253.809869090    4.220130920
    0.321288288 -238.927767328 -238.929299262    4.226040064
    0.331297297 -224.346156324 -224.347018947    4.231754707
    0.341306306 -210.415036152 -210.415476060    4.237286937
    0.351315315 -197.324110947 -197.324316685    4.242656459
    0.361324324 -185.150939016 -185.151035108    4.247885618
    0.371333333 -173.899630405 -173.899690188    4.252996237
    0.381342342 -163.531971022 -163.532033650    4.258007322
    0.391351351 -153.989268901 -153.989352634    4.262932738
    0.401360360 -145.206093602 -145.206204155    4.267777984
    0.411369369 -137.118548255 -137.118683207    4.272535042
    0.421378378 -129.669468844 -129.669619287    4.277174281
    0.431387387 -122.812046454 -122.812197010    4.281633587
    0.441396396 -116.511883024 -116.512012061    4.285809969
    0.451405405 -110.744799959 -110.744883867    4.289572055
    0.461414414 -105.484818634 -105.484844842    4.292827084
    0.471423423 -100.681552083 -100.681536383    4.295647731
    0.481432432  -96.247308619  -96.247294548    4.298343263
    0.491441441  -92.081945132  -92.081975024    4.301314972
    0.501450450  -88.116323443  -88.116413264    4.304805354
    0.511459459  -84.325191388  -84.325333774    4.308822219
    0.521468468  -80.708072185  -80.708251693    4.313245975
    0.531477477  -77.268962305  -77.269165091    4.317944007
    0.541486486  -74.007770273  -74.007986669    4.322818171
    0.551495495  -70.919530075  -70.919754028    4.327808060
    0.561504505  -67.996037702  -67.996265619    4.332880630
    0.571513514  -65.227530794  -65.227760601    4.338019850
    0.581522523  -62.603873171  -62.604103710    4.343219495
    0.591531532  -60.115327098  -60.115557762    4.348478756
    0.601540541  -57.753105830  -57.753336358    4.353799705
    0.611549550  -55.509849993  -55.510080346    4.359185885
    0.621558559  -53.380020496  -53.380250766    4.364641540
    0.631567568  -51.359847269  -51.360077550    4.370171199
    0.641576577  -49.445919515  -49.446149685    4.375779466
    0.651585586  -47.631679222  -47.631908747    4.381470917
    0.661594595  -45.903974356  -45.904202506    4.387250057
    0.671603604  -44.245054740  -44.245281300    4.393121297
    0.681612613  -42.639875024  -42.640100573    4.399088937
    0.691621622  -41.080185992  -41.080411281    4.405157139
    0.701630631  -39.562689632  -39.562915123    4.411329870
    0.711639640  -38.086817307  -38.087043435    4.417610790
    0.721648649  -36.654725086  -36.654952430    4.424003007
    0.731657658  -35.272436291  -35.272665272    4.430508658
    0.741666667  -33.952070576  -33.952300950    4.437128155
    0.751675676  -32.715775581  -32.716005910    4.443859062
    0.761684685  -31.600592451  -31.600819543    4.450694767
    0.771693694  -30.659772558  -30.659991124    4.457624134
    0.781702703  -29.949202279  -29.949405596    4.464635193
    0.791711712  -29.486003938  -29.486186328    4.471726382
    0.801720721  -29.196804711  -29.196964401    4.478920468
    0.811729730  -28.926742000  -28.926880081    4.486261484
    0.821738739  -28.538874932  -28.538989284    4.493786364
    0.831747748  -28.001166502  -28.001245107    4.501499407
    0.841756757  -27.380480618  -27.380497144    4.509371821
    0.851765766  -26.792156867  -26.792069507    4.517353969
    0.861774775  -26.358982173  -26.358742218    4.525388149
    0.871783784  -26.170860321  -26.170442726    4.533426858
    0.881792793  -26.226566815  -26.226017888    4.541456045
    0.891801802  -26.397080287  -26.396527564    4.549496153
    0.901810811  -26.487122095  -26.486699934    4.557560381
    0.911819820  -26.362889864  -26.362655807    4.565620085
    0.921828829  -26.008479040  -26.008412118    4.573653216
    0.931837838  -25.481697853  -25.481746284    4.581746922
    0.941846847  -24.853221344  -24.853337458    4.590112890
    0.951855856  -24.177654744  -24.177805456    4.598955169
    0.961864865  -23.489739803  -23.489905048    4.608344782
    0.971873874  -22.809274051  -22.809442599    4.618231703
    0.981882883  -22.146591094  -22.146757082    4.628525228
    0.991891892  -21.506524570  -21.506685239    4.639147801
    1.001900901  -20.890914050  -20.891068433    4.650049256
    1.011909910  -20.300126217  -20.300274440    4.661202664
    1.021918919  -19.734008008  -19.734150997    4.672596658
    1.031927928  -19.192557673  -19.192697121    4.684229311
    1.041936937  -18.676463075  -18.676601529    4.696104169
    1.051945946  -18.187448004  -18.187588767    4.708227864
    1.061954955  -17.727971168  -17.728117325    4.720608685
    1.071963964  -17.299416855  -17.299568733    4.733255635
    1.081972973  -16.898758735  -16.898911076    4.746177643
    1.091981982  -16.516929883  -16.517073094    4.759382623
    1.101990991  -16.142966813  -16.143093196    4.772876088
    1.112000000  -15.770634423  -15.770742294    4.786658947
    1.122009009  -15.400303292  -15.400395136    4.800724236
    1.132018018  -15.036244546  -15.036323388    4.815053401
    1.142027027  -14.683737247  -14.683804864    4.829615573
    1.152036036  -14.347281525  -14.347338829    4.844378909
    1.162045045  -14.028750032  -14.028798826    4.859344365
    1.172054054  -13.725438991  -13.725483322    4.874587906
    1.182063063  -13.430664182  -13.430709083    4.890254338
    1.192072072  -13.138037692  -13.138086325    4.906479661
    1.202081081  -12.845064787  -12.845117505    4.923324918
    1.212090090  -12.552710220  -12.552765815    4.940785687
    1.222099099  -12.263119199  -12.263176243    4.958836037
    1.232108108  -11.978131451  -11.978188860    4.977457002
    1.242117117  -11.698891184  -11.698948268    4.996643863
    1.252126126  -11.425956591  -11.426012958    5.016403464
    1.262135135  -11.159504388  -11.159559828    5.036749002
    1.272144144  -10.899494548  -10.899548966    5.057694358
    1.282153153  -10.645780277  -10.645833645    5.079247489
    1.292162162  -10.398179286  -10.398231625    5.101401665
    1.302171171  -10.156522211  -10.156573578    5.124124071
    1.312180180   -9.920682597   -9.920733082    5.147345472
    1.322189189   -9.690571553   -9.690621257    5.170965379
    1.332198198   -9.466057614   -9.466106588    5.194899678
    1.342207207   -9.246807520   -9.246855689    5.219174081
    1.352216216   -9.032199376   -9.032246559    5.243967950
    1.362225225   -8.821514859   -8.821560906    5.269486538
    1.372234234   -8.614261394   -8.614306283    5.295789564
    1.382243243   -8.410250745   -8.410294534    5.322857920
    1.392252252   -8.209438444   -8.209481186    5.350859593
    1.402261261   -8.011809549   -8.011851291    5.380238984
    1.412270270   -7.817434994   -7.817475856    5.411436671
    1.422279279   -7.626588443   -7.626628653    5.444565775
    1.432288288   -7.439790313   -7.439830186    5.479367279
    1.442297297   -7.257754397   -7.257794262    5.515315206
    1.452306306   -7.081314609   -7.081354695    5.551655548
    1.462315315   -6.911462129   -6.911502456    5.587382776
    1.472324324   -6.749310624   -6.749350875    5.621366960
    1.482333333   -6.595391622   -6.595430936    5.652942684
    1.492342342   -6.448358372   -6.448395330    5.682869453
    1.502351351   -6.304590360   -6.304623779    5.713523774
    1.512360360   -6.159851863   -6.159882082    5.747335171
    1.522369369   -6.011453850   -6.011482714    5.784973374
    1.532378378   -5.858827504   -5.858856774    5.825425307
    1.542387387   -5.702650231   -5.702680428    5.867507742
    1.552396396   -5.543729442   -5.543760136    5.910895682
    1.562405405   -5.382773931   -5.382804623    5.955587697
    1.572414414   -5.220912362   -5.220942900    6.000882807
    1.582423423   -5.059821024   -5.059851404    6.045789984
    1.592432432   -4.901430087   -4.901460374    6.090434815
    1.602441441   -4.748189568   -4.748220555    6.135887770
    1.612450450   -4.604060617   -4.604094713    6.181796993
    1.622459459   -4.475479145   -4.475520349    6.224963837
    1.632468468   -4.372035426   -4.372088079    6.261321230
    1.642477477   -4.305889311   -4.305956248    6.289998257
    1.652486486   -4.286946049   -4.287026401    6.315415896
    1.662495495   -4.313577675   -4.313664788    6.344308818
    1.672504505   -4.367459973   -4.367542545    6.381416448
    1.682513514   -4.422369673   -4.422437346    6.429290776
    1.692522523   -4.458633739   -4.458682115    6.489841381
    1.702531532   -4.466181597   -4.466212688    6.563772446
    1.712540541   -4.439195289   -4.439214634    6.649423600
    1.722549550   -4.375774421   -4.375787804    6.743284915
    1.732558559   -4.280780591   -4.280792519    6.842118746
    1.742567568   -4.164100504   -4.164114399    6.944809043
    1.752576577   -4.036686659   -4.036705318    7.051633856
    1.762585586   -3.908359609   -3.908384982    7.160865019
    1.772594595   -3.786650935   -3.786683230    7.264957693
    1.782603604   -3.675697198   -3.675734484    7.349241296
    1.792612613   -3.576152815   -3.576192526    7.395396800
    1.802621622   -3.486075855   -3.486116630    7.390679257
    1.812630631   -3.401099780   -3.401141004    7.339861483
    1.822639640   -3.315284037   -3.315324192    7.269731708
    1.832648649   -3.224738543   -3.224774339    7.216185550
    1.842657658   -3.131539775   -3.131565832    7.198937425
    1.852666667   -3.044360111   -3.044369356    7.205585965
    1.862675676   -2.974894730   -2.974881042    7.198965148
    1.872684685   -2.931016395   -2.930979756    7.139381179
    1.882693694   -2.910000328   -2.909949682    7.004994547
    1.892702703   -2.899702727   -2.899650204    6.791227448
    1.902711712   -2.889925194   -2.889876961    6.488219295
    1.912720721   -2.880073198   -2.880028758    6.078236346
    1.922729730   -2.872487862   -2.872447086    5.579645920
    1.932738739   -2.861677416   -2.861645036    5.082185806
    1.942747748   -2.835393720   -2.835375727    4.703668052
    1.952756757   -2.786057956   -2.786055482    4.508783679
    1.962765766   -2.716818964   -2.716827345    4.485627878
    1.972774775   -2.637411237   -2.637423807    4.580562043
    1.982783784   -2.556935110   -2.556947690    4.734104188
    1.992792793   -2.478872369   -2.478885533    4.895738810
    2.002801802   -2.401083096   -2.401100613    5.028018448
    2.012810811   -2.320670630   -2.320696129    5.111279505
    2.022819820   -2.238250644   -2.238286398    5.145930591
    2.032828829   -2.157960371   -2.158007790    5.140882626
    2.042837838   -2.084753997   -2.084812908    5.097108794
    2.052846847   -2.020405918   -2.020472436    5.012752663
    2.062855856   -1.960550476   -1.960616943    4.903653976
    2.072864865   -1.897083338   -1.897142633    4.802830483
    2.082873874   -1.824568103   -1.824617935    4.737696519
    2.092882883   -1.743109713   -1.743152130    4.720809331
    2.102891892   -1.655573810   -1.655611850    4.755212007
    2.112900901   -1.563953836   -1.563989231    4.832598729
    2.122909910   -1.468499242   -1.468532223    4.932493415
    2.132918919   -1.368795227   -1.368825304    5.035209057
    2.142927928   -1.264596250   -1.264623047    5.137398191
    2.152936937   -1.155704040   -1.155727602    5.250736708
    2.162945946   -1.041694598   -1.041715146    5.382909592
    2.172954955   -0.922573277   -0.922590868    5.525141281
    2.182963964   -0.799750070   -0.799764317    5.660686663
    2.192972973   -0.676238446   -0.676248349    5.780438768
    2.202981982   -0.556346933   -0.556351132    5.886104258
    2.212990991   -0.445288223   -0.445286074    5.979923785
    2.223000000   -0.348868414   -0.348861378    6.054525410
    2.233009009   -0.274519603   -0.274510895    6.083457742
    2.243018018   -0.234309809   -0.234301618    6.011115502
    2.253027027   -0.245365819   -0.245357245    5.760782615
    2.263036036   -0.321301018   -0.321288798    5.275331960
    2.273045045   -0.458525825   -0.458506693    4.570664151
    2.283054054   -0.634271667   -0.634245793    3.747316638
    2.293063063   -0.822154607   -0.822129618    2.942593184
    2.303072072   -1.004784964   -1.004775662    2.277550256
    2.313081081   -1.172725379   -1.172744141    1.822666629
    2.323090090   -1.321027500   -1.321073650    1.579889240
    2.333099099   -1.447361874   -1.447423689    1.503603696
    2.343108108   -1.548804659   -1.548869329    1.543186140
    2.353117117   -1.617330007   -1.617388714    1.664161478
    2.363126126   -1.642014846   -1.642062924    1.842650470
    2.373135135   -1.619946632   -1.619982879    2.054044603
    2.383144144   -1.561038272   -1.561063588    2.269617091
    2.393153153   -1.481180291   -1.481196518    2.461500303
    2.403162162   -1.392941129   -1.392951104    2.612909051
    2.413171171   -1.300943105   -1.300950880    2.729207376
    2.423180180   -1.203832121   -1.203841863    2.837212644
    2.433189189   -1.099980363   -1.099994791    2.964776648
    2.443198198   -0.990807558   -0.990827669    3.119019260
    2.453207207   -0.880022150   -0.880048100    3.283296295
    2.463216216   -0.772066475   -0.772098764    3.424887723
    2.473225225   -0.671867212   -0.671907486    3.499465465
    2.483234234   -0.584808018   -0.584858621    3.455987837
    2.493243243   -0.514960065   -0.515021820    3.256747931
    2.503252252   -0.461262874   -0.461332094    2.915991264
    2.513261261   -0.415081249   -0.415149565    2.522063335
    2.523270270   -0.364427375   -0.364486419    2.194307979
    2.533279279   -0.302268627   -0.302314289    2.006255793
    2.543288288   -0.229536600   -0.229568093    1.960488379
    2.553297297   -0.151581086   -0.151597323    2.019957580
    2.563306306   -0.075071600   -0.075068063    2.141497239
    2.573315315   -0.009337512   -0.009304114    2.287543751
    2.583324324    0.030791263    0.030870789    2.425360058
    2.593333333    0.025795037    0.025939010    2.527338950
    2.603342342   -0.040061494   -0.039846501    2.579367190
    2.613351351   -0.162460887   -0.162199507    2.594021746
    2.623360360   -0.306907724   -0.306656011    2.610193691
    2.633369369   -0.425490672   -0.425301956    2.667950388
    2.643378378   -0.489066671   -0.488959629    2.783485420
    2.653387387   -0.498283111   -0.498245659    2.948895977
    2.663396396   -0.469175063   -0.469185556    3.145691899
    2.673405405   -0.417329740   -0.417370501    3.353859867
    2.683414414   -0.354266570   -0.354326744    3.553071745
    2.693423423   -0.291865101   -0.291939173    3.720101944
    2.703432432   -0.244799659   -0.244885507    3.827320102
    2.713441441   -0.226335876   -0.226432261    3.848151628
    2.723450450   -0.238977229   -0.239080314    3.773796491
    2.733459459   -0.267867031   -0.267968663    3.630187367
    2.743468468   -0.288598301   -0.288689399    3.466139757
    2.753477477   -0.285168322   -0.285244038    3.312817889
    2.763486486   -0.257430871   -0.257491547    3.165886678
    2.773495495   -0.212999489   -0.213048295    3.014212936
    2.783504505   -0.157538945   -0.157579595    2.872774183
    2.793513514   -0.093620691   -0.093655966    2.773623362
    2.803522523   -0.025077669   -0.025108800    2.730824186
    2.813531532    0.041576845    0.041549817    2.731170643
    2.823540541    0.100354091    0.100331565    2.755643309
    2.833549550    0.149189963    0.149172099    2.795233017
    2.843558559    0.190143655    0.190129690    2.843438801
    2.853567568    0.226214763    0.226202493    2.882646217
    2.863576577    0.257392923    0.257379260    2.885339283
    2.873585586    0.280460883    0.280443989    2.833866866
    2.883594595    0.292848180    0.292829914    2.744908984
    2.893603604    0.294176838    0.294162917    2.668027542
    2.903612613    0.281339632    0.281336957    2.648466612
    2.913621622    0.244420336    0.244434380    2.695989872
    2.923630631    0.173182069    0.173215144    2.791057904
    2.933639640    0.069749209    0.069797216    2.907515330
    2.943648649   -0.046684734   -0.046635065    3.024146630
    2.953657658   -0.149911384   -0.149878059    3.121251203
    2.963666667   -0.223230949   -0.223226355    3.175194848
    2.973675676   -0.265922132   -0.265946709    3.163799097
    2.983684685   -0.284984290   -0.285028345    3.078918895
    2.993693694   -0.285947583   -0.285998301    2.929237674
    3.003702703   -0.271917329   -0.271965007    2.731587389
    3.013711712   -0.245668456   -0.245708052    2.505534317
    3.023720721   -0.210839347   -0.210869862    2.265017085
    3.033729730   -0.172598007   -0.172621171    2.005946243
    3.043738739   -0.135330222   -0.135347522    1.721918742
    3.053747748   -0.098369905   -0.098380315    1.441388719
    3.063756757   -0.056573170   -0.056574447    1.226162363
    3.073765766   -0.006565108   -0.006556644    1.121075418
    3.083774775    0.049520159    0.049536242    1.121207078
    3.093783784    0.106299220    0.106318457    1.186294569
    3.103792793    0.158512229    0.158528447    1.268060093
    3.113801802    0.201754142    0.201760058    1.324866116
    3.123810811    0.232271912    0.232260048    1.329047444
    3.133819820    0.248578799    0.248544462    1.278941047
    3.143828829    0.254243567    0.254189928    1.207961978
    3.153837838    0.258859533    0.258798872    1.168023467
    3.163846847    0.273882514    0.273828793    1.193533158
    3.173855856    0.305192799    0.305152827    1.284466574
    3.183864865    0.349890522    0.349863015    1.418391018
    3.193873874    0.399303127    0.399283245    1.568446126
    3.203882883    0.443695601    0.443678885    1.713215431
    3.213891892    0.476154222    0.476138290    1.838387211
    3.223900901    0.495470126    0.495454804    1.932625528
    3.233909910    0.505956485    0.505942776    1.981126636
    3.243918919    0.512551204    0.512539785    1.962067648
    3.253927928    0.516574899    0.516565853    1.853657291
    3.263936937    0.517463472    0.517457412    1.654106100
    3.273945946    0.516052774    0.516051285    1.398179424
    3.283954955    0.513926056    0.513930861    1.149224784
    3.293963964    0.510284078    0.510296376    0.967720259
    3.303972973    0.501002591    0.501022219    0.881421979
    3.313981982    0.482501781    0.482525170    0.882405542
    3.323990991    0.456836673    0.456856673    0.945229193
    3.334000000    0.431700730    0.431711467    1.044243480
    3.344009009    0.415516886    0.415518343    1.161547293
    3.354018018    0.412339946    0.412336483    1.286432659
    3.364027027    0.419143300    0.419139180    1.410815480
    3.374036036    0.427558724    0.427555239    1.527115080
    3.384045045    0.429479459    0.429474793    1.628606080
    3.394054054    0.422012299    0.422004302    1.707680230
    3.404063063    0.408111484    0.408100739    1.752620435
    3.414072072    0.393183593    0.393172464    1.747636616
    3.424081081    0.381836749    0.381826292    1.680314843
    3.434090090    0.377924781    0.377914314    1.555899296
    3.444099099    0.385166008    0.385154798    1.404214690
    3.454108108    0.405587052    0.405575093    1.263984708
    3.464117117    0.438110324    0.438097945    1.160838620
    3.474126126    0.479685797    0.479673275    1.105614005
    3.484135135    0.527357882    0.527345426    1.102600518
    3.494144144    0.579005382    0.578993175    1.149453349
    3.504153153    0.632943859    0.632932028    1.235227720
    3.514162162    0.687531416    0.687519999    1.343636046
    3.524171171    0.741071924    0.741060886    1.457167679
    3.534180180    0.791751859    0.791741127    1.558347026
    3.544189189    0.837581873    0.837571393    1.629643378
    3.554198198    0.876659935    0.876649752    1.655890828
    3.564207207    0.908036792    0.908027130    1.631506139
    3.574216216    0.932753081    0.932744277    1.567658358
    3.584225225    0.953965317    0.953957582    1.489782520
    3.594234234    0.975879593    0.975872771    1.426677491
    3.604243243    1.002203270    1.002196877    1.400420483
    3.614252252    1.034857268    1.034850819    1.419804064
    3.624261261    1.073660201    1.073653497    1.480065494
    3.634270270    1.117007760    1.117000888    1.569127617
    3.644279279    1.162751963    1.162745126    1.673995035
    3.654288288    1.208602213    1.208595611    1.783260034
    3.664297297    1.251971563    1.251965317    1.886477912
    3.674306306    1.289546767    1.289540838    1.972489192
    3.684315315    1.317029657    1.317023676    2.028650255
    3.694324324    1.329853448    1.329846528    2.043437038
    3.704333333    1.325868451    1.325859407    2.014414803
    3.714342342    1.309259048    1.309247529    1.957155953
    3.724351351    1.291187367    1.291174847    1.902166929
    3.734360360    1.283799756    1.283788496    1.876664622
    3.744369369    1.293068435    1.293059728    1.889309115
    3.754378378    1.317789194    1.317783142    1.930832000
    3.764387387    1.353244393    1.353240636    1.982990475
    3.774396396    1.394453348    1.394451559    2.025949453
    3.784405405    1.437469779    1.437469698    2.043794337
    3.794414414    1.479669914    1.479671133    2.031741422
    3.804423423    1.519796185    1.519798042    2.002275684
    3.814432432    1.557656970    1.557658820    1.980081611
    3.824441441    1.593325578    1.593327058    1.985515071
    3.834450450    1.626430137    1.626430845    2.023282315
    3.844459459    1.656280230    1.656279094    2.085156293
    3.854468468    1.682252465    1.682247435    2.157907740
    3.864477477    1.703129268    1.703117737    2.228188586
    3.874486486    1.716516513    1.716496512    2.285021098
    3.884495495    1.720893902    1.720865781    2.323374437
    3.894504505    1.718958055    1.718925200    2.347812105
    3.904513514    1.717050446    1.717017236    2.369751076
    3.914522523    1.720004276    1.719973188    2.397958715
    3.924531532    1.728290863    1.728262187    2.433313235
    3.934540541    1.740139595    1.740112846    2.471882715
    3.944549550    1.753301535    1.753276000    2.507811825
    3.954558559    1.764097269    1.764072018    2.532858435
    3.964567568    1.767733306    1.767708147    2.538897242
    3.974576577    1.761948264    1.761925019    2.524492843
    3.984585586    1.750257011    1.750238748    2.496154371
    3.994594595    1.740652393    1.740640419    2.459306113
    4.004603604    1.740972172    1.740964820    2.410493871
    4.014612613    1.754853896    1.754848782    2.341890101
    4.024621622    1.780579211    1.780575493    2.252537418
    4.034630631    1.812835530    1.812834113    2.155588950
    4.044639640    1.845017151    1.845019852    2.074207450
    4.054648649    1.870549598    1.870558126    2.025881335
    4.064657658    1.884352276    1.884367027    2.010685441
    4.074666667    1.885162477    1.885181601    2.016289810
    4.084675676    1.876987751    1.877007506    2.031459845
    4.094684685    1.867621124    1.867637764    2.053275801
    4.104693694    1.864280417    1.864292547    2.083134645
    4.114702703    1.869670769    1.869679800    2.119940924
    4.124711712    1.882126364    1.882134651    2.159829696
    4.134720721    1.898315145    1.898324163    2.199162712
    4.144729730    1.915189429    1.915198905    2.233597594
    4.154738739    1.931085041    1.931092941    2.255630771
    4.164747748    1.946109428    1.946113480    2.257719440
    4.174756757    1.961324079    1.961323624    2.240649044
    4.184765766    1.978001714    1.977997499    2.217618199
    4.194774775    1.997465283    1.997457916    2.205918195
    4.204783784    2.020304950    2.020294517    2.214664478
    4.214792793    2.045777765    2.045764427    2.243238863
    4.224801802    2.072956500    2.072940797    2.288163941
    4.234810811    2.102104182    2.102086907    2.347104982
    4.244819820    2.134290955    2.134272742    2.417686054
    4.254828829    2.170053175    2.170034305    2.496273253
    4.264837838    2.209025976    2.209006816    2.579001931
    4.274846847    2.250899650    2.250881142    2.663280952
    4.284855856    2.295815822    2.295799463    2.748054651
    4.294864865    2.343115450    2.343103114    2.832924343
    4.304873874    2.390124883    2.390118938    2.917335536
    4.314882883    2.432361160    2.432364496    3.000080724
    4.324891892    2.464975056    2.464990090    3.079082775
    4.334900901    2.485321371    2.485347720    3.152171909
    4.344909910    2.495728354    2.495760998    3.217972715
    4.354918919    2.503738544    2.503769400    3.274575663
    4.364927928    2.518427434    2.518450023    3.316285925
    4.374936937    2.545611119    2.545623703    3.331900756
    4.384945946    2.586036579    2.586041398    3.308257011
    4.394954955    2.636778693    2.636779950    3.240796664
    4.404963964    2.693153758    2.693156478    3.145597307
    4.414972973    2.749958830    2.749968006    3.058008455
    4.424981982    2.802507284    2.802526073    3.011772438
    4.434990991    2.848328612    2.848355616    3.019155050
    4.445000000    2.888903827    2.888932469    3.071323220
    4.455009009    2.928002379    2.928025645    3.150058274
    4.465018018    2.966092371    2.966108924    3.236190304
    4.475027027    2.997044730    2.997059496    3.312852801
    4.485036036    3.011529875    3.011549476    3.368277075
    4.495045045    3.004539003    3.004565975    3.400401605
    4.505054054    2.980223229    2.980252684    3.418366744
    4.515063063    2.947438752    2.947460955    3.435118791
    4.525072072    2.909352660    2.909358559    3.457289088
    4.535081081    2.858625959    2.858608806    3.480750845
    4.545090090    2.782184184    2.782138862    3.490175882
    4.555099099    2.670710959    2.670638302    3.463542888
    4.565108108    2.527234226    2.527148016    3.386431910
    4.575117117    2.371069736    2.370992220    3.270287074
    4.585126126    2.232356112    2.232301296    3.153892068
    4.595135135    2.137438632    2.137404438    3.078181626
    4.605144144    2.097098553    2.097075419    3.060885788
    4.615153153    2.106243449    2.106224157    3.094864020
    4.625162162    2.150992579    2.150974640    3.159563060
    4.635171171    2.215851111    2.215835152    3.230452597
    4.645180180    2.287836321    2.287824068    3.284365478
    4.655189189    2.358566881    2.358559539    3.305285823
    4.665198198    2.425936474    2.425933695    3.292601956
    4.675207207    2.493465700    2.493465920    3.262929436
    4.685216216    2.565368674    2.565370559    3.238102872
    4.695225225    2.641827979    2.641831088    3.231647455
    4.705234234    2.719458696    2.719462757    3.244493151
    4.715243243    2.794977688    2.794981904    3.265501297
    4.725252252    2.867422492    2.867426150    3.276302917
    4.735261261    2.936686049    2.936690158    3.260999876
    4.745270270    3.000007822    3.000016000    3.214746810
    4.755279279    3.049370522    3.049387756    3.142650264
    4.765288288    3.070893298    3.070923085    3.048987078
    4.775297297    3.047950035    3.047991260    2.930646270
    4.785306306    2.970266545    2.970312182    2.779360138
    4.795315315    2.845819844    2.845860801    2.589498975
    4.805324324    2.703552088    2.703584668    2.373139764
    4.815333333    2.578771503    2.578799883    2.166983409
    4.825342342    2.492881386    2.492913195    2.012523754
    4.835351351    2.445818071    2.445859039    1.928492236
    4.845360360    2.424147823    2.424199164    1.906089832
    4.855369369    2.412170957    2.412230880    1.922487647
    4.865378378    2.396686991    2.396754044    1.955673344
    4.875387387    2.369860454    2.369932856    1.995237326
    4.885396396    2.335043759    2.335115195    2.045187461
    4.895405405    2.307905616    2.307965705    2.116348337
    4.905414414    2.305598196    2.305639243    2.215422347
    4.915423423    2.334688246    2.334708909    2.341182001
    4.925432432    2.390209583    2.390211980    2.488232820
    4.935441441    2.461227313    2.461213225    2.650619383
    4.945450450    2.535472452    2.535442557    2.822096975
    4.955459459    2.603087999    2.603044312    2.995638042
    4.965468468    2.660629918    2.660578823    3.163875650
    4.975477477    2.712674117    2.712625186    3.320434658
    4.985486486    2.768088533    2.768048864    3.461120809
    4.995495495    2.833747942    2.833718625    3.582266472
    5.005504505    2.910499905    2.910477534    3.676069046
    5.015513514    2.992961219    2.992940889    3.729446976
    5.025522523    3.072303555    3.072280425    3.730940651
    5.035531532    3.139217852    3.139187069    3.678760958
    5.045540541    3.184014554    3.183970216    3.576413988
    5.055549550    3.194301078    3.194236115    3.415382194
    5.065558559    3.155725886    3.155635597    3.169256633
    5.075567568    3.060898801    3.060787861    2.817731018
    5.085576577    2.922702661    2.922588678    2.382419268
    5.095585586    2.776425098    2.776330843    1.933569559
    5.105594595    2.660963282    2.660902996    1.553316813
    5.115603604    2.596442134    2.596415687    1.292894494
    5.125612613    2.581096166    2.581094108    1.159958666
    5.135621622    2.603000010    2.603011876    1.131737425
    5.145630631    2.650097396    2.650115988    1.175466466
    5.155639640    2.713859217    2.713879954    1.262825217
    5.165648649    2.788474382    2.788494299    1.373019090
    5.175657658    2.867256184    2.867274592    1.489428837
    5.185666667    2.940166641    2.940185196    1.597545460
    5.195675676    2.996001405    2.996022639    1.687518286
    5.205684685    3.029121649    3.029146986    1.760323360
    5.215693694    3.046129128    3.046158038    1.829744394
    5.225702703    3.063589211    3.063620677    1.912902997
    5.235711712    3.095456516    3.095491162    2.016865863
    5.245720721    3.143982085    3.144022374    2.134457603
    5.255729730    3.202529467    3.202578367    2.249809194
    5.265738739    3.263539217    3.263598187    2.346660640
    5.275747748    3.324532986    3.324599892    2.416429107
    5.285756757    3.388928870    3.388998772    2.464565420
    5.295765766    3.461309402    3.461378387    2.509003193
    5.305774775    3.542692800    3.542759690    2.566864212
    5.315783784    3.631079201    3.631143223    2.641146233
    5.325792793    3.724669820    3.724728288    2.720329503
    5.335801802    3.821887587    3.821936398    2.786389593
    5.345810811    3.918574087    3.918608568    2.823292578
    5.355819820    4.007439775    4.007454249    2.825613884
    5.365828829    4.080536706    4.080525888    2.803629536
    5.375837838    4.133159783    4.133124274    2.775490186
    5.385846847    4.169191885    4.169143196    2.750981110
    5.395855856    4.202723861    4.202680290    2.724279817
    5.405864865    4.249328509    4.249303570    2.680556516
    5.415873874    4.315754569    4.315751752    2.612084644
    5.425882883    4.400206541    4.400223519    2.533174997
    5.435891892    4.497530359    4.497563441    2.472659592
    5.445900901    4.599077134    4.599121819    2.445769000
    5.455909910    4.689320782    4.689370863    2.438610392
    5.465918919    4.747688112    4.747734696    2.419432501
    5.475927928    4.757972660    4.758004260    2.361243988
    5.485936937    4.718343797    4.718350123    2.258500690
    5.495945946    4.640465297    4.640441194    2.127105451
    5.505954955    4.535916998    4.535858558    1.988205647
    5.515963964    4.406893372    4.406793853    1.853984637
    5.525972973    4.257260857    4.257120801    1.733501516
    5.535981982    4.110958554    4.110800696    1.647011175
    5.545990991    4.007331525    4.007194399    1.621493509
    5.556000000    3.971028927    3.970940156    1.670069774
    5.566009009    3.991390009    3.991352163    1.783081838
    5.576018018    4.033024409    4.033023131    1.937281819
    5.586027027    4.062528018    4.062544749    2.108254294
    5.596036036    4.068288854    4.068307484    2.277588640
    5.606045045    4.060746887    4.060753773    2.435764670
    5.616054054    4.056662165    4.056644573    2.581270310
    5.626063063    4.063281289    4.063231803    2.714261675
    5.636072072    4.073975605    4.073899468    2.828287172
    5.646081081    4.076596466    4.076510209    2.907249155
    5.656090090    4.066123227    4.066043747    2.928830517
    5.666099099    4.050731034    4.050668034    2.873086689
    5.676108108    4.047867645    4.047825448    2.731820303
    5.686117117    4.072894406    4.072876517    2.511087049
    5.696126126    4.125664547    4.125674612    2.231215022
    5.706135135    4.186401545    4.186440651    1.927004836
    5.716144144    4.227770930    4.227833558    1.635509776
    5.726153153    4.233504502    4.233576657    1.380653834
    5.736162162    4.202415178    4.202478882    1.176829206
    5.746171171    4.132038176    4.132079469    1.035709827
    5.756180180    4.008019942    4.008031878    0.955831242
    5.766189189    3.818324675    3.818305218    0.917041481
    5.776198198    3.577077092    3.577028910    0.897119195
    5.786207207    3.329392399    3.329322294    0.887855923
    5.796216216    3.127999155    3.127910845    0.889894613
    5.806225225    3.005461245    3.005350708    0.899533148
    5.816234234    2.966751700    2.966615367    0.907191260
    5.826243243    2.997702346    2.997550896    0.903086891
    5.836252252    3.073260464    3.073120307    0.879427978
    5.846261261    3.156414266    3.156311101    0.833671691
    5.856270270    3.193735229    3.193679134    0.776799608
    5.866279279    3.126058402    3.126043537    0.731735314
    5.876288288    2.915180406    2.915191091    0.713304039
    5.886297297    2.563494291    2.563512075    0.713826408
    5.896306306    2.108430271    2.108441352    0.711384491
    5.906315315    1.601682531    1.601680869    0.685987220
    5.916324324    1.088762785    1.088748161    0.629227260
    5.926333333    0.595429663    0.595405502    0.547802907
    5.936342342    0.135801871    0.135773426    0.461991135
    5.946351351   -0.263474753   -0.263503004    0.395203808
    5.956360360   -0.560461712   -0.560486791    0.359873504
    5.966369369   -0.722567134   -0.722585804    0.355415710
    5.976378378   -0.743090532   -0.743097718    0.379040022
    5.986387387   -0.638343413   -0.638334007    0.430709372
    5.996396396   -0.440334437   -0.440307894    0.505454718
    6.006405405   -0.187720904   -0.187683513    0.587930368
    6.016414414    0.085286986    0.085325161    0.657087503
    6.026423423    0.354567670    0.354598839    0.693298727
    6.036432432    0.602262386    0.602284301    0.681912254
    6.046441441    0.808256489    0.808271785    0.614079673
    6.056450450    0.946849438    0.946864555    0.489329196
    6.066459459    0.994835644    0.994859913    0.325618911
    6.076468468    0.946485699    0.946528446    0.165630038
    6.086477477    0.821428054    0.821492682    0.056814146
    6.096486486    0.654805102    0.654883703    0.020505703
    6.106495495    0.480235870    0.480310203    0.045674280
    6.116504505    0.318001448    0.318051051    0.105318792
    6.126513514    0.163922726    0.163933814    0.173943078
    6.136522523   -0.012408520   -0.012440173    0.237683526
    6.146531532   -0.248889274   -0.248959584    0.296160977
    6.156540541   -0.568727045   -0.568823621    0.354947596
    6.166549550   -0.970272329   -0.970375665    0.415218329
    6.176558559   -1.422157597   -1.422248688    0.472401666
    6.186567568   -1.864150472   -1.864218438    0.523753850
    6.196576577   -2.225511594   -2.225553467    0.574051605
    6.206585586   -2.456943964   -2.456961648    0.632699941
    6.216594595   -2.548725476   -2.548724721    0.705933185
    6.226603604   -2.521005873   -2.520994679    0.793016571
    6.236612613   -2.406285938   -2.406270876    0.889049517
    6.246621622   -2.238500245   -2.238484061    0.988518743
    6.256630631   -2.046458933   -2.046442280    1.086071899
    6.266639640   -1.852399584   -1.852385445    1.175944619
    6.276648649   -1.676519627   -1.676515756    1.250086651
    6.286657658   -1.541218553   -1.541235569    1.295757644
    6.296666667   -1.467626022   -1.467672355    1.297468412
    6.306675676   -1.463739899   -1.463815208    1.244641085
    6.316684685   -1.514504422   -1.514596330    1.136566641
    6.326693694   -1.588400031   -1.588490101    0.977266779
    6.336702703   -1.656955195   -1.657029896    0.773189770
    6.346711712   -1.705967516   -1.706023268    0.546770905
    6.356720721   -1.731124543   -1.731163956    0.341914363
    6.366729730   -1.729937753   -1.729963150    0.199127512
    6.376738739   -1.698765598   -1.698777410    0.129784107
    6.386747748   -1.635369097   -1.635369272    0.118709567
    6.396756757   -1.543613328   -1.543606547    0.141008334
    6.406765766   -1.434213100   -1.434204805    0.174812258
    6.416774775   -1.319806523   -1.319801293    0.207843226
    6.426783784   -1.209391011   -1.209391651    0.238675720
    6.436792793   -1.106098984   -1.106105979    0.272953537
    6.446801802   -1.008553265   -1.008565962    0.317716466
    6.456810811   -0.915394823   -0.915414180    0.376892632
    6.466819820   -0.829327635   -0.829356924    0.449443479
    6.476828829   -0.755495808   -0.755537028    0.530836504
    6.486837838   -0.695198442   -0.695246963    0.615753631
    6.496846847   -0.641720560   -0.641764239    0.699528264
    6.506855856   -0.584899607   -0.584925388    0.778226386
    6.516864865   -0.520688057   -0.520688749    0.848612069
    6.526873874   -0.454083309   -0.454058113    0.909047298
    6.536882883   -0.394069877   -0.394022612    0.961098303
    6.546891892   -0.348297816   -0.348237429    1.009491601
    6.556900901   -0.320818499   -0.320759001    1.058823543
    6.566909910   -0.311923684   -0.311877747    1.110341621
    6.576918919   -0.319454431   -0.319425084    1.162426986
    6.586927928   -0.340584374   -0.340565642    1.213081739
    6.596936937   -0.371852509   -0.371837560    1.261553474
    6.606945946   -0.405034149   -0.405020819    1.308935655
    6.616954955   -0.424671609   -0.424661322    1.358148532
    6.626963964   -0.415575974   -0.415570117    1.412730452
    6.636972973   -0.372885392   -0.372883489    1.474708583
    6.646981982   -0.302925048   -0.302925168    1.543486339
    6.656990991   -0.216875446   -0.216875565    1.616704702
    6.667000000   -0.125260083   -0.125259470    1.691768380
    6.677009009   -0.036415943   -0.036415631    1.766612859
    6.687018018    0.042322657    0.042320827    1.839203608
    6.697027027    0.103576871    0.103571399    1.905811819
    6.707036036    0.141965084    0.141955130    1.959208120
    6.717045045    0.158790008    0.158776208    1.988635157
    6.727054054    0.163962418    0.163948341    1.983310538
    6.737063063    0.171435898    0.171426776    1.940555236
    6.747072072    0.192061943    0.192060246    1.873828449
    6.757081081    0.229900050    0.229903172    1.808146927
    6.767090090    0.282505506    0.282508014    1.761853579
    6.777099099    0.342776039    0.342773102    1.735533598
    6.787108108    0.401985265    0.401974178    1.719806815
    6.797117117    0.454045702    0.454026523    1.710312892
    6.807126126    0.499345337    0.499321791    1.713949006
    6.817135135    0.544490394    0.544469179    1.741265590
    6.827144144    0.595683300    0.595670686    1.795755434
    6.837153153    0.650989796    0.650989045    1.871773899
    6.847162162    0.698884793    0.698896767    1.958605909
    6.857171171    0.722692301    0.722716746    2.043453707
    6.867180180    0.706425875    0.706460986    2.111438936
    6.877189189    0.639011075    0.639051886    2.144509506
    6.887198198    0.517844266    0.517882098    2.122550768
    6.897207207    0.355451770    0.355477625    2.030777824
    6.907216216    0.182133406    0.182144119    1.873986410
    6.917225225    0.033063211    0.033062746    1.686344038
    6.927234234   -0.069365290   -0.069370826    1.518712936
    6.937243243   -0.120234524   -0.120241373    1.409445288
    6.947252252   -0.125721371   -0.125728397    1.368660573
    6.957261261   -0.096458032   -0.096464918    1.385296937
    6.967270270   -0.044128502   -0.044134847    1.441704845
    6.977279279    0.020836387    0.020831045    1.523038862
    6.987288288    0.090753258    0.090749214    1.619158090
    6.997297297    0.161381826    0.161378788    1.723093101
    7.007306306    0.231945063    0.231941907    1.830137792
    7.017315315    0.303142156    0.303137537    1.937850602
    7.027324324    0.373903757    0.373897142    2.045487025
    7.037333333    0.439740318    0.439732424    2.152446044
    7.047342342    0.493862521    0.493855131    2.256742563
    7.057351351    0.530804246    0.530799677    2.355031246
    7.067360360    0.551203342    0.551203293    2.444406200
    7.077369369    0.563855822    0.563859973    2.523876167
    7.087378378    0.581167464    0.581173504    2.593135430
    7.097387387    0.611129404    0.611134732    2.649848661
    7.107396396    0.654391980    0.654394873    2.689403745
    7.117405405    0.707230834    0.707230806    2.706510770
    7.127414414    0.763683000    0.763681554    2.694406138
    7.137423423    0.815192931    0.815194022    2.643620682
    7.147432432    0.851098221    0.851107464    2.545280503
    7.157441441    0.860999841    0.861022214    2.393882864
    7.167450450    0.838603470    0.838639422    2.183542022
    7.177459459    0.786994283    0.787036741    1.911938014
    7.187468468    0.720727230    0.720764840    1.600709393
    7.197477477    0.657980804    0.658006541    1.303368382
    7.207486486    0.608221490    0.608236702    1.078417064
    7.217495495    0.568027887    0.568038768    0.955028084
    7.227504505    0.527214921    0.527227767    0.925809797
    7.237513514    0.478894982    0.478913349    0.963425058
    7.247522523    0.424584702    0.424607434    1.038858755
    7.257531532    0.370228728    0.370249398    1.130063711
    7.267540541    0.321313308    0.321323888    1.222639835
    7.277549550    0.283589868    0.283586568    1.306184005
    7.287558559    0.263689444    0.263674205    1.370319444
    7.297567568    0.265411639    0.265389273    1.406772358
    7.307576577    0.287560448    0.287536049    1.417875702
    7.317585586    0.326327278    0.326305011    1.420237038
    7.327594595    0.377312004    0.377294267    1.434298840
    7.337603604    0.435642823    0.435630034    1.470490277
    7.347612613    0.496235347    0.496226778    1.526334806
    7.357621622    0.554080197    0.554075220    1.591423000
    7.367630631    0.604967316    0.604965781    1.654036578
    7.377639640    0.648000847    0.648002199    1.708725840
    7.387648649    0.687696169    0.687698561    1.760688824
    7.397657658    0.731641631    0.731642642    1.820805312
    7.407666667    0.785096778    0.785095013    1.895384369
    7.417675676    0.848215044    0.848210684    1.981192031
    7.427684685    0.916940525    0.916934795    2.066550519
    7.437693694    0.984452054    0.984446639    2.133623280
    7.447702703    1.041712057    1.041709001    2.162304967
    7.457711712    1.077617094    1.077618917    2.137912754
    7.467720721    1.079963219    1.079972448    2.059635002
    7.477729730    1.038709876    1.038727722    1.941588937
    7.487738739    0.952475431    0.952500103    1.804175233
    7.497747748    0.836284893    0.836311024    1.665986880
    7.507756757    0.720802765    0.720823980    1.543194968
    7.517765766    0.635233361    0.635246378    1.447981579
    7.527774775    0.589510190    0.589516166    1.384443087
    7.537783784    0.574995720    0.574998541    1.349530663
    7.547792793    0.577370688    0.577374257    1.333558958
    7.557801802    0.587119140    0.587124882    1.317499285
    7.567810811    0.602288084    0.602294488    1.277007639
    7.577819820    0.624883816    0.624888722    1.196705570
    7.587828829    0.656431562    0.656434382    1.085035106
    7.597837838    0.696827743    0.696829356    0.972358303
    7.607846847    0.744761961    0.744763287    0.889812332
    7.617855856    0.798320295    0.798321400    0.854048449
    7.627864865    0.855967681    0.855968050    0.870004263
    7.637873874    0.916524293    0.916523434    0.935559013
    7.647882883    0.977691592    0.977689074    1.041398353
    7.657891892    1.034660160    1.034655317    1.172997974
    7.667900901    1.079863309    1.079855365    1.314764342
    7.677909910    1.104392549    1.104381462    1.452923014
    7.687918919    1.102009728    1.101996982    1.577355251
    7.697927928    1.074922503    1.074910106    1.682931615
    7.707936937    1.036023958    1.036011990    1.767913329
    7.717945946    1.002079341    1.002065380    1.827187875
    7.727954955    0.982698857    0.982680260    1.844611255
    7.737963964    0.977617069    0.977593837    1.793006263
    7.747972973    0.983454438    0.983430327    1.644806469
    7.757981982    0.999237421    0.999217730    1.388845411
    7.767990991    1.025135406    1.025123196    1.044633500
    7.778000000    1.059560057    1.059554938    0.661478699
    7.788009009    1.099853168    1.099852822    0.299169520
    7.798018018    1.144342886    1.144344533    0.008452764
    7.808027027    1.191631181    1.191631712   -0.181699166
    7.818036036    1.238117946    1.238113740   -0.273235961
    7.828045045    1.278114305    1.278102345   -0.292785396
    7.838054054    1.307107566    1.307087804   -0.272054716
    7.848063063    1.324213980    1.324190227   -0.232719527
    7.858072072    1.329937982    1.329915051   -0.182978014
    7.868081081    1.321255736    1.321235696   -0.121354008
    7.878090090    1.291243461    1.291225397   -0.043826712
    7.888099099    1.235842724    1.235825737    0.049576004
    7.898108108    1.160317600    1.160303533    0.153645078
    7.908117117    1.075509737    1.075502380    0.260885851
    7.918126126    0.988399482    0.988401207    0.363942803
    7.928135135    0.902247056    0.902256927    0.456646004
    7.938144144    0.824556234    0.824570951    0.535361237
    7.948153153    0.766912385    0.766928214    0.601203716
    7.958162162    0.737243233    0.737256995    0.660533947
    7.968171171    0.736497950    0.736507518    0.721202971
    7.978180180    0.759982542    0.759987664    0.787394943
    7.988189189    0.799451485    0.799453837    0.858069828
    7.998198198    0.845821716    0.845823746    0.929323332
    8.008207207    0.891850030    0.891853700    0.997323187
    8.018216216    0.933857072    0.933863132    1.059655279
    8.028225225    0.972047565    0.972055320    1.116008844
    8.038234234    1.009117981    1.009125985    1.169099803
    8.048243243    1.047687234    1.047694527    1.223671266
    8.058252252    1.088638397    1.088644676    1.282856773
    8.068261261    1.131662689    1.131667414    1.345282637
    8.078270270    1.176337299    1.176339485    1.404974676
    8.088279279    1.222114127    1.222113345    1.452871386
    8.098288288    1.268089344    1.268086440    1.478675550
    8.108297297    1.313303885    1.313300302    1.472821438
    8.118306306    1.356676261    1.356672881    1.429919674
    8.128315315    1.396198924    1.396195734    1.354262008
    8.138324324    1.428237914    1.428234386    1.261228210
    8.148333333    1.448292190    1.448287701    1.170942808
    8.158342342    1.454009805    1.454003743    1.102409245
    8.168351351    1.448951270    1.448943155    1.069871097
    8.178360360    1.442987214    1.442977556    1.077378755
    8.188369369    1.447077161    1.447067867    1.117693781
    8.198378378    1.466936187    1.466929250    1.177884758
    8.208387387    1.501739492    1.501735756    1.245139148
    8.218396396    1.547161375    1.547160625    1.309174038
    8.228405405    1.598043268    1.598044699    1.362662597
    8.238414414    1.649185713    1.649188115    1.402465268
    8.248423423    1.695399921    1.695401772    1.431638425
    8.258432432    1.731254229    1.731253968    1.458231652
    8.268441441    1.751159661    1.751156084    1.489509152
    8.278450450    1.751869247    1.751861985    1.527070102
    8.288459459    1.737314057    1.737304113    1.567715496
    8.298468468    1.719598342    1.719587801    1.607434582
    8.308477477    1.711243576    1.711234201    1.643155411
    8.318486486    1.716567905    1.716560366    1.672145919
    8.328495495    1.732000879    1.731995357    1.692079695
    8.338504505    1.751994924    1.751991916    1.701567876
    8.348513514    1.773225186    1.773225603    1.701067080
    8.358522523    1.795204654    1.795209262    1.694264272
    8.368531532    1.818430334    1.818439199    1.686313773
    8.378540541    1.842964814    1.842977186    1.680764140
    8.388549550    1.869730694    1.869745135    1.681678047
    8.398558559    1.902042870    1.902057778    1.697147698
    8.408567568    1.943696214    1.943710976    1.735827464
    8.418576577    1.995611113    1.995626437    1.799759565
    8.428585586    2.055946734    2.055963088    1.882813536
    8.438594595    2.122990155    2.123006120    1.974207051
    8.448603604    2.196358730    2.196371636    2.060975090
    8.458612613    2.275280583    2.275288548    2.128291780
    8.468621622    2.356792577    2.356795256    2.161346917
    8.478630631    2.435850223    2.435848147    2.152401254
    8.488639640    2.506609208    2.506603139    2.109951132
    8.498648649    2.563616898    2.563607460    2.056480195
    8.508657658    2.602127708    2.602114990    2.009502648
    8.518666667    2.618058177    2.618041529    1.967167729
    8.528675676    2.609923560    2.609901782    1.915931264
    8.538684685    2.582707980    2.582679907    1.848526514
    8.548693694    2.547948580    2.547914644    1.772340107
    8.558702703    2.518040538    2.518004738    1.702580503
    8.568711712    2.501585849    2.501554677    1.648967314
    8.578720721    2.502233172    2.502210982    1.605672741
    8.588729730    2.517391659    2.517378096    1.550163771
    8.598738739    2.538583705    2.538575472    1.454564951
    8.608747748    2.557107058    2.557100736    1.307464938
    8.618756757    2.570899169    2.570892680    1.131284504
    8.628765766    2.584967718    2.584960212    0.973236601
    8.638774775    2.604876258    2.604867644    0.873135436
    8.648783784    2.630901691    2.630893079    0.841576686
    8.658792793    2.659659155    2.659653507    0.864584053
    8.668801802    2.690293409    2.690293872    0.918498094
    8.678810811    2.726102840    2.726108913    0.979102295
    8.688819820    2.769412854    2.769419451    1.025099081
    8.698828829    2.816765663    2.816767382    1.042103861
    8.708837838    2.860073287    2.860069055    1.028182717
    8.718846847    2.891747945    2.891741526    0.994900048
    8.728855856    2.908124349    2.908121617    0.960387290
    8.738864865    2.909136652    2.909143168    0.940962711
    8.748873874    2.896293050    2.896312626    0.946390383
    8.758882883    2.871768687    2.871800850    0.977949664
    8.768891892    2.840683295    2.840721057    1.030240134
    8.778900901    2.812599602    2.812631775    1.095723802
    8.788909910    2.795189669    2.795206761    1.167386625
    8.798918919    2.784388001    2.784385558    1.239351786
    8.808927928    2.763722266    2.763699910    1.308107968
    8.818936937    2.715711013    2.715670929    1.373037340
    8.828945946    2.635771117    2.635719100    1.435078934
    8.838954955    2.536889019    2.536836234    1.495319236
    8.848963964    2.442152575    2.442112293    1.553623624
    8.858972973    2.371692895    2.371672633    1.606473862
    8.868981982    2.333879210    2.333877680    1.646424508
    8.878990991    2.326176235    2.326187770    1.666763466
    8.889000000    2.341416853    2.341436304    1.669025827
    8.899009009    2.372459891    2.372484251    1.665267161
    8.909018018    2.412610372    2.412638512    1.670775200
    8.919027027    2.455154808    2.455186030    1.693001691
    8.929036036    2.495522805    2.495554388    1.726627838
    8.939045045    2.532677216    2.532704214    1.757321781
    8.949054054    2.563894155    2.563912800    1.768790282
    8.959063063    2.576753156    2.576763779    1.749391302
    8.969072072    2.549949127    2.549956871    1.697055017
    8.979081081    2.465688323    2.465701448    1.618337135
    8.989090090    2.321178192    2.321203055    1.521713754
    8.999099099    2.128155567    2.128193221    1.415245532
    9.009108108    1.906668916    1.906717030    1.310280179
    9.019117117    1.679571373    1.679625246    1.219686297
    9.029126126    1.465257236    1.465307619    1.150329507
    9.039135135    1.272034911    1.272070645    1.102283680
    9.049144144    1.098408743    1.098425811    1.074831580
    9.059153153    0.936912899    0.936919746    1.069140351
    9.069162162    0.778574601    0.778586517    1.086042647
    9.079171171    0.619185474    0.619212210    1.123376473
    9.089180180    0.465271949    0.465310059    1.175571788
    9.099189189    0.328738946    0.328776690    1.234450285
    9.109198198    0.210876925    0.210905714    1.288767809
    9.119207207    0.097382931    0.097402555    1.324506457
    9.129216216   -0.027060355   -0.027047067    1.329519521
    9.139225225   -0.164692310   -0.164688521    1.300091557
    9.149234234   -0.306620545   -0.306637292    1.243508244
    9.159243243   -0.442751290   -0.442799556    1.175398448
    9.169252252   -0.564884224   -0.564964102    1.114882319
    9.179261261   -0.661428677   -0.661524789    1.079487062
    9.189270270   -0.715667177   -0.715756780    1.080852126
    9.199279279   -0.715138971   -0.715206044    1.121799667
    9.209288288   -0.661418572   -0.661458999    1.195485494
    9.219297297   -0.570161949   -0.570178790    1.287962033
    9.229306306   -0.466275598   -0.466273456    1.383281499
    9.239315315   -0.377912011   -0.377895001    1.468120073
    9.249324324   -0.327645731   -0.327618629    1.533833789
    9.259333333   -0.321764677   -0.321734132    1.577087717
    9.269342342   -0.345567410   -0.345540207    1.601737618
    9.279351351   -0.373113957   -0.373093760    1.619371712
    9.289360360   -0.383684914   -0.383671833    1.643593693
    9.299369369   -0.369100104   -0.369093306    1.680838825
    9.309378378   -0.331424619   -0.331424076    1.725739282
    9.319387387   -0.278342139   -0.278347954    1.764994835
    9.329396396   -0.218316852   -0.218327721    1.786109632
    9.339405405   -0.156282275   -0.156294858    1.783607805
    9.349414414   -0.092327526   -0.092337537    1.758325215
    9.359423423   -0.023756777   -0.023761021    1.714138640
    9.369432432    0.051731028    0.051733163    1.657614953
    9.379441441    0.133293536    0.133300151    1.597115770
    9.389450450    0.215476953    0.215484959    1.538966614
    9.399459459    0.289182219    0.289188489    1.485546690
    9.409468468    0.344912611    0.344914232    1.435190804
    9.419477477    0.375734010    0.375728362    1.381043841
    9.429486486    0.377395748    0.377381465    1.312299564
    9.439495495    0.347940971    0.347919319    1.220560742
    9.449504505    0.291053432    0.291028128    1.107929405
    9.459513514    0.220294385    0.220269848    0.988509060
    9.469522523    0.155976907    0.155956410    0.879400597
    9.479531532    0.113142058    0.113126797    0.791814108
    9.489540541    0.092357988    0.092347861    0.729473512
    9.499549550    0.081947010    0.081941898    0.688200644
    9.509558559    0.066493839    0.066493722    0.654672043
    9.519567568    0.033417417    0.033421573    0.609102573
    9.529576577   -0.024150047   -0.024143309    0.534550256
    9.539585586   -0.104016678   -0.104009165    0.427657652
    9.549594595   -0.192989811   -0.192982868    0.300217928
    9.559603604   -0.273096453   -0.273091396    0.169126444
    9.569612613   -0.331894846   -0.331892605    0.045484376
    9.579621622   -0.366602348   -0.366602344   -0.067666448
    9.589630631   -0.381592648   -0.381593068   -0.170959024
    9.599639640   -0.384000251   -0.383999368   -0.263258906
    9.609648649   -0.378827255   -0.378824042   -0.338691565
    9.619657658   -0.366222428   -0.366216918   -0.388892192
    9.629666667   -0.343606848   -0.343601051   -0.411645338
    9.639675676   -0.309162393   -0.309160410   -0.417277418
    9.649684685   -0.264093284   -0.264099255   -0.422847796
    9.659693694   -0.213385135   -0.213400803   -0.438635892
    9.669702703   -0.163550753   -0.163574965   -0.460603649
    9.679711712   -0.119016546   -0.119046205   -0.475235921
    9.689720721   -0.080224815   -0.080256004   -0.469852732
    9.699729730   -0.045323204   -0.045352315   -0.440309232
    9.709738739   -0.015136301   -0.015161054   -0.392524339
    9.719747748    0.003085965    0.003066241   -0.337665677
    9.729756757   -0.002454128   -0.002469203   -0.285835840
    9.739765766   -0.041705919   -0.041716890   -0.243186721
    9.749774775   -0.115157575   -0.115164639   -0.212271007
    9.759783784   -0.209245884   -0.209250075   -0.193175418
    9.769792793   -0.300631196   -0.300635872   -0.183666537
    9.779801802   -0.369022048   -0.369031151   -0.178541683
    9.789810811   -0.407941189   -0.407956326   -0.170305925
    9.799819820   -0.424344607   -0.424365121   -0.152576114
    9.809828829   -0.430083562   -0.430108087   -0.123855814
    9.819837838   -0.433797692   -0.433824494   -0.087053157
    9.829846847   -0.439194404   -0.439221026   -0.046196774
    9.839855856   -0.448656006   -0.448679783   -0.004728305
    9.849864865   -0.465675254   -0.465694630    0.034669228
    9.859873874   -0.492643212   -0.492658628    0.070694866
    9.869882883   -0.526971186   -0.526984663    0.104668222
    9.879891892   -0.560568617   -0.560582094    0.139690598
    9.889900901   -0.584255769   -0.584269480    0.176943216
    9.899909910   -0.592591623   -0.592603840    0.213507129
    9.909918919   -0.585113184   -0.585121501    0.244588072
    9.919927928   -0.566402199   -0.566405348    0.267337838
    9.929936937   -0.546091538   -0.546090006    0.281753217
    9.939945946   -0.535915739   -0.535911076    0.288882715
    9.949954955   -0.543397534   -0.543391490    0.290279501
    9.959963964   -0.565907410   -0.565901379    0.288789468
    9.969972973   -0.590832426   -0.590827401    0.288532992
    9.979981982   -0.603669120   -0.603665954    0.293591130
    9.989990991   -0.596411030   -0.596410128    0.305416179
   10.000000000   -0.568683268   -0.568683882    0.320427266
