# energy grid [eV]     epsr_x  epsr_y  epsr_z
# plasmon frequences [eV]:     6.425144329    6.419481355    5.328914215
    0.031027027-6982.672906698-6982.624121427    1.375911700
    0.041036036-3813.974563984-3813.943140763    2.095587411
    0.051045045-2313.464441511-2313.441066557    2.436689933
    0.061054054-1483.388270783-1483.369178668    2.625712462
    0.071063063 -973.599591185 -973.582981283    2.742128457
    0.081072072 -635.651216964 -635.636137068    2.819611898
    0.091081081 -398.162873263 -398.148797656    2.874330955
    0.101090090 -223.913442348 -223.900113569    2.914684191
    0.111099099  -92.900320146  -92.887720370    2.945127664
    0.121108108    4.848573022    4.860174587    2.967774559
    0.131117117   72.306723649   72.316678924    2.983043667
    0.141126126  106.887237297  106.894464748    2.989959748
    0.151135135  102.505635982  102.508841796    2.986682554
    0.161144144   54.859382239   54.857882291    2.971985072
    0.171153153  -29.871328121  -29.876531940    2.947706833
    0.181162162 -130.412045932 -130.418493972    2.919926375
    0.191171171 -219.448325050 -219.453996740    2.896156631
    0.201180180 -279.652980493 -279.657538733    2.880874119
    0.211189189 -309.733038204 -309.737437689    2.874236664
    0.221198198 -318.516267006 -318.522000384    2.873993176
    0.231207207 -317.022673754 -317.031222368    2.877570947
    0.241216216 -313.791390961 -313.803480035    2.883023679
    0.251225225 -312.688300377 -312.703004136    2.889188030
    0.261234234 -312.631052293 -312.645911413    2.895537419
    0.271243243 -310.138788510 -310.151466738    2.901915566
    0.281252252 -302.996584800 -303.006243440    2.908272934
    0.291261261 -291.497389468 -291.504439961    2.914544756
    0.301270270 -277.236561559 -277.241745648    2.920656991
    0.311279279 -261.762933769 -261.766808027    2.926556931
    0.321288288 -246.102339197 -246.105262103    2.932222188
    0.331297297 -230.847034407 -230.849290655    2.937654256
    0.341306306 -216.332420282 -216.334255914    2.942869002
    0.351315315 -202.734188050 -202.735791137    2.947889209
    0.361324324 -190.118343875 -190.119838532    2.952739735
    0.371333333 -178.479427402 -178.480886613    2.957444465
    0.381342342 -167.771258737 -167.772721343    2.962024097
    0.391351351 -157.928486025 -157.929970009    2.966493889
    0.401360360 -148.880086987 -148.881597819    2.970860484
    0.411369369 -140.557450532 -140.558985573    2.975116804
    0.421378378 -132.899422803 -132.900972948    2.979233991
    0.431387387 -125.855805518 -125.857355210    2.983150561
    0.441396396 -119.389311048 -119.390838492    2.986764036
    0.451405405 -113.473288893 -113.474770332    2.989943456
    0.461414414 -108.079638859 -108.081061589    2.992596388
    0.471423423 -103.156147353 -103.157527038    2.994795762
    0.481432432  -98.613545224  -98.614925276    2.996851037
    0.491441441  -94.350323108  -94.351745736    2.999163647
    0.501450450  -90.296156178  -90.297637222    3.001976180
    0.511459459  -86.424758835  -86.426290809    3.005296497
    0.521468468  -82.734751950  -82.736319295    3.009005023
    0.531477477  -79.229342134  -79.230930896    3.012969127
    0.541486486  -75.907744846  -75.909345248    3.017090620
    0.551495495  -72.764384513  -72.765990399    3.021309024
    0.561504505  -69.790519816  -69.792127487    3.025591204
    0.571513514  -66.975913726  -66.977521006    3.029921009
    0.581522523  -64.310009861  -64.311615489    3.034292083
    0.591531532  -61.782697743  -61.784301008    3.038703459
    0.601540541  -59.384859328  -59.386459863    3.043157038
    0.611549550  -57.108840222  -57.110437880    3.047656176
    0.621558559  -54.948838140  -54.950432902    3.052204911
    0.631567568  -52.900847784  -52.902439628    3.056807552
    0.641576577  -50.961247766  -50.962836450    3.061468469
    0.651585586  -49.123291223  -49.124876091    3.066191987
    0.661594595  -47.373656488  -47.375236689    3.070982346
    0.671603604  -45.694440773  -45.696015975    3.075843679
    0.681612613  -44.070461228  -44.072031894    3.080779992
    0.691621622  -42.493344563  -42.494911327    3.085795139
    0.701630631  -40.959680651  -40.961243855    3.090892766
    0.711639640  -39.468799406  -39.470359353    3.096076192
    0.721648649  -38.022764971  -38.024322106    3.101348175
    0.731657658  -36.627517263  -36.629071865    3.106710481
    0.741666667  -35.295100172  -35.296651850    3.112163141
    0.751675676  -34.047592420  -34.049139584    3.117703316
    0.761684685  -32.921972398  -32.923511700    3.123323979
    0.771693694  -31.971434265  -31.972960251    3.129013558
    0.781702703  -31.251812177  -31.253317957    3.134759630
    0.791711712  -30.780180750  -30.781660472    3.140560162
    0.801720721  -30.483123524  -30.484575231    3.146437430
    0.811729730  -30.205737953  -30.207162544    3.152434957
    0.821738739  -29.811046558  -29.812441706    3.158589144
    0.831747748  -29.266978754  -29.268332226    3.164903735
    0.841756757  -28.640367620  -28.641652860    3.171349364
    0.851765766  -28.046524418  -28.047699384    3.177875790
    0.861774775  -27.608210026  -27.609225763    3.184424687
    0.871783784  -27.415304261  -27.416135467    3.190947898
    0.881792793  -27.466560547  -27.467253266    3.197430693
    0.891801802  -27.632937170  -27.633618662    3.203892804
    0.901810811  -27.719136717  -27.719941054    3.210346692
    0.911819820  -27.591339501  -27.592323926    3.216762938
    0.921828829  -27.233624991  -27.234768220    3.223118688
    0.931837838  -26.703786671  -26.705036591    3.229500247
    0.941846847  -26.072485959  -26.073794548    3.236118423
    0.951855856  -25.394315499  -25.395649299    3.243176345
    0.961864865  -24.704005408  -24.705343962    3.250744073
    0.971873874  -24.021342460  -24.022674125    3.258770573
    0.981882883  -23.356650325  -23.357968799    3.267164085
    0.991891892  -22.714753455  -22.716055516    3.275845948
    1.001900901  -22.097482938  -22.098767126    3.284764835
    1.011909910  -21.505197621  -21.506463541    3.293892598
    1.021918919  -20.937737213  -20.938985239    3.303216594
    1.031927928  -20.395093300  -20.396324535    3.312733551
    1.041936937  -19.877947609  -19.879163974    3.322445603
    1.051945946  -19.388018287  -19.389222416    3.332357895
    1.061954955  -18.927758870  -18.928953133    3.342477149
    1.071963964  -18.498548904  -18.499732866    3.352810718
    1.081972973  -18.097357733  -18.098525322    3.363365785
    1.091981982  -17.715114498  -17.716255248    3.374148425
    1.101990991  -17.340852152  -17.341957436    3.385162206
    1.112000000  -16.968332388  -16.969399522    3.396405973
    1.122009009  -16.597922930  -16.598953322    3.407870582
    1.132018018  -16.233892381  -16.234887889    3.419535162
    1.142027027  -15.881517600  -15.882478742    3.431366386
    1.152036036  -15.545296833  -15.546223157    3.443329794
    1.162045045  -15.227101158  -15.227992984    3.455423560
    1.172054054  -14.924225525  -14.925085294    3.467720679
    1.182063063  -14.629984755  -14.630815745    3.480362793
    1.192072072  -14.337990282  -14.338793743    3.493482514
    1.202081081  -14.045747037  -14.046521230    3.507137264
    1.212090090  -13.754219767  -13.754961189    3.521318738
    1.222099099  -13.465554004  -13.466258705    3.535996839
    1.232108108  -13.181590154  -13.182254270    3.551148133
    1.242117117  -12.903473465  -12.904093241    3.566763101
    1.252126126  -12.631763566  -12.632335212    3.582843438
    1.262135135  -12.366639014  -12.367158555    3.599396827
    1.272144144  -12.108062070  -12.108525221    3.616431271
    1.282153153  -11.855888695  -11.856290764    3.633948522
    1.292162162  -11.609939848  -11.610275650    3.651935399
    1.302171171  -11.370049921  -11.370313705    3.670352595
    1.312180180  -11.136096702  -11.136282091    3.689124731
    1.322189189  -10.907995931  -10.908095888    3.708146254
    1.332198198  -10.685620900  -10.685627779    3.727330380
    1.342207207  -10.468642731  -10.468548552    3.746704654
    1.352216216  -10.256442817  -10.256239928    3.766457652
    1.362225225  -10.048304192  -10.047986404    3.786813416
    1.372234234   -9.843732756   -9.843297071    3.807856713
    1.382243243   -9.642534810   -9.641984371    3.829581964
    1.392252252   -9.444654672   -9.444004184    3.852125193
    1.402261261   -9.250054640   -9.249339643    3.875833591
    1.412270270   -9.058757800   -9.058048496    3.901023017
    1.422279279   -8.870948716   -8.870365525    3.927721479
    1.432288288   -8.687013919   -8.686732328    3.955644906
    1.442297297   -8.507508898   -8.507728336    3.984272506
    1.452306306   -8.333123234   -8.333985248    4.012854004
    1.462315315   -8.164777795   -8.166280657    4.040374671
    1.472324324   -8.003725311   -8.005721822    4.065683704
    1.482333333   -7.850971896   -7.853252587    4.088085468
    1.492342342   -7.705800868   -7.708176972    4.108300743
    1.502351351   -7.564975361   -7.567312499    4.128660191
    1.512360360   -7.424243965   -7.426459678    4.151542820
    1.522369369   -7.280655361   -7.282704192    4.177566704
    1.532378378   -7.133299944   -7.135158605    4.205671668
    1.542387387   -6.982482740   -6.984140583    4.234642098
    1.552396396   -6.828574305   -6.830030059    4.264154068
    1.562405405   -6.671760543   -6.673024185    4.294275369
    1.572414414   -6.512666365   -6.513765654    4.324506041
    1.582423423   -6.352793293   -6.353786637    4.354303301
    1.592432432   -6.194526366   -6.195524663    4.384690578
    1.602441441   -6.041163689   -6.042357909    4.418402355
    1.612450450   -5.897158454   -5.898826692    4.457851726
    1.622459459   -5.768697939   -5.771135870    4.503538966
    1.632468468   -5.664801568   -5.668168821    4.554303889
    1.642477477   -5.597598226   -5.601817675    4.607969742
    1.652486486   -5.578050090   -5.582874860    4.661640512
    1.662495495   -5.606105211   -5.611259273    4.712425555
    1.672504505   -5.664380434   -5.669645314    4.759105103
    1.682513514   -5.726588955   -5.731823385    4.803754201
    1.692522523   -5.772456989   -5.777584387    4.851103869
    1.702531532   -5.791265163   -5.796252844    4.905549936
    1.712540541   -5.776677624   -5.781518076    4.968911439
    1.722549550   -5.726383067   -5.731080656    5.040812428
    1.732558559   -5.644845284   -5.649408867    5.120801875
    1.742567568   -5.541452042   -5.545891893    5.209790822
    1.752576577   -5.426400434   -5.430727003    5.308893172
    1.762585586   -5.308248064   -5.312471080    5.417081433
    1.772594595   -5.192472513   -5.196600060    5.530125365
    1.782603604   -5.080431737   -5.084470096    5.640629297
    1.792612613   -4.970353739   -4.974309088    5.738274717
    1.802621622   -4.860524595   -4.864404946    5.811425937
    1.812630631   -4.751164644   -4.754979528    5.852664461
    1.822639640   -4.643232507   -4.646992271    5.867096552
    1.832648649   -4.537109355   -4.540827410    5.872581881
    1.842657658   -4.433772161   -4.437470609    5.883302306
    1.852666667   -4.336755958   -4.340474508    5.891676625
    1.862675676   -4.251889494   -4.255699793    5.869036576
    1.872684685   -4.184241487   -4.188269631    5.783474864
    1.882693694   -4.134177510   -4.138633259    5.619060585
    1.892702703   -4.097066652   -4.102262061    5.375569231
    1.902711712   -4.068929624   -4.075232534    5.046168551
    1.912720721   -4.050656768   -4.058281856    4.614024191
    1.922729730   -4.043160295   -4.051789222    4.094832740
    1.932738739   -4.039095646   -4.047698973    3.572967397
    1.942747748   -4.023565103   -4.030921070    3.163205613
    1.952756757   -3.984644199   -3.990134901    2.933215326
    1.962765766   -3.920475706   -3.924247190    2.878130465
    1.972774775   -3.836692669   -3.839250276    2.952814768
    1.982783784   -3.740804041   -3.742644087    3.107924391
    1.992792793   -3.639164143   -3.640641364    3.304857328
    2.002801802   -3.536597548   -3.537930207    3.515673711
    2.012810811   -3.437139240   -3.438450813    3.717830393
    2.022819820   -3.344872550   -3.346229011    3.888837120
    2.032828829   -3.264171274   -3.265605612    4.003944809
    2.042837838   -3.198496103   -3.200021658    4.041088166
    2.052846847   -3.147434107   -3.149050750    3.995478592
    2.062855856   -3.104438378   -3.106137335    3.892577314
    2.072864865   -3.059595237   -3.061366255    3.777321947
    2.082873874   -3.006030647   -3.007867827    3.686483404
    2.092882883   -2.942602313   -2.944504009    3.638746449
    2.102891892   -2.871003404   -2.872968133    3.640818970
    2.112900901   -2.792309235   -2.794332437    3.686362771
    2.122909910   -2.706593782   -2.708667952    3.755559621
    2.132918919   -2.614292405   -2.616409477    3.828357597
    2.142927928   -2.516675937   -2.518829604    3.900625397
    2.152936937   -2.415334602   -2.417521385    3.983507795
    2.162945946   -2.311760051   -2.313978806    4.084591345
    2.172954955   -2.207368369   -2.209618938    4.195212540
    2.182963964   -2.103773873   -2.106055964    4.298734775
    2.192972973   -2.003129965   -2.005442711    4.386084074
    2.202981982   -1.908380813   -1.910723076    4.458927691
    2.212990991   -1.823106211   -1.825477786    4.519406955
    2.223000000   -1.750978528   -1.753381631    4.560013034
    2.233009009   -1.696232948   -1.698671854    4.554210308
    2.243018018   -1.666003931   -1.668481974    4.446546998
    2.253027027   -1.670497803   -1.673014632    4.160926762
    2.263036036   -1.715657273   -1.718207891    3.641557435
    2.273045045   -1.792972996   -1.795546730    2.906654685
    2.283054054   -1.881562963   -1.884141360    2.060150186
    2.293063063   -1.965064377   -1.967618394    1.243407692
    2.303072072   -2.042738300   -2.045225545    0.581346679
    2.313081081   -2.123697691   -2.126065371    0.147320444
    2.323090090   -2.214788804   -2.216991569   -0.056612884
    2.333099099   -2.314051891   -2.316078333   -0.082624267
    2.343108108   -2.411413334   -2.413293231    0.005000757
    2.353117117   -2.490090208   -2.491873505    0.159764499
    2.363126126   -2.531537112   -2.533270194    0.357087207
    2.373135135   -2.526548453   -2.528264966    0.583759089
    2.383144144   -2.479732221   -2.481453588    0.829412054
    2.393153153   -2.403131473   -2.404869940    1.085045350
    2.403162162   -2.308676675   -2.310438359    1.343908365
    2.413171171   -2.205025735   -2.206813044    1.601407093
    2.423180180   -2.097599113   -2.099412445    1.853943310
    2.433189189   -1.989642302   -1.991481148    2.097209815
    2.443198198   -1.883311734   -1.885175410    2.324001339
    2.453207207   -1.780581498   -1.782469683    2.521290351
    2.463216216   -1.684009268   -1.685922433    2.666579409
    2.473225225   -1.597284088   -1.599223665    2.725113037
    2.483234234   -1.525033267   -1.527001036    2.653584870
    2.493243243   -1.470801813   -1.472797754    2.420616678
    2.503252252   -1.432871990   -1.434891313    2.045645206
    2.513261261   -1.401455280   -1.403488373    1.621333981
    2.523270270   -1.362895501   -1.364932849    1.270516661
    2.533279279   -1.308423692   -1.310460242    1.068711914
    2.543288288   -1.238181808   -1.240215958    1.017761520
    2.553297297   -1.158917438   -1.160947267    1.076618615
    2.563306306   -1.080819151   -1.082839275    1.196353506
    2.573315315   -1.016611929   -1.018611505    1.334991454
    2.583324324   -0.982211785   -0.984174019    1.458762937
    2.593333333   -0.995952069   -0.997858315    1.541684298
    2.603342342   -1.071430647   -1.073274036    1.572015792
    2.613351351   -1.202331344   -1.204136000    1.564106190
    2.623360360   -1.352703292   -1.354524473    1.557513898
    2.633369369   -1.473344048   -1.475234327    1.592105650
    2.643378378   -1.533326910   -1.535304566    1.683694174
    2.653387387   -1.531545901   -1.533598539    1.824282076
    2.663396396   -1.484580901   -1.486686046    1.995533283
    2.673405405   -1.412585294   -1.414723884    2.177624229
    2.683414414   -1.333603692   -1.335763751    2.350336096
    2.693423423   -1.263655495   -1.265831275    2.490463635
    2.703432432   -1.217562843   -1.219752652    2.570345051
    2.713441441   -1.206445251   -1.208648411    2.563373169
    2.723450450   -1.230358286   -1.232571373    2.460776662
    2.733459459   -1.272549690   -1.274764787    2.288668296
    2.743468468   -1.307323757   -1.309531928    2.096342142
    2.753477477   -1.317795382   -1.319991928    1.915988516
    2.763486486   -1.303128175   -1.305313649    1.745256034
    2.773495495   -1.270222229   -1.272400080    1.576566243
    2.783504505   -1.223752580   -1.225926796    1.430727962
    2.793513514   -1.164878573   -1.167052127    1.348062851
    2.803522523   -1.095942077   -1.098116236    1.351281910
    2.813531532   -1.023031232   -1.025205784    1.429970927
    2.823540541   -0.954169982   -0.956343939    1.554133484
    2.833549550   -0.895696704   -0.897869205    1.690947242
    2.843558559   -0.849496654   -0.851668026    1.811662196
    2.853567568   -0.813982531   -0.816154918    1.890576690
    2.863576577   -0.788341400   -0.790518003    1.904714585
    2.873585586   -0.774187779   -0.776370505    1.845378555
    2.883594595   -0.772656938   -0.774843878    1.737197117
    2.893603604   -0.783095307   -0.785280613    1.635227910
    2.903612613   -0.807884412   -0.810061010    1.588162227
    2.913621622   -0.856352529   -0.858514710    1.607959766
    2.923630631   -0.938156732   -0.940301778    1.676724235
    2.933639640   -1.050566225   -1.052697482    1.769899398
    2.943648649   -1.173840252   -1.175969839    1.868058080
    2.953657658   -1.281449734   -1.283594488    1.953148059
    2.963666667   -1.356842002   -1.359013981    2.001835795
    2.973675676   -1.400214064   -1.402414752    1.989451291
    2.983684685   -1.420159633   -1.422381190    1.903012746
    2.993693694   -1.423715487   -1.425946705    1.746961074
    3.003702703   -1.414803015   -1.417035112    1.536740442
    3.013711712   -1.396347750   -1.398575942    1.292905429
    3.023720721   -1.371675340   -1.373898319    1.031209475
    3.033729730   -1.345375402   -1.347594291    0.749308419
    3.043738739   -1.321188371   -1.323404041    0.442369938
    3.053747748   -1.297824630   -1.300035568    0.140526003
    3.063756757   -1.269487618   -1.271691240   -0.092261664
    3.073765766   -1.232001109   -1.234196623   -0.208336755
    3.083774775   -1.186462160   -1.188651738   -0.209599985
    3.093783784   -1.137046950   -1.139235443   -0.134648369
    3.103792793   -1.087959008   -1.090153160   -0.033337509
    3.113801802   -1.043308870   -1.045516086    0.047767467
    3.123810811   -1.008036834   -1.010263692    0.074639576
    3.133819820   -0.986265107   -0.988514780    0.039802056
    3.143828829   -0.977095806   -0.979364162   -0.026733441
    3.153837838   -0.972321060   -0.974596022   -0.072854697
    3.163846847   -0.960507051   -0.962775468   -0.061198857
    3.173855856   -0.934467622   -0.936723157    0.012205714
    3.183864865   -0.894162181   -0.896405837    0.129058273
    3.193873874   -0.843779509   -0.846015303    0.266673214
    3.203882883   -0.787993621   -0.790225182    0.407581300
    3.213891892   -0.730461494   -0.732691164    0.539678901
    3.223900901   -0.674385295   -0.676614671    0.649535468
    3.233909910   -0.623602572   -0.625832997    0.715389855
    3.243918919   -0.582739192   -0.584971466    0.707719082
    3.253927928   -0.555812777   -0.558046302    0.601254811
    3.263936937   -0.543826733   -0.546058954    0.395597347
    3.273945946   -0.543642399   -0.545869643    0.129416020
    3.283954955   -0.550304351   -0.552523498   -0.129719374
    3.293963964   -0.561461502   -0.563671063   -0.318472909
    3.303972973   -0.579474487   -0.581675699   -0.409160403
    3.313981982   -0.607828308   -0.610026742   -0.412918674
    3.323990991   -0.644976913   -0.647181520   -0.359120132
    3.334000000   -0.682960799   -0.685178516   -0.275170604
    3.344009009   -0.711891215   -0.714122832   -0.178099207
    3.354018018   -0.725404464   -0.727646632   -0.076400799
    3.364027027   -0.723972524   -0.726221945    0.024280478
    3.374036036   -0.714118807   -0.716373848    0.118529122
    3.384045045   -0.703990285   -0.706250010    0.201361460
    3.394054054   -0.698372003   -0.700634499    0.266791971
    3.404063063   -0.696137125   -0.698399040    0.305253044
    3.414072072   -0.692575282   -0.694833438    0.303480316
    3.424081081   -0.684357482   -0.686610611    0.250732248
    3.434090090   -0.670904723   -0.673153406    0.153031280
    3.444099099   -0.652037697   -0.654283265    0.042186259
    3.454108108   -0.627075416   -0.629319111   -0.039918246
    3.464117117   -0.596177635   -0.598420287   -0.069082389
    3.474126126   -0.560772338   -0.563014360   -0.046282469
    3.484135135   -0.522521749   -0.524763220    0.015127170
    3.494144144   -0.482591737   -0.484832530    0.101340673
    3.504153153   -0.441836085   -0.444076007    0.201136723
    3.514162162   -0.401183875   -0.403422737    0.304545833
    3.524171171   -0.361785281   -0.364022895    0.401207496
    3.534180180   -0.325058914   -0.327295047    0.479054862
    3.544189189   -0.292702006   -0.294936320    0.523985998
    3.554198198   -0.266410019   -0.268641998    0.522810118
    3.564207207   -0.247052482   -0.249281406    0.471001803
    3.574216216   -0.233700116   -0.235925177    0.380220942
    3.584225225   -0.223529416   -0.225750072    0.276015268
    3.594234234   -0.212839198   -0.215055560    0.187058474
    3.604243243   -0.198401910   -0.200614702    0.135237429
    3.614252252   -0.178513495   -0.180723524    0.129236146
    3.624261261   -0.153262643   -0.155470328    0.164320062
    3.634270270   -0.123955373   -0.126160665    0.228598193
    3.644279279   -0.092289666   -0.094492185    0.309491063
    3.654288288   -0.059876205   -0.062075342    0.396391181
    3.664297297   -0.028194920   -0.030389830    0.480273642
    3.674306306    0.001249727   -0.000939870    0.552300174
    3.684315315    0.026880953    0.024697841    0.603253353
    3.694324324    0.047473743    0.045297799    0.625838885
    3.704333333    0.063254255    0.061084812    0.620855491
    3.714342342    0.076834759    0.074669639    0.602334310
    3.724351351    0.092231524    0.090068417    0.591846378
    3.734360360    0.112321008    0.110158988    0.604008490
    3.744369369    0.137584967    0.135424518    0.639021226
    3.754378378    0.166932961    0.164775119    0.686593425
    3.764387387    0.198925516    0.196771240    0.732112768
    3.774396396    0.232384807    0.230234801    0.760248726
    3.784405405    0.266542102    0.264396876    0.758623714
    3.794414414    0.301061980    0.298921964    0.724755581
    3.804423423    0.335998824    0.333864394    0.672503070
    3.814432432    0.371537281    0.369408632    0.627350612
    3.824441441    0.407560544    0.405437528    0.610113836
    3.834450450    0.443313333    0.441195363    0.625694559
    3.844459459    0.477212709    0.475098686    0.665750542
    3.854468468    0.506682925    0.504571158    0.716625579
    3.864477477    0.528182625    0.526070989    0.764447201
    3.874486486    0.538117779    0.536004586    0.797892438
    3.884495495    0.535296206    0.533181863    0.811825915
    3.894504505    0.523502609    0.521390490    0.810836058
    3.904513514    0.510155018    0.508049592    0.806403608
    3.914522523    0.500853070    0.498757227    0.807397550
    3.924531532    0.496529144    0.494444241    0.814905982
    3.934540541    0.495661322    0.493589053    0.825444902
    3.944549550    0.496123409    0.494066817    0.834045790
    3.954558559    0.494292396    0.492256037    0.834072260
    3.964567568    0.485403043    0.483392982    0.820033916
    3.974576577    0.467219713    0.465242249    0.794333476
    3.984585586    0.443298437    0.441356614    0.768286701
    3.994594595    0.421694520    0.419784972    0.752148370
    4.004603604    0.410312582    0.408426888    0.745376574
    4.014612613    0.412830569    0.410960107    0.738801818
    4.024621622    0.427534937    0.425674222    0.725378549
    4.034630631    0.449098479    0.447245301    0.708725624
    4.044639640    0.470922739    0.469076821    0.700298400
    4.054648649    0.486573476    0.484734876    0.707755126
    4.064657658    0.491284897    0.489452347    0.728564228
    4.074666667    0.484006836    0.482176561    0.754156214
    4.084675676    0.468466101    0.466632026    0.777612058
    4.094684685    0.451837807    0.449993349    0.797708689
    4.104693694    0.441195778    0.439336154    0.816487732
    4.114702703    0.440169722    0.438292491    0.834554139
    4.124711712    0.448918958    0.447022581    0.850714318
    4.134720721    0.466059505    0.464142721    0.863934526
    4.144729730    0.489262595    0.487325746    0.871770770
    4.154738739    0.514981382    0.513028878    0.867712856
    4.164747748    0.539162677    0.537206738    0.844368883
    4.174756757    0.558944230    0.557010985    0.802235492
    4.184765766    0.574209933    0.572349081    0.754375880
    4.194774775    0.587472116    0.585771640    0.718390390
    4.204783784    0.601638260    0.600241981    0.703958183
    4.214792793    0.617962866    0.617075659    0.710807344
    4.224801802    0.636290104    0.636141558    0.735120473
    4.234810811    0.656301207    0.657053805    0.773557154
    4.244819820    0.677866826    0.679524748    0.822791545
    4.254828829    0.700659977    0.703072825    0.879007869
    4.264837838    0.724308894    0.727266130    0.939007256
    4.274846847    0.749371076    0.752691176    1.001398442
    4.284855856    0.777504154    0.781067681    1.066459058
    4.294864865    0.810096523    0.813840208    1.134801815
    4.304873874    0.847167531    0.851067377    1.206324880
    4.314882883    0.887655568    0.891712243    1.280142719
    4.324891892    0.930180300    0.934409425    1.354800701
    4.334900901    0.973477063    0.977903471    1.428129691
    4.344909910    1.016573508    1.021228113    1.496640544
    4.354918919    1.058962430    1.063880641    1.554562352
    4.364927928    1.100730719    1.105951661    1.592840565
    4.374936937    1.142467749    1.148033967    1.599210971
    4.384945946    1.184921738    1.190879492    1.561809819
    4.394954955    1.228271157    1.234671230    1.478311415
    4.404963964    1.271207542    1.278105849    1.366035902
    4.414972973    1.310721046    1.318178232    1.259587549
    4.424981982    1.343189308    1.351268828    1.190889758
    4.434990991    1.366745441    1.375510449    1.171083151
    4.445000000    1.383409107    1.392920631    1.191506665
    4.455009009    1.397436178    1.407753927    1.234797272
    4.465018018    1.409675419    1.420854287    1.282660225
    4.475027027    1.414303732    1.426376245    1.318893047
    4.485036036    1.402324626    1.415265331    1.332249362
    4.495045045    1.369240506    1.382906495    1.321251787
    4.505054054    1.320096088    1.334129484    1.295987703
    4.515063063    1.265270835    1.278945340    1.271162677
    4.525072072    1.210285493    1.222300180    1.256658220
    4.535081081    1.150931869    1.159269125    1.253962875
    4.545090090    1.077501727    1.079703887    1.256136817
    4.555099099    0.983037470    0.977228141    1.250191457
    4.565108108    0.869553669    0.855608105    1.224424439
    4.575117117    0.749431848    0.729014983    1.178525317
    4.585126126    0.641560764    0.617038215    1.127499699
    4.595135135    0.563479261    0.536908346    1.091940076
    4.605144144    0.524138322    0.496918398    1.083871724
    4.615153153    0.521705273    0.494653998    1.101838309
    4.625162162    0.546494946    0.520033570    1.133509399
    4.635171171    0.585760754    0.560071339    1.159761720
    4.645180180    0.627730012    0.602860037    1.159643589
    4.655189189    0.664641863    0.640566527    1.118269441
    4.665198198    0.695047742    0.671704912    1.036691381
    4.675207207    0.723205523    0.700516004    0.934109865
    4.685216216    0.754059151    0.731940389    0.835982888
    4.695225225    0.788556258    0.766932451    0.761062474
    4.705234234    0.824258565    0.803069208    0.718036483
    4.715243243    0.859172401    0.838383307    0.706438641
    4.725252252    0.894040541    0.873662208    0.719295423
    4.735261261    0.930747546    0.910864469    0.746068182
    4.745270270    0.968799409    0.949608310    0.773628867
    4.755279279    1.003895849    0.985732923    0.788837931
    4.765288288    1.029658355    1.012958751    0.785586971
    4.775297297    1.041276706    1.026402111    0.771318964
    4.785306306    1.039694149    1.026700681    0.763031274
    4.795315315    1.033192211    1.021773706    0.773196457
    4.805324324    1.032571438    1.022244628    0.800945428
    4.815333333    1.043136675    1.033456860    0.835620245
    4.825342342    1.061990034    1.052642978    0.865178105
    4.835351351    1.081238653    1.072033670    0.882207365
    4.845360360    1.091530256    1.082362320    0.884389504
    4.855369369    1.083817226    1.074632541    0.870760703
    4.865378378    1.050979558    1.041752151    0.841025354
    4.875387387    0.991716556    0.982432853    0.800669033
    4.885396396    0.916288832    0.906937784    0.763964478
    4.895405405    0.846307728    0.836879324    0.748030330
    4.905414414    0.802759320    0.793249978    0.762948325
    4.915423423    0.793639768    0.784054588    0.808045967
    4.925432432    0.814094550    0.804443233    0.875936159
    4.935441441    0.854083623    0.844375771    0.957928161
    4.945450450    0.903998184    0.894241243    1.046569120
    4.955459459    0.956336779    0.946535948    1.135704824
    4.965468468    1.005711278    0.995870092    1.219758554
    4.975477477    1.049137877    1.039258713    1.293344835
    4.985486486    1.086787498    1.076871658    1.351207696
    4.995495495    1.121390185    1.111437854    1.387264367
    5.005504505    1.155302403    1.145313094    1.392846542
    5.015513514    1.188150261    1.178123542    1.358247929
    5.025522523    1.217942104    1.207878033    1.280739063
    5.035531532    1.243995405    1.233894419    1.173498504
    5.045540541    1.267981836    1.257844045    1.062678799
    5.055549550    1.292207192    1.282031763    0.970050718
    5.065558559    1.318033427    1.307818820    0.899890700
    5.075567568    1.346158974    1.335903590    0.842379805
    5.085576577    1.377277149    1.366979465    0.784191236
    5.095585586    1.411620362    1.401278538    0.716587021
    5.105594595    1.448183199    1.437794993    0.640961303
    5.115603604    1.484980157    1.474543604    0.570054075
    5.125612613    1.519792208    1.509306488    0.518915427
    5.135621622    1.550931575    1.540396899    0.493136669
    5.145630631    1.578249572    1.567665412    0.488304114
    5.155639640    1.603426734    1.592789888    0.497057617
    5.165648649    1.628046669    1.617351983    0.512320603
    5.175657658    1.650114125    1.639357419    0.525965935
    5.185666667    1.662532215    1.651711729    0.528497525
    5.195675676    1.656097131    1.645212293    0.512801346
    5.205684685    1.626609165    1.615658353    0.481095130
    5.215693694    1.581808641    1.570788078    0.447370279
    5.225702703    1.539427505    1.528332482    0.428271369
    5.235711712    1.514988424    1.503815132    0.430162970
    5.245720721    1.512961485    1.501707116    0.445412550
    5.255729730    1.529298098    1.517960196    0.458189393
    5.265738739    1.558057108    1.546633464    0.452861521
    5.275747748    1.595473936    1.583962270    0.422150890
    5.285756757    1.640785883    1.629183317    0.373525777
    5.295765766    1.694825017    1.683128301    0.327601813
    5.305774775    1.757904706    1.746111083    0.305024409
    5.315783784    1.828634430    1.816742009    0.313775443
    5.325792793    1.904306621    1.892314021    0.349295698
    5.335801802    1.981988622    1.969894491    0.402205670
    5.345810811    2.059457843    2.047260563    0.464225692
    5.355819820    2.135701408    2.123399028    0.530269611
    5.365828829    2.210613469    2.198203822    0.598179829
    5.375837838    2.284241590    2.271722179    0.667478559
    5.385846847    2.357038797    2.344406317    0.738236947
    5.395855856    2.430933409    2.418183971    0.810407291
    5.405864865    2.509129985    2.496260609    0.883325595
    5.415873874    2.594466315    2.581476164    0.955240914
    5.425882883    2.687703120    2.674593596    1.022862484
    5.435891892    2.786266055    2.773040770    1.080848294
    5.445900901    2.884037161    2.870702750    1.121502810
    5.455909910    2.972647368    2.959215361    1.135873908
    5.465918919    3.044320715    3.030810665    1.117912767
    5.475927928    3.095449754    3.081894001    1.070820485
    5.485936937    3.127101714    3.113550493    1.009114124
    5.495945946    3.139448947    3.125967696    0.950960551
    5.505954955    3.126026037    3.112664086    0.907543666
    5.515963964    3.076979940    3.063683656    0.880111026
    5.525972973    2.991328301    2.977816348    0.864916339
    5.535981982    2.887887402    2.873632936    0.860484332
    5.545990991    2.799495640    2.783975572    0.870570469
    5.556000000    2.748657552    2.731680048    0.899204478
    5.566009009    2.729117409    2.710855893    0.944324164
    5.576018018    2.713085287    2.693862495    0.997360543
    5.586027027    2.674152916    2.654255934    1.046991860
    5.596036036    2.605557456    2.585176912    1.083382639
    5.606045045    2.520612328    2.499851118    1.102022896
    5.616054054    2.437695984    2.416595938    1.104926245
    5.626063063    2.365040331    2.343611253    1.095778243
    5.636072072    2.296780200    2.275023704    1.072485612
    5.646081081    2.221618524    2.199536269    1.025205804
    5.656090090    2.135732813    2.113320309    0.941830104
    5.666099099    2.048852146    2.026092972    0.818748936
    5.676108108    1.979673777    1.956542172    0.669190280
    5.686117117    1.943156066    1.919622241    0.517685464
    5.696126126    1.936397688    1.912429536    0.386403123
    5.706135135    1.936357479    1.911918553    0.288228590
    5.716144144    1.915213636    1.890259325    0.226559103
    5.726153153    1.860091304    1.834566493    0.198763037
    5.736162162    1.775751283    1.749593917    0.200407544
    5.746171171    1.667485210    1.640632498    0.224774361
    5.756180180    1.530312216    1.502698372    0.260934843
    5.766189189    1.358928031    1.330468326    0.295940801
    5.776198198    1.162281564    1.132848732    0.320298736
    5.786207207    0.964179599    0.933576852    0.332954595
    5.796216216    0.790663725    0.758582818    0.340640337
    5.806225225    0.659097283    0.625045531    0.350553703
    5.816234234    0.576981423    0.540171018    0.364892579
    5.826243243    0.545565998    0.504776577    0.383189241
    5.836252252    0.562384579    0.515869274    0.406818911
    5.846261261    0.617462265    0.563104293    0.438188505
    5.856270270    0.685060405    0.621038361    0.476189696
    5.866279279    0.724080599    0.649867379    0.514799069
    5.876288288    0.689808433    0.606702449    0.545855105
    5.886297297    0.548988441    0.459789471    0.562651525
    5.896306306    0.292310907    0.200839107    0.561967006
    5.906315315   -0.059547709   -0.148403942    0.543682867
    5.916324324   -0.463868312   -0.543806722    0.509499235
    5.926333333   -0.877451353   -0.941097609    0.462106739
    5.936342342   -1.265645674   -1.306604772    0.404683588
    5.946351351   -1.589567545   -1.605585404    0.341315424
    5.956360360   -1.807010284   -1.801333047    0.276391477
    5.966369369   -1.897717687   -1.877015288    0.213971369
    5.976378378   -1.874906943   -1.846024819    0.160542607
    5.986387387   -1.770370439   -1.738495988    0.124308137
    5.996396396   -1.617928653   -1.586359450    0.107445332
    6.006405405   -1.446833080   -1.417437321    0.101894607
    6.016414414   -1.279032174   -1.252772439    0.093995447
    6.026423423   -1.126981080   -1.104299299    0.072754776
    6.036432432   -0.995271020   -0.976329675    0.036767877
    6.046441441   -0.887656435   -0.872477598   -0.004943614
    6.056450450   -0.812195111   -0.800734412   -0.040578996
    6.066459459   -0.777870815   -0.770051653   -0.063417342
    6.076468468   -0.788669271   -0.784392781   -0.071520976
    6.086477477   -0.844586192   -0.843723975   -0.064160779
    6.096486486   -0.943772215   -0.946137718   -0.041597427
    6.106495495   -1.073480762   -1.078762882   -0.006362429
    6.116504505   -1.203455911   -1.211090559    0.037235591
    6.126513514   -1.302426713   -1.311384329    0.084720416
    6.136522523   -1.360723918   -1.369221774    0.132475867
    6.146531532   -1.393728070   -1.398980044    0.177772602
    6.156540541   -1.429340438   -1.427682445    0.218090395
    6.166549550   -1.491151500   -1.479031114    0.250373133
    6.176558559   -1.585203310   -1.560916059    0.271344732
    6.186567568   -1.698000488   -1.662743862    0.279740483
    6.196576577   -1.805307039   -1.762355913    0.279240876
    6.206585586   -1.884328968   -1.837280828    0.278037654
    6.216594595   -1.922325180   -1.873970534    0.283400446
    6.226603604   -1.917007790   -1.869114399    0.296955209
    6.236612613   -1.873882151   -1.827417581    0.315298814
    6.246621622   -1.804072785   -1.759489602    0.333558251
    6.256630631   -1.720024758   -1.677477886    0.348679899
    6.266639640   -1.630975172   -1.590460171    0.360997863
    6.276648649   -1.542054350   -1.503488036    0.372778868
    6.286657658   -1.456467387   -1.419734778    0.384903152
    6.296666667   -1.377058425   -1.342044144    0.395730282
    6.306675676   -1.305755228   -1.272368164    0.403361012
    6.316684685   -1.243075729   -1.211264727    0.408164727
    6.326693694   -1.189843174   -1.159592974    0.412353979
    6.336702703   -1.149227500   -1.120526226    0.417517735
    6.346711712   -1.126063205   -1.098853795    0.423548729
    6.356720721   -1.123646256   -1.097802147    0.429186321
    6.366729730   -1.139411471   -1.114761702    0.432724641
    6.376738739   -1.162593067   -1.138969933    0.432724789
    6.386747748   -1.178685920   -1.155955467    0.428041694
    6.396756757   -1.178118326   -1.156183302    0.417148397
    6.406765766   -1.159912826   -1.138702113    0.399028370
    6.416774775   -1.127856073   -1.107314555    0.376126710
    6.426783784   -1.085554141   -1.065636544    0.355328357
    6.436792793   -1.035232414   -1.015899896    0.344148867
    6.446801802   -0.978862170   -0.960080458    0.345989651
    6.456810811   -0.918685075   -0.900423433    0.359442182
    6.466819820   -0.856813934   -0.839044532    0.380784550
    6.476828829   -0.794868533   -0.777565993    0.406205866
    6.486837838   -0.733996755   -0.717137812    0.432527736
    6.496846847   -0.675120017   -0.658683263    0.456993714
    6.506855856   -0.619224597   -0.603190285    0.476877648
    6.516864865   -0.567598232   -0.551948106    0.489514350
    6.526873874   -0.521946265   -0.506663399    0.493294472
    6.536882883   -0.484419019   -0.469487693    0.489378572
    6.546891892   -0.457632767   -0.443038327    0.482024734
    6.556900901   -0.444114864   -0.429843185    0.475864286
    6.566909910   -0.443887729   -0.429924189    0.473002858
    6.576918919   -0.451262669   -0.437591751    0.473427242
    6.586927928   -0.455842730   -0.442449541    0.477068964
    6.596936937   -0.448926429   -0.435798660    0.484483538
    6.606945946   -0.428109298   -0.415237287    0.496051634
    6.616954955   -0.395955965   -0.383331387    0.511245178
    6.626963964   -0.356565440   -0.344180268    0.528748058
    6.636972973   -0.313603930   -0.301450086    0.546984215
    6.646981982   -0.269981212   -0.258050577    0.564474098
    6.656990991   -0.228207155   -0.216491669    0.580027616
    6.667000000   -0.190790891   -0.179282662    0.593048874
    6.677009009   -0.160514388   -0.149205787    0.603949845
    6.687018018   -0.140511398   -0.129395166    0.614116524
    6.697027027   -0.133572566   -0.122642104    0.625014227
    6.707036036   -0.139734105   -0.128984050    0.637261651
    6.717045045   -0.153454752   -0.142881086    0.650665989
    6.727054054   -0.164771402   -0.154370323    0.664820869
    6.737063063   -0.165002167   -0.154768801    0.679440748
    6.747072072   -0.151023153   -0.140951510    0.694281276
    6.757081081   -0.124701334   -0.114785140    0.708959663
    6.767090090   -0.089904911   -0.080138286    0.722984580
    6.777099099   -0.050060729   -0.040438414    0.736091158
    6.787108108   -0.007198809    0.002283953    0.748647629
    6.797117117    0.037663357    0.047011122    0.761598100
    6.807126126    0.083470687    0.092688018    0.775801110
    6.817135135    0.128316424    0.137407877    0.791489510
    6.827144144    0.169103388    0.178073373    0.808337840
    6.837153153    0.201439780    0.210292269    0.825781817
    6.847162162    0.220070577    0.228808376    0.843221520
    6.857171171    0.220777339    0.229400617    0.860103515
    6.867180180    0.203373260    0.211877813    0.875947180
    6.877189189    0.171987509    0.180364511    0.890235500
    6.887198198    0.130366188    0.138604699    0.902157975
    6.897207207    0.078586605    0.086678502    0.910584321
    6.907216216    0.016799772    0.024745351    0.914661109
    6.917225225   -0.049651070   -0.041841303    0.914795245
    6.927234234   -0.110937632   -0.103247910    0.913031450
    6.937243243   -0.157841331   -0.150257757    0.911912371
    6.947252252   -0.185469023   -0.177982418    0.912802327
    6.957261261   -0.193834658   -0.186439105    0.915656296
    6.967270270   -0.186260075   -0.178951132    0.920306884
    6.977279279   -0.166811385   -0.159585504    0.927430434
    6.987288288   -0.139115923   -0.131970405    0.937793541
    6.997297297   -0.106530464   -0.099463496    0.950919101
    7.007306306   -0.071997685   -0.065008214    0.965000284
    7.017315315   -0.038176325   -0.031263461    0.977905421
    7.027324324   -0.008618914   -0.001781243    0.988083557
    7.037333333    0.011347415    0.018112031    0.994449809
    7.047342342    0.015543889    0.022238145    0.995468401
    7.057351351    0.000051052    0.006677824    0.989190784
    7.067360360   -0.032557331   -0.025995932    0.975136559
    7.077369369   -0.071443795   -0.064947614    0.956065731
    7.087378378   -0.102146205   -0.095716771    0.936822300
    7.097387387   -0.115130338   -0.108768752    0.920742407
    7.107396396   -0.109810281   -0.103515714    0.907815861
    7.117405405   -0.091720148   -0.085490181    0.896708242
    7.127414414   -0.068241411   -0.062073017    0.887853214
    7.137423423   -0.046690624   -0.040580803    0.883438826
    7.147432432   -0.034037740   -0.027983894    0.884415231
    7.157441441   -0.035942514   -0.029942991    0.888953913
    7.167450450   -0.054198561   -0.048253383    0.894168215
    7.177459459   -0.084206411   -0.078317531    0.898840200
    7.187468468   -0.115788618   -0.109958760    0.904415605
    7.197477477   -0.138692517   -0.132922869    0.913265195
    7.207486486   -0.147910461   -0.142199467    0.926283462
    7.217495495   -0.143706967   -0.138051405    0.942277692
    7.227504505   -0.128872161   -0.123268983    0.958664047
    7.237513514   -0.106994199   -0.101441395    0.972240127
    7.247522523   -0.081662359   -0.076158842    0.980209981
    7.257531532   -0.055712480   -0.050257823    0.981970951
    7.267540541   -0.030660286   -0.025254443    0.980617192
    7.277549550   -0.006803769   -0.001446512    0.981641016
    7.287558559    0.016138798    0.021448481    0.989142989
    7.297567568    0.038506112    0.043770161    1.003684307
    7.307576577    0.060360954    0.065581848    1.023242941
    7.317585586    0.081095225    0.086275475    1.045020037
    7.327594595    0.099476765    0.104618832    1.066675441
    7.337603604    0.114480524    0.119587299    1.087078112
    7.347612613    0.125860303    0.130936231    1.106382332
    7.357621622    0.133460910    0.138513445    1.125054805
    7.367630631    0.136518984    0.141558784    1.142889712
    7.377639640    0.134774281    0.139812417    1.159343902
    7.387648649    0.130283819    0.135326528    1.174375942
    7.397657658    0.127093049    0.132138292    1.188464730
    7.407666667    0.128729615    0.133769059    1.202453598
    7.417675676    0.136529299    0.141553287    1.217667594
    7.427684685    0.149805720    0.154806542    1.234949666
    7.437693694    0.166518948    0.171490989    1.252798527
    7.447702703    0.183829326    0.188767211    1.266493735
    7.457711712    0.198582386    0.203478392    1.268406619
    7.467720721    0.207837197    0.212678746    1.248819399
    7.477729730    0.209678098    0.214446689    1.197844080
    7.487738739    0.204289027    0.208963107    1.110242167
    7.497747748    0.194726223    0.199289588    0.993613040
    7.507756757    0.186018624    0.190469897    0.871929001
    7.517765766    0.182243107    0.186596942    0.773657888
    7.527774775    0.184334580    0.188613252    0.713894132
    7.537783784    0.190722177    0.194946524    0.690045468
    7.547792793    0.199356897    0.203542455    0.690099167
    7.557801802    0.208927968    0.213084905    0.700672822
    7.567810811    0.218668204    0.222802386    0.710318972
    7.577819820    0.227769286    0.231883580    0.711068394
    7.587828829    0.235539558    0.239635134    0.700964450
    7.597837838    0.241995259    0.246072498    0.685810637
    7.607846847    0.247903157    0.251961959    0.675670298
    7.617855856    0.254408968    0.258448769    0.677607566
    7.627864865    0.262695065    0.266715067    0.692306578
    7.637873874    0.273381678    0.277381268    0.716321484
    7.647882883    0.286063258    0.290042207    0.745306592
    7.657891892    0.299567453    0.303525799    0.775462956
    7.667900901    0.312356760    0.316294616    0.803604012
    7.677909910    0.322673717    0.326591207    0.827025177
    7.687918919    0.329053467    0.332950818    0.843986590
    7.697927928    0.331434768    0.335312281    0.854749729
    7.707936937    0.331707475    0.335565308    0.861930534
    7.717945946    0.332574791    0.336412946    0.869024697
    7.727954955    0.335871605    0.339690228    0.878202718
    7.737963964    0.342161696    0.345961200    0.889386150
    7.747972973    0.351156651    0.354937516    0.900599368
    7.757981982    0.362066730    0.365829366    0.908876905
    7.767990991    0.374126200    0.377870990    0.912024286
    7.778000000    0.387037408    0.390764658    0.910776995
    7.788009009    0.400731463    0.404441291    0.908943368
    7.798018018    0.414755812    0.418448194    0.910197024
    7.808027027    0.427996020    0.431670924    0.914807835
    7.818036036    0.438966388    0.442623833    0.919955048
    7.828045045    0.446619392    0.450259476    0.922816818
    7.838054054    0.451349665    0.454972610    0.923667975
    7.848063063    0.455152520    0.458758689    0.926277385
    7.858072072    0.460362945    0.463952820    0.934808106
    7.868081081    0.468332201    0.471906337    0.950703055
    7.878090090    0.479215434    0.482774370    0.972625848
    7.888099099    0.492394975    0.495939172    0.998050604
    7.898108108    0.507006932    0.510536771    1.024332024
    7.908117117    0.522372120    0.525887934    1.048903962
    7.918126126    0.538102451    0.541604549    1.069141478
    7.928135135    0.553897201    0.557385870    1.082573950
    7.938144144    0.569470867    0.572946367    1.088119517
    7.948153153    0.584805574    0.588268167    1.087865947
    7.958162162    0.600196810    0.603646766    1.086842145
    7.968171171    0.615729068    0.619166674    1.089576246
    7.978180180    0.630755652    0.634181200    1.096975705
    7.988189189    0.644007474    0.647421245    1.106555022
    7.998198198    0.654301599    0.657703869    1.114667756
    8.008207207    0.661428479    0.664819598    1.118390925
    8.018216216    0.666398999    0.669779431    1.116164792
    8.028225225    0.670616821    0.673986975    1.108301635
    8.038234234    0.675009387    0.678369463    1.098027291
    8.048243243    0.680024225    0.683374286    1.090690155
    8.058252252    0.685908088    0.689248119    1.090318338
    8.068261261    0.692667499    0.695997358    1.097017210
    8.078270270    0.699864232    0.703183802    1.107548033
    8.088279279    0.706720963    0.710030613    1.117798430
    8.098288288    0.712782163    0.716083115    1.124995275
    8.108297297    0.718447378    0.721741385    1.127848858
    8.118306306    0.724596198    0.727884700    1.124509055
    8.128315315    0.731753890    0.735037382    1.111329836
    8.138324324    0.739498466    0.742776442    1.085034027
    8.148333333    0.746329030    0.749600492    1.047343457
    8.158342342    0.750158436    0.753422718    1.007643963
    8.168351351    0.749587007    0.752844702    0.978501093
    8.178360360    0.745512001    0.748765602    0.967129702
    8.188369369    0.741317933    0.744571039    0.972422108
    8.198378378    0.740603564    0.743858960    0.988614678
    8.208387387    0.745005822    0.748264630    1.009605557
    8.218396396    0.754283587    0.757545935    1.030744745
    8.228405405    0.767147827    0.770413668    1.048676789
    8.238414414    0.781804171    0.785073540    1.061484130
    8.248423423    0.796738394    0.800011391    1.070114965
    8.258432432    0.811275157    0.814552052    1.078643224
    8.268441441    0.825261343    0.828542676    1.091408013
    8.278450450    0.838639601    0.841925941    1.109774080
    8.288459459    0.851440100    0.854731872    1.131443862
    8.298468468    0.863361205    0.866659001    1.151509036
    8.308477477    0.872863928    0.876168878    1.163784749
    8.318486486    0.877230791    0.880544625    1.162385863
    8.328495495    0.874088755    0.877413758    1.143387081
    8.338504505    0.863050199    0.866389160    1.105690149
    8.348513514    0.846317553    0.849673487    1.051739387
    8.358522523    0.828009539    0.831385093    0.988204502
    8.368531532    0.812141712    0.815538684    0.923254570
    8.378540541    0.800982456    0.804401838    0.862388886
    8.388549550    0.795747635    0.799189897    0.809326795
    8.398558559    0.798102651    0.801568209    0.769285481
    8.408567568    0.809808841    0.813299025    0.747616501
    8.418576577    0.831067037    0.834584738    0.745539653
    8.428585586    0.860170199    0.863719479    0.759637789
    8.438594595    0.894611821    0.898197200    0.784946529
    8.448603604    0.932055249    0.935681323    0.817210267
    8.458612613    0.970579030    0.974250427    0.853149990
    8.468621622    1.008562994    1.012284510    0.890164096
    8.478630631    1.044678995    1.048455881    0.926308137
    8.488639640    1.078182831    1.082021179    0.960501447
    8.498648649    1.109107659    1.113014642    0.992527190
    8.508657658    1.137609188    1.141593003    1.022329973
    8.518666667    1.162875253    1.166945068    1.049045753
    8.528675676    1.183188876    1.187355062    1.071033721
    8.538684685    1.197221708    1.201495985    1.087311750
    8.548693694    1.204652171    1.209047193    1.099247516
    8.558702703    1.205538394    1.210066820    1.110412917
    8.568711712    1.200583629    1.205256801    1.124116117
    8.578720721    1.192161755    1.196987569    1.141302929
    8.588729730    1.182734109    1.187713624    1.160409571
    8.598738739    1.172078918    1.177200636    1.177956720
    8.608747748    1.158403560    1.163633254    1.189574316
    8.618756757    1.142217530    1.147481145    1.192338049
    8.628765766    1.127749825    1.132907917    1.187714640
    8.638774775    1.120415688    1.125234630    1.181781406
    8.648783784    1.123069102    1.127213744    1.181127705
    8.658792793    1.134995593    1.138092824    1.188662096
    8.668801802    1.154322821    1.156120828    1.202902220
    8.678810811    1.179925521    1.180446624    1.219276715
    8.688819820    1.210103592    1.209621102    1.231667944
    8.698828829    1.240560540    1.239419671    1.234186356
    8.708837838    1.264876215    1.263344938    1.223195862
    8.718846847    1.277061212    1.275302021    1.199201989
    8.728855856    1.274313953    1.272429533    1.168166399
    8.738864865    1.257698134    1.255771153    1.139822989
    8.748873874    1.229688598    1.227788766    1.121815559
    8.758882883    1.192080290    1.190261065    1.115538051
    8.768891892    1.147348422    1.145650568    1.118418507
    8.778900901    1.100630748    1.099091458    1.128287790
    8.788909910    1.057835908    1.056494223    1.144125612
    8.798918919    1.020207801    1.019093655    1.164379479
    8.808927928    0.981951851    0.981056866    1.186741553
    8.818936937    0.935518338    0.934795050    1.209219991
    8.828945946    0.879206026    0.878660479    1.230692135
    8.838954955    0.817141782    0.816913652    1.250495836
    8.848963964    0.752385552    0.752634868    1.266863146
    8.858972973    0.684258738    0.685008677    1.275307848
    8.868981982    0.611913688    0.613059401    1.269768779
    8.878990991    0.536707306    0.538111310    1.247363385
    8.889000000    0.462082612    0.463634122    1.213005017
    8.899009009    0.393000688    0.394627154    1.178132300
    8.909018018    0.334094749    0.335754273    1.153615436
    8.919027027    0.287485387    0.289156778    1.143971675
    8.929036036    0.252172972    0.253847273    1.147181120
    8.939045045    0.224701234    0.226375637    1.157964444
    8.949054054    0.200449102    0.202123640    1.170867733
    8.959063063    0.174834496    0.176510584    1.181298437
    8.969072072    0.144548781    0.146228866    1.184965585
    8.979081081    0.110895090    0.112582521    1.178248843
    8.989090090    0.082025476    0.083723604    1.160776756
    8.999099099    0.067310480    0.069021407    1.137241039
    9.009108108    0.068582472    0.070306604    1.115566751
    9.019117117    0.078710991    0.080447636    1.102650429
    9.029126126    0.087027943    0.088775932    1.100489318
    9.039135135    0.085904811    0.087662211    1.105608665
    9.049144144    0.075539375    0.077302075    1.112692904
    9.059153153    0.063351796    0.065110530    1.119065720
    9.069162162    0.057057686    0.058793837    1.125993240
    9.079171171    0.058963149    0.060646184    1.136156935
    9.089180180    0.066769999    0.068360941    1.150204774
    9.099189189    0.076713136    0.078177304    1.164841368
    9.109198198    0.084929379    0.086253260    1.172645547
    9.119207207    0.088198931    0.089396438    1.164308840
    9.129216216    0.085631477    0.086734453    1.133976081
    9.139225225    0.079403655    0.080448869    1.084872207
    9.149234234    0.072781199    0.073802642    1.029527067
    9.159243243    0.068275484    0.069300463    0.983268669
    9.169252252    0.067963458    0.069010418    0.956336008
    9.179261261    0.073901283    0.074979627    0.950740167
    9.189270270    0.087717275    0.088829491    0.963495351
    9.199279279    0.109913335    0.111058212    0.990861059
    9.209288288    0.139460746    0.140635955    1.028529040
    9.219297297    0.174418308    0.175621636    1.070278512
    9.229306306    0.212584083    0.213813684    1.109181044
    9.239315315    0.251249392    0.252503637    1.140549075
    9.249324324    0.286934614    0.288211967    1.163452040
    9.259333333    0.315558226    0.316857429    1.180235511
    9.269342342    0.333277378    0.334598032    1.196180156
    9.279351351    0.338583785    0.339926810    1.218037979
    9.289360360    0.333885748    0.335252566    1.249415907
    9.299369369    0.323418693    0.324809232    1.287262826
    9.309378378    0.309296504    0.310708046    1.322725233
    9.319387387    0.290788928    0.292216426    1.344261463
    9.329396396    0.267074919    0.268511254    1.341222050
    9.339405405    0.239965159    0.241400774    1.307251116
    9.349414414    0.214168237    0.215591643    1.241925733
    9.359423423    0.194829431    0.196230672    1.150693649
    9.369432432    0.184437889    0.185814579    1.044316959
    9.379441441    0.181828550    0.183189057    0.935704434
    9.389450450    0.183290795    0.184650400    0.834560119
    9.399459459    0.184052704    0.185426786    0.745318308
    9.409468468    0.179271893    0.180671926    0.667483741
    9.419477477    0.165359451    0.166793108    0.595346508
    9.429486486    0.142150243    0.143624274    0.520129683
    9.439495495    0.113809603    0.115332509    0.436146709
    9.449504505    0.086203426    0.087784840    0.347142228
    9.459513514    0.062620069    0.064268281    0.265189034
    9.469522523    0.042989169    0.044710512    0.201018160
    9.479531532    0.027217968    0.029017962    0.157873256
    9.489540541    0.017101590    0.018985529    0.133793633
    9.499549550    0.014099646    0.016071422    0.123829901
    9.509558559    0.016857629    0.018915545    0.119892546
    9.519567568    0.021769267    0.023897203    0.112719946
    9.529576577    0.025205111    0.027359232    0.096114910
    9.539585586    0.025198298    0.027292330    0.069491778
    9.549594595    0.021392426    0.023286896    0.035719862
    9.559603604    0.013693229    0.015201513   -0.003605461
    9.569612613    0.001758776    0.002692227   -0.049672462
    9.579621622   -0.014028672   -0.013777881   -0.102972645
    9.589630631   -0.031699967   -0.032103585   -0.158683593
    9.599639640   -0.048216762   -0.049147714   -0.206591022
    9.609648649   -0.060535863   -0.061859107   -0.236929286
    9.619657658   -0.066063931   -0.067693765   -0.245961164
    9.629666667   -0.063216891   -0.065108191   -0.236915106
    9.639675676   -0.052075857   -0.054179512   -0.217722341
    9.649684685   -0.034455526   -0.036692800   -0.198322698
    9.659693694   -0.013274190   -0.015549359   -0.187747241
    9.669702703    0.008413232    0.006186551   -0.190001552
    9.679711712    0.028001876    0.025879688   -0.200836249
    9.689720721    0.043603676    0.041600587   -0.209825057
    9.699729730    0.054225656    0.052320341   -0.207816708
    9.709738739    0.059592941    0.057747561   -0.192697778
    9.719747748    0.059810433    0.057988131   -0.168801856
    9.729756757    0.055145226    0.053316643   -0.143104287
    9.739765766    0.045748753    0.043890795   -0.122152324
    9.749774775    0.031985873    0.030077456   -0.110146600
    9.759783784    0.015625158    0.013641523   -0.107524170
    9.769792793   -0.000004484   -0.002096449   -0.110800554
    9.779801802   -0.011915171   -0.014156153   -0.114846228
    9.789810811   -0.019359854   -0.021787635   -0.116181682
    9.799819820   -0.023735319   -0.026356960   -0.114158140
    9.809828829   -0.027136360   -0.029874252   -0.109471000
    9.819837838   -0.031039640   -0.033665787   -0.102176050
    9.829846847   -0.036267820   -0.038384182   -0.091616458
    9.839855856   -0.043464644   -0.044596470   -0.077781799
    9.849864865   -0.052263353   -0.052064225   -0.061609289
    9.859873874   -0.060491239   -0.058926943   -0.044305127
    9.869882883   -0.065333573   -0.062671474   -0.026883941
    9.879891892   -0.064810133   -0.061438962   -0.009613704
    9.889900901   -0.058181478   -0.054445390    0.008351628
    9.899909910   -0.046059957   -0.042196927    0.028174594
    9.909918919   -0.030248018   -0.026399300    0.050169307
    9.919927928   -0.013017497   -0.009257511    0.073691659
    9.929936937    0.003785966    0.007423363    0.097844796
    9.939945946    0.019494741    0.022998643    0.122031136
    9.949954955    0.034814506    0.038186310    0.145996721
    9.959963964    0.051045493    0.054292635    0.169644192
    9.969972973    0.068996288    0.072128715    0.192977397
    9.979981982    0.088674382    0.091702755    0.216133123
    9.989990991    0.109637762    0.112572604    0.239271694
   10.000000000    0.131334906    0.134186204    0.262393420
