# energy grid [eV]     ieps_x  ieps_y  ieps_z
#
    0.001000000 6155.571297028 6155.548180258    5.186225323
    0.011009009 4046.159923307 4046.148182581    4.706861724
    0.021018018 2553.879734562 2553.875793845    4.367323722
    0.031027027 1822.020534957 1822.020143125    4.200309981
    0.041036036 1407.108221743 1407.109606017    4.105166604
    0.051045045 1142.705727703 1142.708050790    4.044121838
    0.061054054  959.940712532  959.943528674    4.001549463
    0.071063063  825.968076040  825.971128871    3.969999796
    0.081072072  723.341097659  723.344232802    3.945516996
    0.091081081  642.010217351  642.013339700    3.925822962
    0.101090090  575.810983793  575.814034597    3.909520312
    0.111099099  520.766160847  520.769104487    3.895707191
    0.121108108  474.200122325  474.202938266    3.883776466
    0.131117117  434.247940267  434.250617945    3.873304484
    0.141126126  399.569366645  399.571902124    3.863986313
    0.151135135  369.175116965  369.177510691    3.855596450
    0.161144144  342.317560020  342.319815301    3.847964112
    0.171153153  318.419790492  318.421912445    3.840957217
    0.181162162  297.028343263  297.030338094    3.834471712
    0.191171171  277.780895161  277.782769661    3.828424283
    0.201180180  260.383713187  260.385474390    3.822747266
    0.211189189  244.595587717  244.597242663    3.817385013
    0.221198198  230.216171246  230.217726826    3.812291259
    0.231207207  217.077367785  217.078830640    3.807427168
    0.241216216  205.036872416  205.038248870    3.802759867
    0.251225225  193.973251596  193.974547628    3.798261328
    0.261234234  183.782144759  183.783365978    3.793907494
    0.271243243  174.373293915  174.374445567    3.789677607
    0.281252252  165.668193141  165.669280108    3.785553660
    0.291261261  157.598208169  157.599234985    3.781519970
    0.301270270  150.103056851  150.104027720    3.777562819
    0.311279279  143.129569837  143.130488647    3.773670172
    0.321288288  136.630671157  136.631541502    3.769831436
    0.331297297  130.564533138  130.565358340    3.766037264
    0.341306306  124.893870816  124.894653941    3.762279388
    0.351315315  119.585348932  119.586092810    3.758550482
    0.361324324  114.609080548  114.609787791    3.754844041
    0.371333333  109.938200778  109.938873798    3.751154282
    0.381342342  105.548502529  105.549143554    3.747476057
    0.391351351  101.418123769  101.418734856    3.743804781
    0.401360360   97.527277877   97.527860928    3.740136362
    0.411369369   93.858020188   93.858576961    3.736467155
    0.421378378   90.394045145   90.394577267    3.732793903
    0.431387387   87.120509416   87.121018393    3.729113703
    0.441396396   84.023877159   84.024364386    3.725423964
    0.451405405   81.091784261   81.092251033    3.721722380
    0.461414414   78.312918874   78.313366391    3.718006893
    0.471423423   75.676916017   75.677345393    3.714275678
    0.481432432   73.174264359   73.174676630    3.710527110
    0.491441441   70.796223568   70.796619696    3.706759754
    0.501450450   68.534750873   68.535131755    3.702972339
    0.511459459   66.382435673   66.382802143    3.699163750
    0.521468468   64.332441179   64.332794016    3.695333006
    0.531477477   62.378452256   62.378792185    3.691479254
    0.541486486   60.514628688   60.514956389    3.687601755
    0.551495495   58.735563264   58.735879369    3.683699872
    0.561504505   57.036244089   57.036549190    3.679773064
    0.571513514   55.412020661   55.412315313    3.675820877
    0.581522523   53.858573288   53.858858009    3.671842936
    0.591531532   52.371885458   52.372160737    3.667838937
    0.601540541   50.948218864   50.948485156    3.663808644
    0.611549550   49.584090773   49.584348507    3.659751880
    0.621558559   48.276253514   48.276503093    3.655668524
    0.631567568   47.021675840   47.021917643    3.651558506
    0.641576577   45.817525992   45.817760375    3.647421803
    0.651585586   44.661156268   44.661383567    3.643258436
    0.661594595   43.550088974   43.550309504    3.639068463
    0.671603604   42.482003585   42.482217645    3.634851979
    0.681612613   41.454725029   41.454932901    3.630609113
    0.691621622   40.466212970   40.466414919    3.626340023
    0.701630631   39.514551984   39.514748261    3.622044898
    0.711639640   38.597942570   38.598133412    3.617723949
    0.721648649   37.714692892   37.714878524    3.613377412
    0.731657658   36.863211197   36.863391831    3.609005545
    0.741666667   36.041998848   36.042174686    3.604608626
    0.751675676   35.249643907   35.249815140    3.600186950
    0.761684685   34.484815231   34.484982039    3.595740829
    0.771693694   33.746257022   33.746419577    3.591270589
    0.781702703   33.032783805   33.032942271    3.586776573
    0.791711712   32.343275785   32.343430317    3.582259133
    0.801720721   31.676674558   31.676825303    3.577718633
    0.811729730   31.031979142   31.032126241    3.573155450
    0.821738739   30.408242303   30.408385889    3.568569966
    0.831747748   29.804567150   29.804707350    3.563962574
    0.841756757   29.220103979   29.220240914    3.559333674
    0.851765766   28.654047340   28.654181125    3.554683673
    0.861774775   28.105633320   28.105764066    3.550012983
    0.871783784   27.574137013   27.574264825    3.545322021
    0.881792793   27.058870166   27.058995143    3.540611210
    0.891801802   26.559178989   26.559301228    3.535880974
    0.901810811   26.074442122   26.074561715    3.531131744
    0.911819820   25.604068727   25.604185760    3.526363950
    0.921828829   25.147496719   25.147611277    3.521578028
    0.931837838   24.704191113   24.704303275    3.516774412
    0.941846847   24.273642477   24.273752321    3.511953539
    0.951855856   23.855365490   23.855473089    3.507115848
    0.961864865   23.448897591   23.449003015    3.502261777
    0.971873874   23.053797717   23.053901033    3.497391763
    0.981882883   22.669645119   22.669746393    3.492506246
    0.991891892   22.296038259   22.296137552    3.487605663
    1.001900901   21.932593767   21.932691139    3.482690449
    1.011909910   21.578945469   21.579040977    3.477761041
    1.021918919   21.234743476   21.234837175    3.472817873
    1.031927928   20.899653323   20.899745267    3.467861377
    1.041936937   20.573355167   20.573445405    3.462891983
    1.051945946   20.255543026   20.255631608    3.457910119
    1.061954955   19.945924070   19.946011043    3.452916211
    1.071963964   19.644217951   19.644303360    3.447910682
    1.081972973   19.350156170   19.350240058    3.442893952
    1.091981982   19.063481486   19.063563896    3.437866440
    1.101990991   18.783947357   18.784028328    3.432828560
    1.112000000   18.511317406   18.511396979    3.427780722
    1.122009009   18.245364935   18.245443145    3.422723335
    1.132018018   17.985872443   17.985949327    3.417656802
    1.142027027   17.732631192   17.732706786    3.412581526
    1.152036036   17.485440786   17.485515123    3.407497902
    1.162045045   17.244108772   17.244181884    3.402406324
    1.172054054   17.008450272   17.008522191    3.397307182
    1.182063063   16.778287624   16.778358380    3.392200860
    1.192072072   16.553450051   16.553519673    3.387087741
    1.202081081   16.333773343   16.333841860    3.381968200
    1.212090090   16.119099557   16.119166996    3.376842611
    1.222099099   15.909276736   15.909343123    3.371711343
    1.232108108   15.704158633   15.704223995    3.366574759
    1.242117117   15.503604464   15.503668824    3.361433221
    1.252126126   15.307478660   15.307542042    3.356287083
    1.262135135   15.115650639   15.115713067    3.351136696
    1.272144144   14.927994590   14.928056086    3.345982408
    1.282153153   14.744389263   14.744449850    3.340824559
    1.292162162   14.564717777   14.564777474    3.335663489
    1.302171171   14.388867425   14.388926254    3.330499529
    1.312180180   14.216729506   14.216787486    3.325333008
    1.322189189   14.048199149   14.048256300    3.320164251
    1.332198198   13.883175157   13.883231497    3.314993575
    1.342207207   13.721559852   13.721615398    3.309821297
    1.352216216   13.563258927   13.563313698    3.304647725
    1.362225225   13.408181314   13.408235326    3.299473166
    1.372234234   13.256239045   13.256292316    3.294297921
    1.382243243   13.107347133   13.107399677    3.289122285
    1.392252252   12.961423444   12.961475279    3.283946550
    1.402261261   12.818388593   12.818439731    3.278771003
    1.412270270   12.678165824   12.678216282    3.273595928
    1.422279279   12.540680915   12.540730706    3.268421602
    1.432288288   12.405862073   12.405911212    3.263248298
    1.442297297   12.273639843   12.273688343    3.258076286
    1.452306306   12.143947016   12.143994889    3.252905830
    1.462315315   12.016718540   12.016765800    3.247737189
    1.472324324   11.891891444   11.891938103    3.242570621
    1.482333333   11.769404751   11.769450821    3.237406375
    1.492342342   11.649199410   11.649244902    3.232244699
    1.502351351   11.531218219   11.531263145    3.227085836
    1.512360360   11.415405756   11.415450127    3.221930022
    1.522369369   11.301708317   11.301752144    3.216777493
    1.532378378   11.190073849   11.190117142    3.211628478
    1.542387387   11.080451890   11.080494660    3.206483202
    1.552396396   10.972793513   10.972835770    3.201341887
    1.562405405   10.867051270   10.867093023    3.196204748
    1.572414414   10.763179135   10.763220394    3.191072001
    1.582423423   10.661132458   10.661173232    3.185943852
    1.592432432   10.560867915   10.560908213    3.180820508
    1.602441441   10.462343459   10.462383290    3.175702168
    1.612450450   10.365518277   10.365557650    3.170589030
    1.622459459   10.270352747   10.270391669    3.165481287
    1.632468468   10.176808395   10.176846875    3.160379128
    1.642477477   10.084847856   10.084885902    3.155282737
    1.652486486    9.994434838    9.994472457    3.150192297
    1.662495495    9.905534081    9.905571282    3.145107985
    1.672504505    9.818111328    9.818148117    3.140029974
    1.682513514    9.732133285    9.732169669    3.134958436
    1.692522523    9.647567591    9.647603578    3.129893537
    1.702531532    9.564382790    9.564418386    3.124835440
    1.712540541    9.482548294    9.482583507    3.119784303
    1.722549550    9.402034363    9.402069199    3.114740285
    1.732558559    9.322812069    9.322846534    3.109703536
    1.742567568    9.244853274    9.244887374    3.104674206
    1.752576577    9.168130604    9.168164346    3.099652441
    1.762585586    9.092617423    9.092650812    3.094638383
    1.772594595    9.018287810    9.018320852    3.089632172
    1.782603604    8.945116535    8.945149237    3.084633943
    1.792612613    8.873079041    8.873111407    3.079643829
    1.802621622    8.802151416    8.802183453    3.074661960
    1.812630631    8.732310379    8.732342091    3.069688462
    1.822639640    8.663533256    8.663564648    3.064723458
    1.832648649    8.595797963    8.595829041    3.059767069
    1.842657658    8.529082989    8.529113758    3.054819412
    1.852666667    8.463367374    8.463397839    3.049880602
    1.862675676    8.398630697    8.398660862    3.044950750
    1.872684685    8.334853057    8.334882926    3.040029965
    1.882693694    8.272015055    8.272044635    3.035118353
    1.892702703    8.210097786    8.210127079    3.030216017
    1.902711712    8.149082815    8.149111826    3.025323057
    1.912720721    8.088952169    8.088980904    3.020439571
    1.922729730    8.029688323    8.029716785    3.015565654
    1.932738739    7.971274184    7.971302377    3.010701399
    1.942747748    7.913693079    7.913721007    3.005846895
    1.952756757    7.856928746    7.856956412    3.001002229
    1.962765766    7.800965315    7.800992724    2.996167488
    1.972774775    7.745787304    7.745814461    2.991342752
    1.982783784    7.691379605    7.691406512    2.986528103
    1.992792793    7.637727471    7.637754131    2.981723617
    2.002801802    7.584816507    7.584842926    2.976929371
    2.012810811    7.532632664    7.532658844    2.972145437
    2.022819820    7.481162222    7.481188166    2.967371885
    2.032828829    7.430391786    7.430417498    2.962608786
    2.042837838    7.380308274    7.380333758    2.957856204
    2.052846847    7.330898913    7.330924170    2.953114204
    2.062855856    7.282151221    7.282176257    2.948382849
    2.072864865    7.234053010    7.234077827    2.943662198
    2.082873874    7.186592371    7.186616971    2.938952309
    2.092882883    7.139757666    7.139782053    2.934253239
    2.102891892    7.093537525    7.093561701    2.929565042
    2.112900901    7.047920835    7.047944804    2.924887770
    2.122909910    7.002896735    7.002920500    2.920221472
    2.132918919    6.958454608    6.958478171    2.915566198
    2.142927928    6.914584076    6.914607439    2.910921994
    2.152936937    6.871274990    6.871298157    2.906288905
    2.162945946    6.828517428    6.828540402    2.901666974
    2.172954955    6.786301689    6.786324472    2.897056241
    2.182963964    6.744618283    6.744640877    2.892456748
    2.192972973    6.703457929    6.703480336    2.887868531
    2.202981982    6.662811548    6.662833772    2.883291626
    2.212990991    6.622670260    6.622692302    2.878726070
    2.223000000    6.583025375    6.583047238    2.874171894
    2.233009009    6.543868391    6.543890077    2.869629130
    2.243018018    6.505190988    6.505212501    2.865097808
    2.253027027    6.466985026    6.467006366    2.860577957
    2.263036036    6.429242534    6.429263704    2.856069604
    2.273045045    6.391955714    6.391976716    2.851572774
    2.283054054    6.355116929    6.355137765    2.847087492
    2.293063063    6.318718704    6.318739377    2.842613780
    2.303072072    6.282753721    6.282774233    2.838151661
    2.313081081    6.247214813    6.247235165    2.833701153
    2.323090090    6.212094963    6.212115157    2.829262277
    2.333099099    6.177387296    6.177407334    2.824835049
    2.343108108    6.143085082    6.143104967    2.820419486
    2.353117117    6.109181728    6.109201460    2.816015603
    2.363126126    6.075670773    6.075690355    2.811623415
    2.373135135    6.042545890    6.042565324    2.807242933
    2.383144144    6.009800879    6.009820167    2.802874170
    2.393153153    5.977429665    5.977448808    2.798517135
    2.403162162    5.945426294    5.945445295    2.794171839
    2.413171171    5.913784934    5.913803793    2.789838289
    2.423180180    5.882499866    5.882518585    2.785516493
    2.433189189    5.851565485    5.851584066    2.781206457
    2.443198198    5.820976297    5.820994742    2.776908186
    2.453207207    5.790726918    5.790745228    2.772621685
    2.463216216    5.760812066    5.760830243    2.768346956
    2.473225225    5.731226565    5.731244610    2.764084002
    2.483234234    5.701965338    5.701983253    2.759832824
    2.493243243    5.673023407    5.673041194    2.755593423
    2.503252252    5.644395891    5.644413550    2.751365797
    2.513261261    5.616078000    5.616095533    2.747149947
    2.523270270    5.588065038    5.588082448    2.742945868
    2.533279279    5.560352399    5.560369685    2.738753560
    2.543288288    5.532935563    5.532952728    2.734573017
    2.553297297    5.505810095    5.505827140    2.730404235
    2.563306306    5.478971647    5.478988573    2.726247209
    2.573315315    5.452415948    5.452432757    2.722101932
    2.583324324    5.426138811    5.426155503    2.717968397
    2.593333333    5.400136125    5.400152702    2.713846598
    2.603342342    5.374403855    5.374420319    2.709736524
    2.613351351    5.348938043    5.348954394    2.705638168
    2.623360360    5.323734801    5.323751041    2.701551520
    2.633369369    5.298790314    5.298806444    2.697476569
    2.643378378    5.274100837    5.274116858    2.693413304
    2.653387387    5.249662693    5.249678606    2.689361713
    2.663396396    5.225472271    5.225488078    2.685321784
    2.673405405    5.201526028    5.201541729    2.681293505
    2.683414414    5.177820481    5.177836078    2.677276861
    2.693423423    5.154352212    5.154367706    2.673271840
    2.703432432    5.131117864    5.131133256    2.669278425
    2.713441441    5.108114140    5.108129431    2.665296602
    2.723450450    5.085337801    5.085352992    2.661326355
    2.733459459    5.062785666    5.062800758    2.657367668
    2.743468468    5.040454609    5.040469603    2.653420524
    2.753477477    5.018341561    5.018356458    2.649484906
    2.763486486    4.996443504    4.996458306    2.645560796
    2.773495495    4.974757476    4.974772182    2.641648177
    2.783504505    4.953280564    4.953295176    2.637747029
    2.793513514    4.932009907    4.932024426    2.633857333
    2.803522523    4.910942692    4.910957119    2.629979070
    2.813531532    4.890076155    4.890090491    2.626112220
    2.823540541    4.869407581    4.869421827    2.622256763
    2.833549550    4.848934299    4.848948456    2.618412677
    2.843558559    4.828653686    4.828667754    2.614579943
    2.853567568    4.808563161    4.808577141    2.610758537
    2.863576577    4.788660188    4.788674082    2.606948439
    2.873585586    4.768942274    4.768956082    2.603149626
    2.883594595    4.749406968    4.749420691    2.599362076
    2.893603604    4.730051860    4.730065498    2.595585765
    2.903612613    4.710874578    4.710888134    2.591820671
    2.913621622    4.691872794    4.691886267    2.588066770
    2.923630631    4.673044214    4.673057605    2.584324038
    2.933639640    4.654386585    4.654399896    2.580592451
    2.943648649    4.635897691    4.635910920    2.576871984
    2.953657658    4.617575349    4.617588499    2.573162613
    2.963666667    4.599417416    4.599430488    2.569464313
    2.973675676    4.581421782    4.581434776    2.565777058
    2.983684685    4.563586371    4.563599288    2.562100823
    2.993693694    4.545909142    4.545921982    2.558435582
    3.003702703    4.528388086    4.528400850    2.554781310
    3.013711712    4.511021225    4.511033915    2.551137980
    3.023720721    4.493806616    4.493819231    2.547505565
    3.033729730    4.476742345    4.476754886    2.543884038
    3.043738739    4.459826528    4.459838996    2.540273374
    3.053747748    4.443057312    4.443069708    2.536673545
    3.063756757    4.426432874    4.426445198    2.533084523
    3.073765766    4.409951418    4.409963671    2.529506281
    3.083774775    4.393611178    4.393623361    2.525938792
    3.093783784    4.377410414    4.377422527    2.522382027
    3.103792793    4.361347414    4.361359459    2.518835959
    3.113801802    4.345420495    4.345432471    2.515300559
    3.123810811    4.329627995    4.329639903    2.511775800
    3.133819820    4.313968283    4.313980124    2.508261652
    3.143828829    4.298439750    4.298451525    2.504758087
    3.153837838    4.283040813    4.283052521    2.501265076
    3.163846847    4.267769913    4.267781556    2.497782591
    3.173855856    4.252625515    4.252637093    2.494310603
    3.183864865    4.237606107    4.237617620    2.490849081
    3.193873874    4.222710200    4.222721650    2.487397998
    3.203882883    4.207936329    4.207947715    2.483957323
    3.213891892    4.193283049    4.193294373    2.480527028
    3.223900901    4.178748938    4.178760200    2.477107083
    3.233909910    4.164332595    4.164343796    2.473697457
    3.243918919    4.150032641    4.150043780    2.470298122
    3.253927928    4.135847716    4.135858795    2.466909047
    3.263936937    4.121776481    4.121787500    2.463530203
    3.273945946    4.107817617    4.107828577    2.460161559
    3.283954955    4.093969825    4.093980725    2.456803086
    3.293963964    4.080231823    4.080242665    2.453454754
    3.303972973    4.066602351    4.066613135    2.450116531
    3.313981982    4.053080165    4.053090892    2.446788389
    3.323990991    4.039664040    4.039674710    2.443470296
    3.334000000    4.026352770    4.026363383    2.440162223
    3.344009009    4.013145164    4.013155721    2.436864139
    3.354018018    4.000040050    4.000050552    2.433576013
    3.364027027    3.987036273    3.987046720    2.430297815
    3.374036036    3.974132695    3.974143086    2.427029515
    3.384045045    3.961328192    3.961338529    2.423771082
    3.394054054    3.948621659    3.948631942    2.420522485
    3.404063063    3.936012004    3.936022235    2.417283693
    3.414072072    3.923498154    3.923508332    2.414054677
    3.424081081    3.911079048    3.911089173    2.410835406
    3.434090090    3.898753642    3.898763715    2.407625848
    3.444099099    3.886520906    3.886530927    2.404425974
    3.454108108    3.874379823    3.874389794    2.401235752
    3.464117117    3.862329394    3.862339314    2.398055152
    3.474126126    3.850368631    3.850378500    2.394884143
    3.484135135    3.838496560    3.838506379    2.391722694
    3.494144144    3.826712221    3.826721990    2.388570775
    3.504153153    3.815014668    3.815024388    2.385428355
    3.514162162    3.803402968    3.803412639    2.382295403
    3.524171171    3.791876199    3.791885822    2.379171890
    3.534180180    3.780433454    3.780443030    2.376057783
    3.544189189    3.769073838    3.769083366    2.372953052
    3.554198198    3.757796467    3.757805947    2.369857668
    3.564207207    3.746600470    3.746609903    2.366771598
    3.574216216    3.735484987    3.735494374    2.363694813
    3.584225225    3.724449172    3.724458513    2.360627282
    3.594234234    3.713492187    3.713501482    2.357568974
    3.604243243    3.702613208    3.702622458    2.354519860
    3.614252252    3.691811422    3.691820626    2.351479907
    3.624261261    3.681086024    3.681095183    2.348449087
    3.634270270    3.670436223    3.670445338    2.345427369
    3.644279279    3.659861238    3.659870309    2.342414721
    3.654288288    3.649360296    3.649369324    2.339411115
    3.664297297    3.638932638    3.638941622    2.336416519
    3.674306306    3.628577512    3.628586453    2.333430903
    3.684315315    3.618294178    3.618303075    2.330454238
    3.694324324    3.608081903    3.608090758    2.327486492
    3.704333333    3.597939967    3.597948780    2.324527636
    3.714342342    3.587867656    3.587876428    2.321577640
    3.724351351    3.577864270    3.577872999    2.318636473
    3.734360360    3.567929112    3.567937801    2.315704107
    3.744369369    3.558061499    3.558070147    2.312780510
    3.754378378    3.548260756    3.548269363    2.309865652
    3.764387387    3.538526213    3.538534780    2.306959505
    3.774396396    3.528857214    3.528865741    2.304062039
    3.784405405    3.519253108    3.519261596    2.301173223
    3.794414414    3.509713254    3.509721701    2.298293027
    3.804423423    3.500237017    3.500245425    2.295421424
    3.814432432    3.490823772    3.490832142    2.292558382
    3.824441441    3.481472902    3.481481233    2.289703872
    3.834450450    3.472183796    3.472192089    2.286857866
    3.844459459    3.462955854    3.462964109    2.284020333
    3.854468468    3.453788480    3.453796697    2.281191244
    3.864477477    3.444681087    3.444689267    2.278370571
    3.874486486    3.435633097    3.435641239    2.275558284
    3.884495495    3.426643936    3.426652041    2.272754353
    3.894504505    3.417713039    3.417721108    2.269958751
    3.904513514    3.408839848    3.408847881    2.267171448
    3.914522523    3.400023813    3.400031809    2.264392415
    3.924531532    3.391264388    3.391272348    2.261621623
    3.934540541    3.382561036    3.382568961    2.258859044
    3.944549550    3.373913226    3.373921115    2.256104649
    3.954558559    3.365320433    3.365328287    2.253358410
    3.964567568    3.356782139    3.356789958    2.250620298
    3.974576577    3.348297832    3.348305617    2.247890284
    3.984585586    3.339867007    3.339874758    2.245168340
    3.994594595    3.331489165    3.331496881    2.242454439
    4.004603604    3.323163812    3.323171494    2.239748552
    4.014612613    3.314890460    3.314898109    2.237050650
    4.024621622    3.306668629    3.306676244    2.234360706
    4.034630631    3.298497842    3.298505424    2.231678691
    4.044639640    3.290377630    3.290385179    2.229004579
    4.054648649    3.282307528    3.282315044    2.226338341
    4.064657658    3.274287077    3.274294560    2.223679949
    4.074666667    3.266315825    3.266323276    2.221029376
    4.084675676    3.258393322    3.258400741    2.218386594
    4.094684685    3.250519127    3.250526514    2.215751576
    4.104693694    3.242692802    3.242700157    2.213124295
    4.114702703    3.234913915    3.234921238    2.210504723
    4.124711712    3.227182038    3.227189330    2.207892832
    4.134720721    3.219496750    3.219504011    2.205288597
    4.144729730    3.211857633    3.211864863    2.202691989
    4.154738739    3.204264275    3.204271475    2.200102983
    4.164747748    3.196716269    3.196723438    2.197521550
    4.174756757    3.189213211    3.189220349    2.194947665
    4.184765766    3.181754703    3.181761812    2.192381300
    4.194774775    3.174340353    3.174347432    2.189822429
    4.204783784    3.166969770    3.166976819    2.187271025
    4.214792793    3.159642572    3.159649591    2.184727063
    4.224801802    3.152358376    3.152365366    2.182190515
    4.234810811    3.145116808    3.145123769    2.179661355
    4.244819820    3.137917497    3.137924429    2.177139558
    4.254828829    3.130760074    3.130766978    2.174625097
    4.264837838    3.123644178    3.123651053    2.172117946
    4.274846847    3.116569448    3.116576295    2.169618079
    4.284855856    3.109535531    3.109542349    2.167125470
    4.294864865    3.102542075    3.102548866    2.164640095
    4.304873874    3.095588734    3.095595496    2.162161926
    4.314882883    3.088675164    3.088681899    2.159690939
    4.324891892    3.081801026    3.081807734    2.157227107
    4.334900901    3.074965986    3.074972666    2.154770407
    4.344909910    3.068169711    3.068176364    2.152320811
    4.354918919    3.061411873    3.061418499    2.149878296
    4.364927928    3.054692148    3.054698747    2.147442836
    4.374936937    3.048010215    3.048016788    2.145014406
    4.384945946    3.041365758    3.041372304    2.142592980
    4.394954955    3.034758463    3.034764982    2.140178536
    4.404963964    3.028188018    3.028194512    2.137771046
    4.414972973    3.021654118    3.021660586    2.135370487
    4.424981982    3.015156459    3.015162901    2.132976835
    4.434990991    3.008694741    3.008701158    2.130590064
    4.445000000    3.002268667    3.002275058    2.128210150
    4.455009009    2.995877943    2.995884309    2.125837070
    4.465018018    2.989522279    2.989528620    2.123470798
    4.475027027    2.983201388    2.983207703    2.121111311
    4.485036036    2.976914984    2.976921275    2.118758584
    4.495045045    2.970662788    2.970669054    2.116412594
    4.505054054    2.964444521    2.964450762    2.114073317
    4.515063063    2.958259907    2.958266124    2.111740729
    4.525072072    2.952108675    2.952114868    2.109414806
    4.535081081    2.945990556    2.945996724    2.107095524
    4.545090090    2.939905281    2.939911426    2.104782861
    4.555099099    2.933852589    2.933858710    2.102476793
    4.565108108    2.927832218    2.927838315    2.100177295
    4.575117117    2.921843910    2.921849984    2.097884346
    4.585126126    2.915887410    2.915893460    2.095597922
    4.595135135    2.909962465    2.909968492    2.093318000
    4.605144144    2.904068825    2.904074829    2.091044556
    4.615153153    2.898206242    2.898212223    2.088777569
    4.625162162    2.892374472    2.892380430    2.086517015
    4.635171171    2.886573273    2.886579208    2.084262871
    4.645180180    2.880802404    2.880808316    2.082015115
    4.655189189    2.875061628    2.875067518    2.079773724
    4.665198198    2.869350711    2.869356579    2.077538676
    4.675207207    2.863669420    2.863675266    2.075309948
    4.685216216    2.858017525    2.858023349    2.073087518
    4.695225225    2.852394799    2.852400601    2.070871364
    4.705234234    2.846801016    2.846806796    2.068661464
    4.715243243    2.841235952    2.841241711    2.066457796
    4.725252252    2.835699389    2.835705126    2.064260337
    4.735261261    2.830191106    2.830196821    2.062069066
    4.745270270    2.824710888    2.824716582    2.059883961
    4.755279279    2.819258520    2.819264193    2.057705000
    4.765288288    2.813833791    2.813839443    2.055532163
    4.775297297    2.808436491    2.808442122    2.053365426
    4.785306306    2.803066412    2.803072022    2.051204769
    4.795315315    2.797723349    2.797728938    2.049050171
    4.805324324    2.792407097    2.792412666    2.046901610
    4.815333333    2.787117457    2.787123005    2.044759065
    4.825342342    2.781854228    2.781859756    2.042622514
    4.835351351    2.776617212    2.776622720    2.040491937
    4.845360360    2.771406214    2.771411702    2.038367314
    4.855369369    2.766221042    2.766226509    2.036248622
    4.865378378    2.761061502    2.761066950    2.034135841
    4.875387387    2.755927405    2.755932833    2.032028951
    4.885396396    2.750818564    2.750823972    2.029927931
    4.895405405    2.745734791    2.745740180    2.027832760
    4.905414414    2.740675904    2.740681274    2.025743418
    4.915423423    2.735641719    2.735647069    2.023659884
    4.925432432    2.730632056    2.730637387    2.021582139
    4.935441441    2.725646737    2.725652048    2.019510162
    4.945450450    2.720685582    2.720690875    2.017443933
    4.955459459    2.715748419    2.715753693    2.015383431
    4.965468468    2.710835072    2.710840327    2.013328638
    4.975477477    2.705945369    2.705950606    2.011279532
    4.985486486    2.701079141    2.701084359    2.009236095
    4.995495495    2.696236218    2.696241417    2.007198306
    5.005504505    2.691416434    2.691421614    2.005166145
    5.015513514    2.686619622    2.686624784    2.003139595
    5.025522523    2.681845619    2.681850763    2.001118633
    5.035531532    2.677094262    2.677099388    1.999103242
    5.045540541    2.672365390    2.672370499    1.997093402
    5.055549550    2.667658845    2.667663935    1.995089094
    5.065558559    2.662974468    2.662979541    1.993090298
    5.075567568    2.658312103    2.658317158    1.991096996
    5.085576577    2.653671595    2.653676632    1.989109168
    5.095585586    2.649052791    2.649057811    1.987126796
    5.105594595    2.644455539    2.644460541    1.985149860
    5.115603604    2.639879687    2.639884672    1.983178341
    5.125612613    2.635325088    2.635330056    1.981212222
    5.135621622    2.630791593    2.630796543    1.979251484
    5.145630631    2.626279056    2.626283989    1.977296107
    5.155639640    2.621787331    2.621792248    1.975346073
    5.165648649    2.617316276    2.617321176    1.973401364
    5.175657658    2.612865748    2.612870631    1.971461962
    5.185666667    2.608435606    2.608440472    1.969527848
    5.195675676    2.604025709    2.604030559    1.967599004
    5.205684685    2.599635921    2.599640754    1.965675412
    5.215693694    2.595266102    2.595270919    1.963757053
    5.225702703    2.590916119    2.590920919    1.961843911
    5.235711712    2.586585835    2.586590619    1.959935967
    5.245720721    2.582275117    2.582279885    1.958033203
    5.255729730    2.577983834    2.577988585    1.956135601
    5.265738739    2.573711853    2.573716589    1.954243144
    5.275747748    2.569459046    2.569463766    1.952355813
    5.285756757    2.565225284    2.565229988    1.950473593
    5.295765766    2.561010438    2.561015126    1.948596464
    5.305774775    2.556814383    2.556819056    1.946724410
    5.315783784    2.552636994    2.552641650    1.944857413
    5.325792793    2.548478145    2.548482787    1.942995457
    5.335801802    2.544337715    2.544342341    1.941138523
    5.345810811    2.540215581    2.540220192    1.939286594
    5.355819820    2.536111623    2.536116218    1.937439655
    5.365828829    2.532025720    2.532030300    1.935597687
    5.375837838    2.527957754    2.527962319    1.933760673
    5.385846847    2.523907608    2.523912157    1.931928598
    5.395855856    2.519875164    2.519879698    1.930101443
    5.405864865    2.515860307    2.515864827    1.928279193
    5.415873874    2.511862923    2.511867428    1.926461831
    5.425882883    2.507882898    2.507887388    1.924649340
    5.435891892    2.503920119    2.503924594    1.922841703
    5.445900901    2.499974475    2.499978936    1.921038905
    5.455909910    2.496045855    2.496050301    1.919240928
    5.465918919    2.492134149    2.492138581    1.917447757
    5.475927928    2.488239250    2.488243667    1.915659374
    5.485936937    2.484361048    2.484365452    1.913875765
    5.495945946    2.480499438    2.480503827    1.912096913
    5.505954955    2.476654313    2.476658688    1.910322802
    5.515963964    2.472825568    2.472829929    1.908553416
    5.525972973    2.469013099    2.469017446    1.906788738
    5.535981982    2.465216804    2.465221136    1.905028754
    5.545990991    2.461436579    2.461440897    1.903273446
    5.556000000    2.457672323    2.457676628    1.901522801
    5.566009009    2.453923935    2.453928227    1.899776801
    5.576018018    2.450191317    2.450195595    1.898035432
    5.586027027    2.446474369    2.446478633    1.896298677
    5.596036036    2.442772992    2.442777243    1.894566522
    5.606045045    2.439087090    2.439091327    1.892838950
    5.616054054    2.435416567    2.435420790    1.891115947
    5.626063063    2.431761326    2.431765536    1.889397498
    5.636072072    2.428121273    2.428125470    1.887683586
    5.646081081    2.424496314    2.424500498    1.885974197
    5.656090090    2.420886356    2.420890526    1.884269315
    5.666099099    2.417291306    2.417295463    1.882568927
    5.676108108    2.413711073    2.413715217    1.880873016
    5.686117117    2.410145565    2.410149696    1.879181567
    5.696126126    2.406594693    2.406598811    1.877494567
    5.706135135    2.403058367    2.403062472    1.875812000
    5.716144144    2.399536498    2.399540591    1.874133851
    5.726153153    2.396029000    2.396033079    1.872460105
    5.736162162    2.392535783    2.392539850    1.870790749
    5.746171171    2.389056763    2.389060817    1.869125767
    5.756180180    2.385591852    2.385595894    1.867465145
    5.766189189    2.382140967    2.382144996    1.865808869
    5.776198198    2.378704022    2.378708039    1.864156923
    5.786207207    2.375280934    2.375284938    1.862509295
    5.796216216    2.371871620    2.371875612    1.860865969
    5.806225225    2.368475997    2.368479977    1.859226931
    5.816234234    2.365093985    2.365097953    1.857592167
    5.826243243    2.361725501    2.361729457    1.855961663
    5.836252252    2.358370466    2.358374410    1.854335405
    5.846261261    2.355028800    2.355032731    1.852713379
    5.856270270    2.351700423    2.351704343    1.851095571
    5.866279279    2.348385258    2.348389165    1.849481967
    5.876288288    2.345083226    2.345087121    1.847872554
    5.886297297    2.341794250    2.341798134    1.846267317
    5.896306306    2.338518254    2.338522126    1.844666243
    5.906315315    2.335255162    2.335259022    1.843069317
    5.916324324    2.332004898    2.332008747    1.841476528
    5.926333333    2.328767387    2.328771225    1.839887860
    5.936342342    2.325542556    2.325546382    1.838303301
    5.946351351    2.322330331    2.322334145    1.836722837
    5.956360360    2.319130639    2.319134442    1.835146454
    5.966369369    2.315943407    2.315947198    1.833574140
    5.976378378    2.312768563    2.312772343    1.832005881
    5.986387387    2.309606036    2.309609805    1.830441663
    5.996396396    2.306455756    2.306459514    1.828881474
    6.006405405    2.303317652    2.303321399    1.827325301
    6.016414414    2.300191655    2.300195390    1.825773130
    6.026423423    2.297077695    2.297081419    1.824224948
    6.036432432    2.293975704    2.293979417    1.822680743
    6.046441441    2.290885614    2.290889316    1.821140501
    6.056450450    2.287807357    2.287811048    1.819604210
    6.066459459    2.284740866    2.284744547    1.818071856
    6.076468468    2.281686075    2.281689745    1.816543428
    6.086477477    2.278642918    2.278646577    1.815018911
    6.096486486    2.275611329    2.275614977    1.813498295
    6.106495495    2.272591244    2.272594881    1.811981565
    6.116504505    2.269582597    2.269586224    1.810468710
    6.126513514    2.266585326    2.266588942    1.808959717
    6.136522523    2.263599366    2.263602971    1.807454573
    6.146531532    2.260624654    2.260628249    1.805953266
    6.156540541    2.257661128    2.257664712    1.804455784
    6.166549550    2.254708726    2.254712300    1.802962114
    6.176558559    2.251767386    2.251770950    1.801472245
    6.186567568    2.248837047    2.248840600    1.799986163
    6.196576577    2.245917648    2.245921192    1.798503856
    6.206585586    2.243009130    2.243012663    1.797025314
    6.216594595    2.240111432    2.240114955    1.795550522
    6.226603604    2.237224495    2.237228008    1.794079471
    6.236612613    2.234348261    2.234351763    1.792612146
    6.246621622    2.231482670    2.231486162    1.791148537
    6.256630631    2.228627665    2.228631147    1.789688632
    6.266639640    2.225783188    2.225786660    1.788232418
    6.276648649    2.222949182    2.222952645    1.786779884
    6.286657658    2.220125590    2.220129043    1.785331019
    6.296666667    2.217312357    2.217315800    1.783885810
    6.306675676    2.214509425    2.214512858    1.782444245
    6.316684685    2.211716740    2.211720164    1.781006314
    6.326693694    2.208934247    2.208937660    1.779572005
    6.336702703    2.206161890    2.206165294    1.778141305
    6.346711712    2.203399616    2.203403010    1.776714205
    6.356720721    2.200647371    2.200650756    1.775290691
    6.366729730    2.197905100    2.197908476    1.773870753
    6.376738739    2.195172752    2.195176118    1.772454380
    6.386747748    2.192450274    2.192453630    1.771041559
    6.396756757    2.189737612    2.189740959    1.769632281
    6.406765766    2.187034716    2.187038053    1.768226533
    6.416774775    2.184341533    2.184344861    1.766824305
    6.426783784    2.181658012    2.181661331    1.765425585
    6.436792793    2.178984103    2.178987412    1.764030362
    6.446801802    2.176319754    2.176323055    1.762638625
    6.456810811    2.173664917    2.173668208    1.761250364
    6.466819820    2.171019541    2.171022823    1.759865567
    6.476828829    2.168383576    2.168386849    1.758484223
    6.486837838    2.165756974    2.165760238    1.757106322
    6.496846847    2.163139686    2.163142941    1.755731852
    6.506855856    2.160531663    2.160534909    1.754360803
    6.516864865    2.157932858    2.157936095    1.752993164
    6.526873874    2.155343223    2.155346451    1.751628924
    6.536882883    2.152762711    2.152765930    1.750268074
    6.546891892    2.150191273    2.150194484    1.748910601
    6.556900901    2.147628865    2.147632067    1.747556495
    6.566909910    2.145075439    2.145078632    1.746205747
    6.576918919    2.142530950    2.142534134    1.744858345
    6.586927928    2.139995351    2.139998527    1.743514279
    6.596936937    2.137468598    2.137471765    1.742173539
    6.606945946    2.134950645    2.134953803    1.740836113
    6.616954955    2.132441448    2.132444597    1.739501993
    6.626963964    2.129940961    2.129944102    1.738171167
    6.636972973    2.127449142    2.127452274    1.736843625
    6.646981982    2.124965945    2.124969069    1.735519357
    6.656990991    2.122491328    2.122494444    1.734198353
    6.667000000    2.120025248    2.120028355    1.732880603
    6.677009009    2.117567660    2.117570759    1.731566096
    6.687018018    2.115118524    2.115121614    1.730254822
    6.697027027    2.112677796    2.112680878    1.728946773
    6.707036036    2.110245434    2.110248508    1.727641936
    6.717045045    2.107821396    2.107824462    1.726340303
    6.727054054    2.105405642    2.105408700    1.725041864
    6.737063063    2.102998130    2.103001179    1.723746608
    6.747072072    2.100598818    2.100601859    1.722454526
    6.757081081    2.098207666    2.098210700    1.721165609
    6.767090090    2.095824635    2.095827660    1.719879845
    6.777099099    2.093449683    2.093452700    1.718597226
    6.787108108    2.091082771    2.091085780    1.717317742
    6.797117117    2.088723859    2.088726860    1.716041383
    6.807126126    2.086372909    2.086375902    1.714768139
    6.817135135    2.084029880    2.084032865    1.713498002
    6.827144144    2.081694735    2.081697712    1.712230961
    6.837153153    2.079367434    2.079370403    1.710967006
    6.847162162    2.077047939    2.077050901    1.709706129
    6.857171171    2.074736213    2.074739167    1.708448321
    6.867180180    2.072432218    2.072435164    1.707193570
    6.877189189    2.070135916    2.070138854    1.705941869
    6.887198198    2.067847269    2.067850200    1.704693208
    6.897207207    2.065566242    2.065569165    1.703447577
    6.907216216    2.063292796    2.063295712    1.702204967
    6.917225225    2.061026896    2.061029804    1.700965370
    6.927234234    2.058768506    2.058771406    1.699728775
    6.937243243    2.056517588    2.056520481    1.698495174
    6.947252252    2.054274108    2.054276993    1.697264558
    6.957261261    2.052038030    2.052040907    1.696036917
    6.967270270    2.049809318    2.049812188    1.694812242
    6.977279279    2.047587937    2.047590800    1.693590525
    6.987288288    2.045373853    2.045376708    1.692371756
    6.997297297    2.043167030    2.043169879    1.691155926
    7.007306306    2.040967435    2.040970276    1.689943027
    7.017315315    2.038775033    2.038777867    1.688733049
    7.027324324    2.036589791    2.036592617    1.687525984
    7.037333333    2.034411673    2.034414492    1.686321823
    7.047342342    2.032240647    2.032243459    1.685120557
    7.057351351    2.030076680    2.030079484    1.683922177
    7.067360360    2.027919738    2.027922535    1.682726675
    7.077369369    2.025769788    2.025772578    1.681534042
    7.087378378    2.023626798    2.023629581    1.680344269
    7.097387387    2.021490735    2.021493511    1.679157347
    7.107396396    2.019361566    2.019364335    1.677973269
    7.117405405    2.017239261    2.017242023    1.676792025
    7.127414414    2.015123786    2.015126541    1.675613606
    7.137423423    2.013015111    2.013017859    1.674438005
    7.147432432    2.010913203    2.010915944    1.673265213
    7.157441441    2.008818032    2.008820766    1.672095221
    7.167450450    2.006729566    2.006732293    1.670928021
    7.177459459    2.004647774    2.004650494    1.669763605
    7.187468468    2.002572626    2.002575339    1.668601964
    7.197477477    2.000504091    2.000506798    1.667443090
    7.207486486    1.998442139    1.998444839    1.666286975
    7.217495495    1.996386740    1.996389433    1.665133610
    7.227504505    1.994337863    1.994340550    1.663982987
    7.237513514    1.992295480    1.992298159    1.662835098
    7.247522523    1.990259560    1.990262233    1.661689935
    7.257531532    1.988230074    1.988232740    1.660547489
    7.267540541    1.986206993    1.986209653    1.659407753
    7.277549550    1.984190288    1.984192941    1.658270718
    7.287558559    1.982179929    1.982182576    1.657136377
    7.297567568    1.980175890    1.980178529    1.656004721
    7.307576577    1.978178139    1.978180773    1.654875743
    7.317585586    1.976186651    1.976189278    1.653749433
    7.327594595    1.974201396    1.974204016    1.652625785
    7.337603604    1.972222346    1.972224959    1.651504791
    7.347612613    1.970249473    1.970252081    1.650386443
    7.357621622    1.968282751    1.968285352    1.649270732
    7.367630631    1.966322151    1.966324746    1.648157651
    7.377639640    1.964367646    1.964370235    1.647047192
    7.387648649    1.962419210    1.962421791    1.645939348
    7.397657658    1.960476814    1.960479390    1.644834110
    7.407666667    1.958540433    1.958543002    1.643731471
    7.417675676    1.956610039    1.956612602    1.642631424
    7.427684685    1.954685606    1.954688163    1.641533960
    7.437693694    1.952767108    1.952769659    1.640439072
    7.447702703    1.950854519    1.950857064    1.639346753
    7.457711712    1.948947813    1.948950351    1.638256994
    7.467720721    1.947046963    1.947049495    1.637169789
    7.477729730    1.945151944    1.945154470    1.636085129
    7.487738739    1.943262731    1.943265251    1.635003008
    7.497747748    1.941379298    1.941381811    1.633923418
    7.507756757    1.939501620    1.939504127    1.632846350
    7.517765766    1.937629671    1.937632173    1.631771799
    7.527774775    1.935763428    1.935765923    1.630699756
    7.537783784    1.933902864    1.933905354    1.629630215
    7.547792793    1.932047956    1.932050439    1.628563167
    7.557801802    1.930198679    1.930201156    1.627498606
    7.567810811    1.928355008    1.928357480    1.626436524
    7.577819820    1.926516920    1.926519385    1.625376915
    7.587828829    1.924684389    1.924686849    1.624319770
    7.597837838    1.922857393    1.922859847    1.623265082
    7.607846847    1.921035908    1.921038356    1.622212845
    7.617855856    1.919219909    1.919222351    1.621163052
    7.627864865    1.917409374    1.917411810    1.620115694
    7.637873874    1.915604278    1.915606709    1.619070765
    7.647882883    1.913804599    1.913807024    1.618028259
    7.657891892    1.912010314    1.912012733    1.616988167
    7.667900901    1.910221399    1.910223813    1.615950483
    7.677909910    1.908437832    1.908440240    1.614915200
    7.687918919    1.906659590    1.906661992    1.613882311
    7.697927928    1.904886651    1.904889047    1.612851809
    7.707936937    1.903118991    1.903121382    1.611823687
    7.717945946    1.901356589    1.901358974    1.610797938
    7.727954955    1.899599423    1.899601802    1.609774556
    7.737963964    1.897847470    1.897849843    1.608753532
    7.747972973    1.896100708    1.896103076    1.607734861
    7.757981982    1.894359116    1.894361478    1.606718536
    7.767990991    1.892622671    1.892625028    1.605704550
    7.778000000    1.890891354    1.890893705    1.604692897
    7.788009009    1.889165141    1.889167487    1.603683568
    7.798018018    1.887444011    1.887446352    1.602676559
    7.808027027    1.885727944    1.885730279    1.601671861
    7.818036036    1.884016918    1.884019248    1.600669469
    7.828045045    1.882310912    1.882313237    1.599669376
    7.838054054    1.880609906    1.880612225    1.598671575
    7.848063063    1.878913879    1.878916192    1.597676059
    7.858072072    1.877222809    1.877225118    1.596682822
    7.868081081    1.875536678    1.875538980    1.595691858
    7.878090090    1.873855463    1.873857760    1.594703160
    7.888099099    1.872179145    1.872181438    1.593716721
    7.898108108    1.870507704    1.870509991    1.592732535
    7.908117117    1.868841120    1.868843402    1.591750596
    7.918126126    1.867179373    1.867181649    1.590770896
    7.928135135    1.865522442    1.865524713    1.589793430
    7.938144144    1.863870309    1.863872575    1.588818192
    7.948153153    1.862222953    1.862225214    1.587845174
    7.958162162    1.860580356    1.860582611    1.586874371
    7.968171171    1.858942497    1.858944747    1.585905776
    7.978180180    1.857309358    1.857311603    1.584939383
    7.988189189    1.855680919    1.855683159    1.583975186
    7.998198198    1.854057161    1.854059396    1.583013178
    8.008207207    1.852438065    1.852440295    1.582053353
    8.018216216    1.850823613    1.850825837    1.581095705
    8.028225225    1.849213785    1.849216005    1.580140227
    8.038234234    1.847608563    1.847610778    1.579186914
    8.048243243    1.846007929    1.846010138    1.578235760
    8.058252252    1.844411863    1.844414068    1.577286758
    8.068261261    1.842820348    1.842822548    1.576339902
    8.078270270    1.841233366    1.841235560    1.575395186
    8.088279279    1.839650897    1.839653087    1.574452604
    8.098288288    1.838072925    1.838075110    1.573512150
    8.108297297    1.836499430    1.836501610    1.572573818
    8.118306306    1.834930396    1.834932572    1.571637601
    8.128315315    1.833365805    1.833367975    1.570703495
    8.138324324    1.831805638    1.831807803    1.569771493
    8.148333333    1.830249879    1.830252039    1.568841589
    8.158342342    1.828698509    1.828700665    1.567913776
    8.168351351    1.827151512    1.827153662    1.566988050
    8.178360360    1.825608869    1.825611015    1.566064405
    8.188369369    1.824070565    1.824072706    1.565142834
    8.198378378    1.822536581    1.822538717    1.564223331
    8.208387387    1.821006901    1.821009033    1.563305891
    8.218396396    1.819481508    1.819483635    1.562390508
    8.228405405    1.817960384    1.817962506    1.561477177
    8.238414414    1.816443514    1.816445632    1.560565890
    8.248423423    1.814930880    1.814932993    1.559656644
    8.258432432    1.813422467    1.813424575    1.558749431
    8.268441441    1.811918256    1.811920360    1.557844247
    8.278450450    1.810418233    1.810420332    1.556941085
    8.288459459    1.808922380    1.808924475    1.556039941
    8.298468468    1.807430682    1.807432772    1.555140807
    8.308477477    1.805943122    1.805945207    1.554243679
    8.318486486    1.804459685    1.804461765    1.553348551
    8.328495495    1.802980354    1.802982430    1.552455418
    8.338504505    1.801505113    1.801507184    1.551564273
    8.348513514    1.800033947    1.800036013    1.550675112
    8.358522523    1.798566839    1.798568901    1.549787929
    8.368531532    1.797103775    1.797105833    1.548902717
    8.378540541    1.795644738    1.795646791    1.548019473
    8.388549550    1.794189714    1.794191762    1.547138190
    8.398558559    1.792738686    1.792740730    1.546258863
    8.408567568    1.791291640    1.791293679    1.545381486
    8.418576577    1.789848559    1.789850595    1.544506054
    8.428585586    1.788409430    1.788411461    1.543632561
    8.438594595    1.786974237    1.786976263    1.542761003
    8.448603604    1.785542964    1.785544986    1.541891374
    8.458612613    1.784115598    1.784117615    1.541023668
    8.468621622    1.782692122    1.782694136    1.540157880
    8.478630631    1.781272523    1.781274532    1.539294005
    8.488639640    1.779856785    1.779858790    1.538432037
    8.498648649    1.778444894    1.778446895    1.537571972
    8.508657658    1.777036836    1.777038832    1.536713804
    8.518666667    1.775632595    1.775634587    1.535857527
    8.528675676    1.774232158    1.774234146    1.535003137
    8.538684685    1.772835510    1.772837494    1.534150629
    8.548693694    1.771442637    1.771444616    1.533299996
    8.558702703    1.770053525    1.770055500    1.532451234
    8.568711712    1.768668159    1.768670130    1.531604338
    8.578720721    1.767286526    1.767288492    1.530759303
    8.588729730    1.765908611    1.765910573    1.529916123
    8.598738739    1.764534400    1.764536358    1.529074794
    8.608747748    1.763163881    1.763165834    1.528235310
    8.618756757    1.761797038    1.761798987    1.527397666
    8.628765766    1.760433858    1.760435804    1.526561857
    8.638774775    1.759074328    1.759076270    1.525727879
    8.648783784    1.757718435    1.757720372    1.524895726
    8.658792793    1.756366163    1.756368097    1.524065392
    8.668801802    1.755017501    1.755019430    1.523236874
    8.678810811    1.753672435    1.753674360    1.522410167
    8.688819820    1.752330951    1.752332872    1.521585264
    8.698828829    1.750993036    1.750994953    1.520762161
    8.708837838    1.749658677    1.749660590    1.519940854
    8.718846847    1.748327861    1.748329770    1.519121338
    8.728855856    1.747000575    1.747002480    1.518303607
    8.738864865    1.745676806    1.745678707    1.517487656
    8.748873874    1.744356541    1.744358437    1.516673482
    8.758882883    1.743039767    1.743041659    1.515861078
    8.768891892    1.741726471    1.741728360    1.515050441
    8.778900901    1.740416641    1.740418526    1.514241564
    8.788909910    1.739110264    1.739112145    1.513434445
    8.798918919    1.737807327    1.737809204    1.512629077
    8.808927928    1.736507818    1.736509691    1.511825456
    8.818936937    1.735211724    1.735213593    1.511023578
    8.828945946    1.733919033    1.733920899    1.510223437
    8.838954955    1.732629733    1.732631595    1.509425028
    8.848963964    1.731343811    1.731345669    1.508628348
    8.858972973    1.730061255    1.730063109    1.507833391
    8.868981982    1.728782053    1.728783903    1.507040153
    8.878990991    1.727506193    1.727508039    1.506248630
    8.889000000    1.726233662    1.726235505    1.505458815
    8.899009009    1.724964449    1.724966288    1.504670705
    8.909018018    1.723698542    1.723700377    1.503884296
    8.919027027    1.722435929    1.722437760    1.503099582
    8.929036036    1.721176597    1.721178424    1.502316559
    8.939045045    1.719920536    1.719922359    1.501535223
    8.949054054    1.718667733    1.718669553    1.500755569
    8.959063063    1.717418177    1.717419993    1.499977592
    8.969072072    1.716171856    1.716173669    1.499201288
    8.979081081    1.714928759    1.714930568    1.498426652
    8.989090090    1.713688874    1.713690679    1.497653680
    8.999099099    1.712452190    1.712453991    1.496882368
    9.009108108    1.711218695    1.711220493    1.496112710
    9.019117117    1.709988378    1.709990172    1.495344703
    9.029126126    1.708761228    1.708763018    1.494578342
    9.039135135    1.707537234    1.707539020    1.493813622
    9.049144144    1.706316383    1.706318166    1.493050540
    9.059153153    1.705098666    1.705100446    1.492289091
    9.069162162    1.703884071    1.703885847    1.491529270
    9.079171171    1.702672587    1.702674359    1.490771073
    9.089180180    1.701464204    1.701465972    1.490014496
    9.099189189    1.700258909    1.700260674    1.489259534
    9.109198198    1.699056693    1.699058454    1.488506184
    9.119207207    1.697857544    1.697859302    1.487754440
    9.129216216    1.696661453    1.696663207    1.487004299
    9.139225225    1.695468407    1.695470158    1.486255756
    9.149234234    1.694278397    1.694280144    1.485508806
    9.159243243    1.693091411    1.693093155    1.484763447
    9.169252252    1.691907440    1.691909180    1.484019673
    9.179261261    1.690726472    1.690728209    1.483277480
    9.189270270    1.689548498    1.689550231    1.482536864
    9.199279279    1.688373506    1.688375236    1.481797821
    9.209288288    1.687201487    1.687203214    1.481060347
    9.219297297    1.686032430    1.686034153    1.480324437
    9.229306306    1.684866325    1.684868045    1.479590087
    9.239315315    1.683703162    1.683704878    1.478857294
    9.249324324    1.682542930    1.682544642    1.478126052
    9.259333333    1.681385619    1.681387328    1.477396359
    9.269342342    1.680231220    1.680232926    1.476668209
    9.279351351    1.679079722    1.679081424    1.475941599
    9.289360360    1.677931115    1.677932814    1.475216525
    9.299369369    1.676785389    1.676787085    1.474492982
    9.309378378    1.675642535    1.675644227    1.473770967
    9.319387387    1.674502542    1.674504231    1.473050475
    9.329396396    1.673365400    1.673367086    1.472331503
    9.339405405    1.672231101    1.672232783    1.471614046
    9.349414414    1.671099634    1.671101313    1.470898100
    9.359423423    1.669970989    1.669972665    1.470183662
    9.369432432    1.668845157    1.668846830    1.469470728
    9.379441441    1.667722129    1.667723798    1.468759293
    9.389450450    1.666601894    1.666603560    1.468049353
    9.399459459    1.665484443    1.665486106    1.467340905
    9.409468468    1.664369767    1.664371426    1.466633945
    9.419477477    1.663257857    1.663259512    1.465928469
    9.429486486    1.662148702    1.662150355    1.465224472
    9.439495495    1.661042294    1.661043943    1.464521951
    9.449504505    1.659938623    1.659940269    1.463820903
    9.459513514    1.658837680    1.658839323    1.463121323
    9.469522523    1.657739456    1.657741096    1.462423207
    9.479531532    1.656643942    1.656645578    1.461726551
    9.489540541    1.655551128    1.655552761    1.461031353
    9.499549550    1.654461006    1.654462636    1.460337607
    9.509558559    1.653373566    1.653375193    1.459645311
    9.519567568    1.652288799    1.652290423    1.458954459
    9.529576577    1.651206697    1.651208318    1.458265050
    9.539585586    1.650127250    1.650128868    1.457577078
    9.549594595    1.649050450    1.649052064    1.456890540
    9.559603604    1.647976287    1.647977899    1.456205432
    9.569612613    1.646904754    1.646906362    1.455521751
    9.579621622    1.645835841    1.645837446    1.454839492
    9.589630631    1.644769538    1.644771140    1.454158653
    9.599639640    1.643705839    1.643707438    1.453479229
    9.609648649    1.642644734    1.642646330    1.452801217
    9.619657658    1.641586214    1.641587807    1.452124613
    9.629666667    1.640530271    1.640531861    1.451449413
    9.639675676    1.639476896    1.639478483    1.450775614
    9.649684685    1.638426081    1.638427665    1.450103212
    9.659693694    1.637377817    1.637379398    1.449432203
    9.669702703    1.636332097    1.636333674    1.448762584
    9.679711712    1.635288910    1.635290485    1.448094352
    9.689720721    1.634248250    1.634249822    1.447427502
    9.699729730    1.633210108    1.633211676    1.446762031
    9.709738739    1.632174475    1.632176040    1.446097935
    9.719747748    1.631141343    1.631142906    1.445435212
    9.729756757    1.630110704    1.630112264    1.444773856
    9.739765766    1.629082550    1.629084107    1.444113866
    9.749774775    1.628056873    1.628058427    1.443455237
    9.759783784    1.627033665    1.627035215    1.442797966
    9.769792793    1.626012917    1.626014464    1.442142048
    9.779801802    1.624994621    1.624996166    1.441487482
    9.789810811    1.623978770    1.623980312    1.440834263
    9.799819820    1.622965355    1.622966894    1.440182388
    9.809828829    1.621954369    1.621955905    1.439531853
    9.819837838    1.620945804    1.620947337    1.438882655
    9.829846847    1.619939651    1.619941181    1.438234790
    9.839855856    1.618935903    1.618937431    1.437588255
    9.849864865    1.617934552    1.617936077    1.436943047
    9.859873874    1.616935591    1.616937113    1.436299162
    9.869882883    1.615939011    1.615940530    1.435656597
    9.879891892    1.614944805    1.614946322    1.435015348
    9.889900901    1.613952966    1.613954479    1.434375413
    9.899909910    1.612963485    1.612964995    1.433736786
    9.909918919    1.611976355    1.611977862    1.433099467
    9.919927928    1.610991568    1.610993073    1.432463450
    9.929936937    1.610009118    1.610010619    1.431828732
    9.939945946    1.609028995    1.609030494    1.431195311
    9.949954955    1.608051194    1.608052690    1.430563183
    9.959963964    1.607075706    1.607077199    1.429932344
    9.969972973    1.606102524    1.606104014    1.429302792
    9.979981982    1.605131640    1.605133128    1.428674523
    9.989990991    1.604163048    1.604164533    1.428047533
   10.000000000    1.603196740    1.603198222    1.427421820
