    0.000000000    0.397593582    0.380781961
    0.080977334    0.396132527    0.376413901
    0.161954669    0.394438430    0.371289142
    0.242932003    0.392458981    0.365274400
    0.323909338    0.390137397    0.358213530
    0.404886672    0.387426157    0.349924672
    0.485864007    0.384269153    0.340198862
    0.566841341    0.380581198    0.328804801
    0.647818676    0.376258357    0.315503023
    0.728796010    0.371196502    0.300067069
    0.809773344    0.365279469    0.282306168
    0.890750679    0.358352006    0.262086376
    0.971728013    0.350219646    0.239349874
    1.052705348    0.340668157    0.214130428
    1.133682682    0.329458408    0.186560158
    1.214660017    0.316296168    0.156864494
    1.295637351    0.300821021    0.125346738
    1.376614686    0.282621035    0.092365000
    1.457592020    0.261228782    0.058302225
    1.538569354    0.236086349    0.023530393
    1.619546689    0.206523329   -0.011626032
    1.700524023    0.171763527   -0.046920668
    1.781501358    0.130922356   -0.082206325
    1.862478692    0.083011496   -0.117446217
    1.943456027    0.027066262   -0.152713583
    2.024433361   -0.037548482   -0.188177344
    2.105410696   -0.110798016   -0.224076277
    2.186388030   -0.191810067   -0.260689346
    2.267365364   -0.278902578   -0.298306974
    2.348342699   -0.369664462   -0.337200332
    2.429320033   -0.461038370   -0.377585147
    2.510297368   -0.549525299   -0.419585694
    2.591274702   -0.631576855   -0.463211354
    2.672252037   -0.704037725   -0.508352637
    2.753229371   -0.764477608   -0.554791833
    2.834206706   -0.811432803   -0.602218408
    2.915184040   -0.844642274   -0.650243085
    2.996161375   -0.865203516   -0.698409773
    3.077138709   -0.875488163   -0.746206289
    3.158116043   -0.878828215   -0.793075278
    3.239093378   -0.879142677   -0.838426965
    3.320070712   -0.880565982   -0.881653824
    3.401048047   -0.886989086   -0.922145619
    3.482025381   -0.901551389   -0.959305811
    3.563002716   -0.926332211   -0.992575099
    3.643980050   -0.962353873   -1.021466444
    3.724957385   -1.009639383   -1.045606367
    3.805934719   -1.067050899   -1.064769790
    3.886912053   -1.132084177   -1.078898953
    3.967889388   -1.201067368   -1.088105897
    4.048866722   -1.269853607   -1.092662445
    4.129844057   -1.334564168   -1.092980775
    4.210821391   -1.391940765   -1.089587520
    4.291798726   -1.439330547   -1.083094436
    4.372776060   -1.474596389   -1.074164783
    4.453753395   -1.496090008   -1.063471083
    4.534730729   -1.502649471   -1.051646856
    4.615708063   -1.493630940   -1.039247322
    4.696685398   -1.469004618   -1.026732473
    4.777662732   -1.429395346   -1.014465531
    4.858640067   -1.375936187   -1.002704723
    4.939617401   -1.310079854   -0.991579628
    5.020594736   -1.233655342   -0.981070798
    5.101572070   -1.149129628   -0.971017036
    5.182549405   -1.059657474   -0.961150458
    5.263526739   -0.968675984   -0.951137023
    5.344504073   -0.879326583   -0.940606265
    5.425481408   -0.794137081   -0.929174907
    5.506458742   -0.715036475   -0.916474739
    5.587436077   -0.643497885   -0.902183568
    5.668413411   -0.580703065   -0.886052102
    5.749390746   -0.527705339   -0.867927510
    5.830368080   -0.485434729   -0.847777994
    5.911345415   -0.454464612   -0.825711694
    5.992322749   -0.434882766   -0.801975381
    6.073300083   -0.426667167   -0.776931730
    6.154277418   -0.430234602   -0.751034193
    6.235254752   -0.446254208   -0.724816132
    6.316232087   -0.474522667   -0.698885483
    6.397209421   -0.513010954   -0.673900672
    6.478186756   -0.558236942   -0.650519582
    6.559164090   -0.606578272   -0.629342274
    6.640141425   -0.655021364   -0.610875279
    6.721118759   -0.700701559   -0.595524881
    6.802096093   -0.740218953   -0.583605162
    6.883073428   -0.769874825   -0.575345606
    6.964050762   -0.786634090   -0.570895972
    7.045028097   -0.788819342   -0.570332568
    7.126005431   -0.776220051   -0.573664817
    7.206982766   -0.750080642   -0.580836362
    7.287960100   -0.713081120   -0.591719522
    7.368937435   -0.668831697   -0.606108446
    7.449914769   -0.620893244   -0.623714167
    7.530892103   -0.572244266   -0.644158122
    7.611869438   -0.525768655   -0.666963202
    7.692846772   -0.484930884   -0.691554215
    7.773824107   -0.453393972   -0.717284665
    7.854801441   -0.433715668   -0.743490054
    7.935778776   -0.426581021   -0.769543825
    8.016756110   -0.431437782   -0.794889862
    8.097733445   -0.447725665   -0.819050916
    8.178710779   -0.475379177   -0.841635747
    8.259688114   -0.514403600   -0.862360901
    8.340665448   -0.564372030   -0.881076606
    8.421642782   -0.624427895   -0.897775267
    8.502620117   -0.693541345   -0.912577130
    8.583597451   -0.770581564   -0.925706028
    8.664574786   -0.854178041   -0.937465708
    8.745552120   -0.942549535   -0.948214417
    8.826529455   -1.033352359   -0.958334521
    8.907506789   -1.123606960   -0.968202978
    8.988484124   -1.209907725   -0.978167151
    9.069461458   -1.288959760   -0.988518074
    9.150438792   -1.358081991   -0.999452352
    9.231416127   -1.415287286   -1.011032870
    9.312393461   -1.459034378   -1.023172026
    9.393370796   -1.488085044   -1.035645885
    9.474348130   -1.501644818   -1.048119788
    9.555325465   -1.499550711   -1.060161505
    9.636302799   -1.482280045   -1.071242506
    9.717280134   -1.450851542   -1.080748646
    9.798257468   -1.406773013   -1.088013685
    9.879234802   -1.352039496   -1.092366871
    9.960212137   -1.289148085   -1.093177795
   10.041189471   -1.221171925   -1.089892125
   10.122166806   -1.151825761   -1.082061802
   10.203144140   -1.085243009   -1.069372144
   10.284121475   -1.025317349   -1.051663498
   10.365098809   -0.974936438   -1.028944230
   10.446076144   -0.935621531   -1.001392255
   10.527053478   -0.907657867   -0.969341156
   10.608030812   -0.890309659   -0.933249360
   10.689008147   -0.881812546   -0.893659339
   10.769985481   -0.879316326   -0.851159746
   10.850962816   -0.879098209   -0.806358677
   10.931940150   -0.877041591   -0.759865929
   11.012917485   -0.869125442   -0.712277924
   11.093894819   -0.851811491   -0.664162773
   11.174872154   -0.822413357   -0.616046867
   11.255849488   -0.779445133   -0.568403562
   11.336826822   -0.722784154   -0.521642576
   11.417804157   -0.653571588   -0.476098526
   11.498781491   -0.573983130   -0.432017518
   11.579758826   -0.486993177   -0.389541789
   11.660736160   -0.396079032   -0.348696712
   11.741713495   -0.304800369   -0.309389635
   11.822690829   -0.216371633   -0.271427872
   11.903668164   -0.133400882   -0.234552364
   11.984645498   -0.057787461   -0.198474888
   12.065622832    0.009355003   -0.162910278
   12.146600167    0.067757249   -0.127605185
   12.227577501    0.117891800   -0.092367597
   12.308554836    0.160665765   -0.057094624
   12.389532170    0.197082171   -0.021790717
   12.470509505    0.228058708    0.013428056
   12.551486839    0.254401395    0.048342165
   12.632464174    0.276812270    0.082646920
   12.713441508    0.295881118    0.115980446
   12.794418843    0.312097370    0.147959135
   12.875396177    0.325886652    0.178214356
   12.956373511    0.337625873    0.206424365
   13.037350846    0.347628953    0.232339358
   13.118328180    0.356147791    0.255799312
   13.199305515    0.363401444    0.276742327
   13.280282849    0.369591713    0.295201153
   13.361260184    0.374886837    0.311289695
   13.442237518    0.379412089    0.325184450
   13.523214853    0.383272260    0.337103879
   13.604192187    0.386572279    0.347286039
   13.685169521    0.389405136    0.355966444
   13.766146856    0.391834404    0.363361378
   13.847124190    0.393907135    0.369660538
   13.928101525    0.395677429    0.375027182
   14.009078859    0.397201530    0.379600907
   14.090056194    0.398515930    0.383500328
   14.171033528    0.399639465    0.386825955
   14.252010863    0.400596906    0.389663410
   14.332988197    0.401423257    0.392085874
   14.413965531    0.402142643    0.394155423
   14.494942866    0.402760555    0.395924344
   14.575920200    0.403283896    0.397437042
   14.656897535    0.403733826    0.398731615
   14.737874869    0.404129595    0.399840434
   14.818852204    0.404472949    0.400790568
   14.899829538    0.404761091    0.401604882
   14.980806873    0.405005286    0.402303209
   15.061784207    0.405222529    0.402902651
   15.142761541    0.405415643    0.403417465
   15.223738876    0.405577213    0.403859544
   15.304716210    0.405710236    0.404239317
   15.385693545    0.405829030    0.404566017
   15.466670879    0.405939259    0.404847338
   15.547648214    0.406032700    0.405089484
   15.628625548    0.406105844    0.405297862
   15.709602883    0.406169375    0.405477470
   15.790580217    0.406232081    0.405632562
   15.871557551    0.406287954    0.405766394
   15.952534886    0.406329181    0.405881696
   16.033512220    0.406361826    0.405981175
   16.114489555    0.406396639    0.406067298
   16.195466889    0.406431528    0.406141866
   16.276444224    0.406456650    0.406206211
   16.357421558    0.406472877    0.406261752
   16.438398893    0.406491006    0.406309980
   16.519376227    0.406513402    0.406351968
   16.600353561    0.406530599    0.406388323
   16.681330896    0.406538657    0.406419699
   16.762308230    0.406546496    0.406446994
   16.843285565    0.406560473    0.406470929
   16.924262899    0.406573614    0.406491782
   17.005240234    0.406578374    0.406509761
   17.086217568    0.406580192    0.406525387
   17.167194903    0.406588019    0.406539209
   17.248172237    0.406598755    0.406551398
   17.329149571    0.406603030    0.406561927
   17.410126906    0.406601904    0.406571037
   17.491104240    0.406605009    0.406579164
   17.572081575    0.406613630    0.406586480
   17.653058909    0.406618638    0.406592857
   17.734036244    0.406616742    0.406598324
   17.815013578    0.406616282    0.406603209
   17.895990913    0.406622504    0.406607729
   17.976968247    0.406628434    0.406611756
   18.057945582    0.406627327    0.406615173
   18.138922916    0.406624568    0.406618190
   18.219900250    0.406628115    0.406621067
   18.300877585    0.406634517    0.406623740
   18.381854919    0.406635127    0.406626009
   18.462832254    0.406631384    0.406627955
   18.543809588    0.406632195    0.406629848
   18.624786923    0.406638222    0.406631717
   18.705764257    0.406640812    0.406633343
   18.786741592    0.406637321    0.406634682
   18.867718926    0.406635713    0.406635968
   18.948696260    0.406640470    0.406637330
   19.029673595    0.406644754    0.406638585
   19.110650929    0.406642548    0.406639587
   19.191628264    0.406639236    0.406640498
   19.272605598    0.406642039    0.406641517
   19.353582933    0.406647304    0.406642544
   19.434560267    0.406647032    0.406643370
   19.515537602    0.406642986    0.406644055
   19.596514936    0.406643505    0.406644831
   19.677492270    0.406648788    0.406645698
   19.758469605    0.406650612    0.406646435
   19.839446939    0.406646871    0.406646995
   19.920424274    0.406645234    0.406647592
   20.001401608    0.406649577    0.406648326
   20.082378943    0.406653200    0.406649013
   20.163356277    0.406650699    0.406649514
   20.244333612    0.406647461    0.406649983
   20.325310946    0.406650107    0.406650596
   20.406288280    0.406654836    0.406651244
   20.487265615    0.406654191    0.406651730
   20.568242949    0.406650204    0.406652117
   20.649220284    0.406650756    0.406652616
   20.730197618    0.406655665    0.406653218
   20.811174953    0.406657069    0.406653710
   20.892152287    0.406653311    0.406654053
   20.973129622    0.406651812    0.406654451
   21.054106956    0.406655954    0.406654991
   21.135084290    0.406659154    0.406655491
   21.216061625    0.406656516    0.406655825
   21.297038959    0.406653436    0.406656143
   21.378016294    0.406656039    0.406656606
   21.458993628    0.406660397    0.406657105
   21.539970963    0.406659504    0.406657452
   21.620948297    0.406655626    0.406657715
   21.701925632    0.406656256    0.406658094
   21.782902966    0.406660896    0.406658571
   21.863880300    0.406661979    0.406658942
   21.944857635    0.406658231    0.406659178
   22.025834969    0.406656878    0.406659474
   22.106812304    0.406660878    0.406659907
   22.187789638    0.406663738    0.406660299
   22.268766973    0.406660995    0.406660534
   22.349744307    0.406658062    0.406660761
   22.430721642    0.406660648    0.406661130
   22.511698976    0.406664704    0.406661530
   22.592676310    0.406663602    0.406661783
   22.673653645    0.406659818    0.406661960
   22.754630979    0.406660529    0.406662255
   22.835608314    0.406664952    0.406662641
   22.916585648    0.406665760    0.406662921
   22.997562983    0.406662014    0.406663074
   23.078540317    0.406660790    0.406663292
   23.159517652    0.406664679    0.406663641
   23.240494986    0.406667247    0.406663946
   23.321472321    0.406664401    0.406664099
   23.402449655    0.406661591    0.406664251
   23.483426989    0.406664171    0.406664542
   23.564404324    0.406667969    0.406664858
   23.645381658    0.406666674    0.406665031
   23.726358993    0.406662960    0.406665135
   23.807336327    0.406663744    0.406665355
   23.888313662    0.406667984    0.406665661
   23.969290996    0.406668543    0.406665862
   24.050268331    0.406664783    0.406665942
   24.131245665    0.406663670    0.406666089
   24.212222999    0.406667473    0.406666362
   24.293200334    0.406669782    0.406666588
   24.374177668    0.406666831    0.406666668
   24.455155003    0.406664123    0.406666750
   24.536132337    0.406666709    0.406666970
   24.617109672    0.406670284    0.406667209
   24.698087006    0.406668804    0.406667306
   24.779064341    0.406665139    0.406667342
   24.860041675    0.406665994    0.406667494
   24.941019009    0.406670082    0.406667726
   25.021996344    0.406670410    0.406667851
   25.102973678    0.406666620    0.406667862
   25.183951013    0.406665604    0.406667943
   25.264928347    0.406669340    0.406668145
   25.345905682    0.406671415    0.406668297
   25.426883016    0.406668348    0.406668306
   25.507860351    0.406665721    0.406668323
   25.588837685    0.406668321    0.406668474
   25.669815019    0.406671701    0.406668641
   25.750792354    0.406670037    0.406668667
   25.831769688    0.406666399    0.406668636
   25.912747023    0.406667325    0.406668722
   25.993724357    0.406671285    0.406668885
   26.074701692    0.406671393    0.406668938
   26.155679026    0.406667554    0.406668881
   26.236656361    0.406666626    0.406668897
   26.317633695    0.406670316    0.406669032
   26.398611029    0.406672175    0.406669112
   26.479588364    0.406668981    0.406669052
   26.560565698    0.406666418    0.406669004
   26.641543033    0.406669044    0.406669091
   26.722520367    0.406672251    0.406669187
   26.803497702    0.406670399    0.406669143
   26.884475036    0.406666769    0.406669047
   26.965452371    0.406667766    0.406669069
   27.046429705    0.406671622    0.406669163
   27.127407039    0.406671515    0.406669146
   27.208384374    0.406667608    0.406669022
   27.289361708    0.406666761    0.406668975
   27.370339043    0.406670424    0.406669044
   27.451316377    0.406672080    0.406669054
   27.532293712    0.406668744    0.406668925
   27.613271046    0.406666232    0.406668814
   27.694248381    0.406668898    0.406668836
   27.775225715    0.406671950    0.406668863
   27.856203050    0.406669903    0.406668749
   27.937180384    0.406666261    0.406668587
   28.018157718    0.406667335    0.406668547
   28.099135053    0.406671108    0.406668573
   28.180112387    0.406670786    0.406668486
   28.261089722    0.406666791    0.406668294
   28.342067056    0.406666020    0.406668184
   28.423044391    0.406669676    0.406668187
   28.504021725    0.406671138    0.406668127
   28.584999060    0.406667642    0.406667929
   28.665976394    0.406665167    0.406667753
   28.746953728    0.406667886    0.406667711
   28.827931063    0.406670798    0.406667669
   28.908908397    0.406668543    0.406667485
   28.989885732    0.406664870    0.406667256
   29.070863066    0.406666029    0.406667151
   29.151840401    0.406669737    0.406667110
   29.232817735    0.406669196    0.406666951
   29.313795070    0.406665091    0.406666691
   29.394772404    0.406664395    0.406666515
   29.475749738    0.406668064    0.406666453
   29.556727073    0.406669334    0.406666322
   29.637704407    0.406665657    0.406666052
   29.718681742    0.406663207    0.406665809
   29.799659076    0.406665998    0.406665701
   29.880636411    0.406668782    0.406665590
   29.961613745    0.406666303    0.406665332
   30.042591080    0.406662580    0.406665034
   30.123568414    0.406663833    0.406664864
   30.204545748    0.406667494    0.406664754
   30.285523083    0.406666722    0.406664522
   30.366500417    0.406662482    0.406664189
   30.447477752    0.406661861    0.406663946
   30.528455086    0.406665563    0.406663816
   30.609432421    0.406666643    0.406663611
   30.690409755    0.406662758    0.406663266
   30.771387090    0.406660326    0.406662953
   30.852364424    0.406663207    0.406662778
   30.933341758    0.406665872    0.406662593
   31.014319093    0.406663144    0.406662259
   31.095296427    0.406659353    0.406661887
   31.176273762    0.406660716    0.406661648
   31.257251096    0.406664348    0.406661466
   31.338228431    0.406663332    0.406661155
   31.419205765    0.406658930    0.406660745
   31.500183100    0.406658388    0.406660431
   31.581160434    0.406662145    0.406660228
   31.662137768    0.406663026    0.406659945
   31.743115103    0.406658902    0.406659520
   31.824092437    0.406656477    0.406659132
   31.905069772    0.406659469    0.406658884
   31.986047106    0.406662019    0.406658621
   32.067024441    0.406659011    0.406658202
   32.148001775    0.406655129    0.406657750
   32.228979110    0.406656615    0.406657436
   32.309956444    0.406660233    0.406657175
   32.390933778    0.406658945    0.406656778
   32.471911113    0.406654348    0.406656282
   32.552888447    0.406653893    0.406655888
   32.633865782    0.406657727    0.406655606
   32.714843116    0.406658396    0.406655234
   32.795820451    0.406653993    0.406654717
   32.876797785    0.406651570    0.406654242
   32.957775120    0.406654700    0.406653910
   33.038752454    0.406657133    0.406653556
   33.119729789    0.406653803    0.406653038
   33.200707123    0.406649805    0.406652490
   33.281684457    0.406651436    0.406652085
   33.362661792    0.406655049    0.406651729
   33.443639126    0.406653450    0.406651225
   33.524616461    0.406648617    0.406650621
   33.605593795    0.406648253    0.406650125
   33.686571130    0.406652184    0.406649738
   33.767548464    0.406652608    0.406649249
   33.848525799    0.406647869    0.406648606
   33.929503133    0.406645430    0.406648009
   34.010480467    0.406648715    0.406647556
   34.091457802    0.406651011    0.406647068
   34.172435136    0.406647290    0.406646403
   34.253412471    0.406643133    0.406645705
   34.334389805    0.406644915    0.406645150
   34.415367140    0.406648511    0.406644633
   34.496344474    0.406646528    0.406643947
   34.577321809    0.406641383    0.406643149
   34.658299143    0.406641094    0.406642456
   34.739276477    0.406645107    0.406641859
   34.820253812    0.406645207    0.406641134
   34.901231146    0.406640019    0.406640230
   34.982208481    0.406637501    0.406639360
   35.063185815    0.406640904    0.406638617
   35.144163150    0.406642962    0.406637801
   35.225140484    0.406638687    0.406636767
   35.306117819    0.406634238    0.406635670
   35.387095153    0.406636087    0.406634686
   35.468072487    0.406639537    0.406633686
   35.549049822    0.406636947    0.406632451
   35.630027156    0.406631261    0.406631042
   35.711004491    0.406630871    0.406629679
   35.791981825    0.406634767    0.406628332
   35.872959160    0.406634226    0.406626748
   35.953936494    0.406628212    0.406624875
   36.034913829    0.406625279    0.406622923
   36.115891163    0.406628462    0.406620964
   36.196868497    0.406629817    0.406618761
   36.277845832    0.406624400    0.406616140
   36.358823166    0.406619062    0.406613248
   36.439800501    0.406620379    0.406610234
   36.520777835    0.406622939    0.406606914
   36.601755170    0.406618798    0.406603013
   36.682732504    0.406611529    0.406598561
   36.763709839    0.406609952    0.406593734
   36.844687173    0.406612466    0.406588421
   36.925664507    0.406609715    0.406582276
   37.006641842    0.406601068    0.406575163
   37.087619176    0.406595769    0.406567216
   37.168596511    0.406596531    0.406558379
   37.249573845    0.406594540    0.406548249
   37.330551180    0.406584890    0.406536491
   37.411528514    0.406575230    0.406523088
   37.492505849    0.406572158    0.406507975
   37.573483183    0.406569294    0.406490689
   37.654460517    0.406558259    0.406470649
   37.735437852    0.406543326    0.406447568
   37.816415186    0.406533692    0.406421245
   37.897392521    0.406526849    0.406391094
   37.978369855    0.406512529    0.406356209
   38.059347190    0.406490478    0.406315853
   38.140324524    0.406470569    0.406269462
   38.221301859    0.406454808    0.406216129
   38.302279193    0.406433028    0.406154437
   38.383256528    0.406400104    0.406082910
   38.464233862    0.406364299    0.406000232
   38.545211196    0.406331702    0.405904794
   38.626188531    0.406294145    0.405794297
   38.707165865    0.406242167    0.405666049
   38.788143200    0.406180251    0.405517352
   38.869120534    0.406117156    0.405345172
   38.950097869    0.406048201    0.405145551
   39.031075203    0.405960951    0.404913652
   39.112052538    0.405854466    0.404644187
   39.193029872    0.405737868    0.404331262
   39.274007206    0.405610391    0.403967656
   39.354984541    0.405458137    0.403544543
   39.435961875    0.405273476    0.403051823
   39.516939210    0.405062634    0.402478105
   39.597916544    0.404827559    0.401809901
   39.678893879    0.404553929    0.401030931
   39.759871213    0.404226681    0.400122140
   39.840848548    0.403845523    0.399061624
   39.921825882    0.403412450    0.397823667
   40.002803216    0.402912859    0.396377495
   40.083780551    0.402323626    0.394686689
   40.164757885    0.401633639    0.392708776
   40.245735220    0.400839601    0.390393945
   40.326712554    0.399923523    0.387683108
   40.407689889    0.398851156    0.384506396
