# energy grid [eV]  eels components [arbitrary units]
#
    0.001000000    0.000000000    0.000000000    0.000000000
    0.011009009    0.000000001    0.000000001    0.000001117
    0.021018018    0.000000013    0.000000013    0.000011327
    0.031027027    0.000000089    0.000000089    0.000031119
    0.041036036    0.000000351    0.000000350    0.000054669
    0.051045045    0.000001003    0.000001003    0.000078974
    0.061054054    0.000002342    0.000002342    0.000103088
    0.071063063    0.000004737    0.000004737    0.000126800
    0.081072072    0.000008615    0.000008615    0.000150119
    0.091081081    0.000014426    0.000014425    0.000173107
    0.101090090    0.000022618    0.000022616    0.000195831
    0.111099099    0.000033606    0.000033604    0.000218350
    0.121108108    0.000047758    0.000047754    0.000240710
    0.131117117    0.000065371    0.000065367    0.000262951
    0.141126126    0.000086672    0.000086667    0.000285103
    0.151135135    0.000111814    0.000111808    0.000307192
    0.161144144    0.000140879    0.000140872    0.000329237
    0.171153153    0.000173887    0.000173879    0.000351257
    0.181162162    0.000210805    0.000210796    0.000373266
    0.191171171    0.000251558    0.000251549    0.000395276
    0.201180180    0.000296040    0.000296030    0.000417299
    0.211189189    0.000344121    0.000344110    0.000439344
    0.221198198    0.000395659    0.000395648    0.000461421
    0.231207207    0.000450506    0.000450494    0.000483537
    0.241216216    0.000508512    0.000508500    0.000505700
    0.251225225    0.000569535    0.000569523    0.000527917
    0.261234234    0.000633441    0.000633429    0.000550196
    0.271243243    0.000700106    0.000700095    0.000572542
    0.281252252    0.000769422    0.000769412    0.000594962
    0.291261261    0.000841295    0.000841285    0.000617464
    0.301270270    0.000915647    0.000915638    0.000640052
    0.311279279    0.000992416    0.000992408    0.000662733
    0.321288288    0.001071557    0.001071551    0.000685514
    0.331297297    0.001153044    0.001153038    0.000708402
    0.341306306    0.001236864    0.001236860    0.000731402
    0.351315315    0.001323023    0.001323020    0.000754523
    0.361324324    0.001411542    0.001411542    0.000777770
    0.371333333    0.001502461    0.001502462    0.000801151
    0.381342342    0.001595833    0.001595836    0.000824674
    0.391351351    0.001691730    0.001691736    0.000848346
    0.401360360    0.001790240    0.001790247    0.000872177
    0.411369369    0.001891467    0.001891476    0.000896174
    0.421378378    0.001995533    0.001995545    0.000920347
    0.431387387    0.002102579    0.002102594    0.000944707
    0.441396396    0.002212764    0.002212781    0.000969262
    0.451405405    0.002326268    0.002326287    0.000994025
    0.461414414    0.002443289    0.002443311    0.001019007
    0.471423423    0.002564052    0.002564077    0.001044221
    0.481432432    0.002688804    0.002688832    0.001069681
    0.491441441    0.002817819    0.002817850    0.001095401
    0.501450450    0.002951399    0.002951433    0.001121398
    0.511459459    0.003089880    0.003089917    0.001147689
    0.521468468    0.003233630    0.003233670    0.001174293
    0.531477477    0.003383057    0.003383101    0.001201231
    0.541486486    0.003538614    0.003538661    0.001228526
    0.551495495    0.003700798    0.003700849    0.001256202
    0.561504505    0.003870163    0.003870217    0.001284288
    0.571513514    0.004047321    0.004047380    0.001312814
    0.581522523    0.004232955    0.004233018    0.001341814
    0.591531532    0.004427822    0.004427889    0.001371327
    0.601540541    0.004632769    0.004632839    0.001401394
    0.611549550    0.004848740    0.004848815    0.001432066
    0.621558559    0.005076796    0.005076876    0.001463395
    0.631567568    0.005318127    0.005318211    0.001495443
    0.641576577    0.005574072    0.005574161    0.001528281
    0.651585586    0.005846147    0.005846241    0.001561990
    0.661594595    0.006136065    0.006136164    0.001596661
    0.671603604    0.006445775    0.006445880    0.001632403
    0.681612613    0.006777500    0.006777610    0.001669340
    0.691621622    0.007133781    0.007133896    0.001707617
    0.701630631    0.007517535    0.007517657    0.001747405
    0.711639640    0.007932127    0.007932256    0.001788907
    0.721648649    0.008381449    0.008381584    0.001832364
    0.731657658    0.008870025    0.008870167    0.001878063
    0.741666667    0.009403136    0.009403285    0.001926351
    0.751675676    0.009986974    0.009987131    0.001977651
    0.761684685    0.010628841    0.010629006    0.002032478
    0.771693694    0.011337387    0.011337561    0.002091469
    0.781702703    0.012122920    0.012123104    0.002155414
    0.791711712    0.012997794    0.012997987    0.002225305
    0.801720721    0.013976907    0.013977111    0.002302400
    0.811729730    0.015078346    0.015078560    0.002388300
    0.821738739    0.016324218    0.016324444    0.002485075
    0.831747748    0.017741747    0.017741985    0.002595411
    0.841756757    0.019364712    0.019364963    0.002722837
    0.851765766    0.021235374    0.021235639    0.002872009
    0.861774775    0.023407047    0.023407326    0.003049102
    0.871783784    0.025947583    0.025947876    0.003262287
    0.881792793    0.028944110    0.028944418    0.003522251
    0.891801802    0.032509513    0.032509835    0.003842534
    0.901810811    0.036791287    0.036791623    0.004239044
    0.911819820    0.041983619    0.041983967    0.004727215
    0.921828829    0.048343569    0.048343925    0.005313665
    0.931837838    0.056212004    0.056212363    0.005978012
    0.941846847    0.066038450    0.066038805    0.006645226
    0.951855856    0.078404561    0.078404904    0.007170556
    0.961864865    0.094028840    0.094029163    0.007386820
    0.971873874    0.113706631    0.113706942    0.007220271
    0.981882883    0.138081341    0.138081690    0.006756085
    0.991891892    0.167060433    0.167060969    0.006163504
    1.001900901    0.198701253    0.198702308    0.005582500
    1.011909910    0.227905386    0.227907499    0.005082962
    1.021918919    0.246647834    0.246651542    0.004682350
    1.031927928    0.247939853    0.247945222    0.004372974
    1.041936937    0.231346525    0.231352930    0.004139291
    1.051945946    0.203362726    0.203369249    0.003965660
    1.061954955    0.172132363    0.172138326    0.003838915
    1.071963964    0.143115050    0.143120173    0.003748745
    1.081972973    0.118541817    0.118546089    0.003687337
    1.091981982    0.098657524    0.098661055    0.003648857
    1.101990991    0.082878876    0.082881803    0.003628978
    1.112000000    0.070425379    0.070427828    0.003624512
    1.122009009    0.060575404    0.060577481    0.003633126
    1.132018018    0.052738805    0.052740590    0.003653146
    1.142027027    0.046457209    0.046458767    0.003683405
    1.152036036    0.041382220    0.041383599    0.003723151
    1.162045045    0.037250885    0.037252123    0.003771978
    1.172054054    0.033864642    0.033865768    0.003829786
    1.182063063    0.031072877    0.031073915    0.003896767
    1.192072072    0.028760615    0.028761582    0.003973405
    1.202081081    0.026839456    0.026840368    0.004060500
    1.212090090    0.025240955    0.025241824    0.004159207
    1.222099099    0.023911778    0.023912614    0.004271113
    1.232108108    0.022810151    0.022810964    0.004398329
    1.242117117    0.021903250    0.021904047    0.004543638
    1.252126126    0.021165267    0.021166056    0.004710697
    1.262135135    0.020575982    0.020576768    0.004904309
    1.272144144    0.020119702    0.020120491    0.005130811
    1.282153153    0.019784491    0.019785290    0.005398594
    1.292162162    0.019561611    0.019562426    0.005718809
    1.302171171    0.019445137    0.019445973    0.006106266
    1.312180180    0.019431713    0.019432577    0.006580482
    1.322189189    0.019520409    0.019521309    0.007166613
    1.332198198    0.019712629    0.019713573    0.007895401
    1.342207207    0.020011960    0.020012955    0.008799949
    1.352216216    0.020423740    0.020424795    0.009904520
    1.362225225    0.020954015    0.020955138    0.011197333
    1.372234234    0.021607739    0.021608935    0.012581988
    1.382243243    0.022387416    0.022388688    0.013828579
    1.392252252    0.023295713    0.023297069    0.014601772
    1.402261261    0.024344328    0.024345791    0.014637678
    1.412270270    0.025562722    0.025564329    0.013950865
    1.422279279    0.026997522    0.026999323    0.012822236
    1.432288288    0.028706135    0.028708181    0.011583423
    1.442297297    0.030754485    0.030756831    0.010451719
    1.452306306    0.033220894    0.033223604    0.009513425
    1.462315315    0.036203238    0.036206393    0.008775369
    1.472324324    0.039828102    0.039831811    0.008211836
    1.482333333    0.044262240    0.044266644    0.007789912
    1.492342342    0.049727160    0.049732447    0.007479635
    1.502351351    0.056517565    0.056523982    0.007256757
    1.512360360    0.065023107    0.065030980    0.007102635
    1.522369369    0.075748983    0.075758729    0.007003276
    1.532378378    0.089320335    0.089332458    0.006948300
    1.542387387    0.106430388    0.106445414    0.006930063
    1.552396396    0.127641189    0.127659474    0.006942989
    1.562405405    0.152872838    0.152894096    0.006983071
    1.572414414    0.180425555    0.180448086    0.007047515
    1.582423423    0.205830371    0.205850456    0.007134494
    1.592432432    0.222053028    0.222065861    0.007242975
    1.602441441    0.222996413    0.222999186    0.007372616
    1.612450450    0.208354731    0.208348909    0.007523706
    1.622459459    0.183888629    0.183878339    0.007697154
    1.632468468    0.156736756    0.156725702    0.007894508
    1.642477477    0.131634689    0.131624861    0.008118028
    1.652486486    0.110485044    0.110477078    0.008370794
    1.662495495    0.093469105    0.093462953    0.008656880
    1.672504505    0.080061621    0.080057000    0.008981596
    1.682513514    0.069577087    0.069573683    0.009351827
    1.692522523    0.061388624    0.061386167    0.009776506
    1.702531532    0.054988553    0.054986831    0.010267263
    1.712540541    0.049987446    0.049986301    0.010839324
    1.722549550    0.046094929    0.046094247    0.011512719
    1.732558559    0.043098801    0.043098503    0.012313907
    1.742567568    0.040847610    0.040847645    0.013277820
    1.752576577    0.039237470    0.039237808    0.014450183
    1.762585586    0.038202137    0.038202765    0.015889370
    1.772594595    0.037704178    0.037705093    0.017665584
    1.782603604    0.037723211    0.037724404    0.019851900
    1.792612613    0.038233971    0.038235401    0.022495745
    1.802621622    0.039165000    0.039166535    0.025553710
    1.812630631    0.040340134    0.040341506    0.028784662
    1.822639640    0.041452153    0.041453008    0.031663415
    1.832648649    0.042171181    0.042171310    0.033485435
    1.842657658    0.042385204    0.042384799    0.033765808
    1.852666667    0.042317121    0.042316685    0.032631659
    1.862675676    0.042358651    0.042358692    0.030736611
    1.872684685    0.042849185    0.042850036    0.028801104
    1.882693694    0.044009939    0.044011787    0.027294221
    1.892702703    0.045986621    0.045989585    0.026416706
    1.902711712    0.048894793    0.048898977    0.026202820
    1.912720721    0.052820654    0.052826134    0.026589863
    1.922729730    0.057759748    0.057766479    0.027420844
    1.932738739    0.063488916    0.063496576    0.028416889
    1.942747748    0.069437937    0.069445836    0.029215361
    1.952756757    0.074773340    0.074780705    0.029550108
    1.962765766    0.078861845    0.078868416    0.029432778
    1.972774775    0.081716439    0.081722557    0.029089262
    1.982783784    0.083763300    0.083769154    0.028741615
    1.992792793    0.085253775    0.085258928    0.028518662
    2.002801802    0.086225298    0.086229224    0.028514576
    2.012810811    0.086898380    0.086901056    0.028833742
    2.022819820    0.087662202    0.087663833    0.029575154
    2.032828829    0.088640527    0.088641047    0.030818119
    2.042837838    0.089572022    0.089571256    0.032634509
    2.052846847    0.090171023    0.090169260    0.035110129
    2.062855856    0.090489801    0.090487914    0.038361187
    2.072864865    0.090974791    0.090973727    0.042541373
    2.082873874    0.092208830    0.092209086    0.047833085
    2.092882883    0.094499128    0.094500615    0.054404471
    2.102891892    0.097686531    0.097688759    0.062297902
    2.112900901    0.101389704    0.101392146    0.071221879
    2.122909910    0.105373770    0.105376073    0.080328118
    2.132918919    0.109461224    0.109463065    0.088316539
    2.142927928    0.113092727    0.113093664    0.094217725
    2.152936937    0.115407425    0.115407177    0.098291250
    2.162945946    0.116069490    0.116068331    0.101837505
    2.172954955    0.115765598    0.115764236    0.106132795
    2.182963964    0.115634186    0.115633237    0.111841791
    2.192972973    0.116479032    0.116478747    0.119226756
    2.202981982    0.118674382    0.118674821    0.128291266
    2.212990991    0.122566284    0.122567575    0.138187525
    2.223000000    0.128729479    0.128731872    0.146436276
    2.233009009    0.137900518    0.137904279    0.149424787
    2.243018018    0.150877931    0.150883314    0.144825776
    2.253027027    0.168552799    0.168560081    0.133707338
    2.263036036    0.191987742    0.191997268    0.119581303
    2.273045045    0.222414994    0.222427187    0.105805878
    2.283054054    0.261006155    0.261021458    0.094267815
    2.293063063    0.308175570    0.308194266    0.085588882
    2.303072072    0.362153821    0.362175657    0.079741698
    2.313081081    0.417129505    0.417153247    0.076472577
    2.323090090    0.463012939    0.463036345    0.075465112
    2.333099099    0.489872504    0.489893197    0.076321847
    2.343108108    0.494863192    0.494879680    0.078458925
    2.353117117    0.482840724    0.482852243    0.081075498
    2.363126126    0.459738863    0.459744744    0.083375570
    2.373135135    0.428505937    0.428506135    0.084920570
    2.383144144    0.390822180    0.390818276    0.085756933
    2.393153153    0.349414554    0.349409140    0.086356449
    2.403162162    0.308230939    0.308225899    0.087519326
    2.413171171    0.271128108    0.271124045    0.090106054
    2.423180180    0.240479350    0.240476229    0.094707764
    2.433189189    0.216885373    0.216883161    0.101483528
    2.443198198    0.199801950    0.199800805    0.110178284
    2.453207207    0.188307734    0.188307867    0.120286439
    2.463216216    0.181532393    0.181533855    0.131232966
    2.473225225    0.178600567    0.178603163    0.142295946
    2.483234234    0.178383065    0.178386407    0.152275197
    2.493243243    0.179624008    0.179627773    0.159499116
    2.503252252    0.181615931    0.181620185    0.162780959
    2.513261261    0.184604111    0.184609229    0.162353377
    2.523270270    0.189041405    0.189047488    0.159116274
    2.533279279    0.194264602    0.194270913    0.153299010
    2.543288288    0.197915951    0.197920959    0.144790940
    2.553297297    0.197058100    0.197060447    0.134438992
    2.563306306    0.190576730    0.190576416    0.124082207
    2.573315315    0.180291385    0.180289730    0.115458039
    2.583324324    0.169365432    0.169364034    0.109550074
    2.593333333    0.160242342    0.160242344    0.106699928
    2.603342342    0.154040816    0.154042767    0.106942315
    2.613351351    0.150946650    0.150950577    0.110228666
    2.623360360    0.150674888    0.150680454    0.116501616
    2.633369369    0.152784582    0.152791366    0.125666210
    2.643378378    0.156975852    0.156983619    0.137476167
    2.653387387    0.163267805    0.163276548    0.151316302
    2.663396396    0.171819339    0.171829014    0.165954644
    2.673405405    0.182467372    0.182477667    0.179712172
    2.683414414    0.194318676    0.194329068    0.191498786
    2.693423423    0.205818747    0.205828730    0.201871707
    2.703432432    0.215700003    0.215709226    0.212673724
    2.713441441    0.224336591    0.224344920    0.225450874
    2.723450450    0.233988964    0.233996498    0.239841913
    2.733459459    0.247548964    0.247555966    0.253066365
    2.743468468    0.267187780    0.267194596    0.261665985
    2.753477477    0.293724689    0.293731756    0.264812104
    2.763486486    0.326419450    0.326427391    0.265432828
    2.773495495    0.363194032    0.363203749    0.267442148
    2.783504505    0.401548880    0.401561610    0.272366709
    2.793513514    0.439034939    0.439052347    0.278423315
    2.803522523    0.471927966    0.471951973    0.282400774
    2.813531532    0.494609017    0.494640814    0.282658048
    2.823540541    0.502632850    0.502671822    0.279824029
    2.833549550    0.495894669    0.495938898    0.274472107
    2.843558559    0.477620035    0.477667730    0.265399399
    2.853567568    0.451768996    0.451818703    0.250760707
    2.863576577    0.421832102    0.421881710    0.230562619
    2.873585586    0.391043712    0.391090057    0.207550708
    2.883594595    0.362951938    0.362991886    0.185445197
    2.893603604    0.340853401    0.340885270    0.166850032
    2.903612613    0.326625606    0.326649637    0.152703393
    2.913621622    0.320351850    0.320369952    0.142770544
    2.923630631    0.320710827    0.320726116    0.136297902
    2.933639640    0.325532088    0.325548059    0.132536070
    2.943648649    0.332372787    0.332391589    0.130976110
    2.953657658    0.339564504    0.339584648    0.131095561
    2.963666667    0.347640803    0.347656574    0.131784722
    2.973675676    0.359541208    0.359545165    0.131197856
    2.983684685    0.379158058    0.379143863    0.127689119
    2.993693694    0.410041511    0.410004558    0.121164027
    3.003702703    0.455169677    0.455106411    0.113146007
    3.013711712    0.517043503    0.516951203    0.105515048
    3.023720721    0.597193209    0.597071329    0.099526002
    3.033729730    0.694569272    0.694422719    0.095714547
    3.043738739    0.802773301    0.802616819    0.094174790
    3.053747748    0.907086470    0.906946728    0.094756101
    3.063756757    0.984537714    0.984447154    0.097061903
    3.073765766    1.012243447    1.012223734    0.100319729
    3.083774775    0.981731934    0.981779992    0.103376913
    3.093783784    0.904482804    0.904575442    0.105178140
    3.103792793    0.803234596    0.803344632    0.105556799
    3.113801802    0.699989723    0.700097629    0.105415845
    3.123810811    0.609134673    0.609231117    0.106029780
    3.133819820    0.536810442    0.536893362    0.108341969
    3.143828829    0.483734257    0.483805054    0.112773262
    3.153837838    0.448171633    0.448232672    0.119340369
    3.163846847    0.427734749    0.427788244    0.127872209
    3.173855856    0.420042716    0.420090293    0.138217950
    3.183864865    0.422562126    0.422604418    0.150287704
    3.193873874    0.432329308    0.432365760    0.163999092
    3.203882883    0.446238025    0.446267836    0.179307304
    3.213891892    0.461082490    0.461106823    0.195893493
    3.223900901    0.472388751    0.472412019    0.212268175
    3.233909910    0.474444572    0.474472054    0.225529917
    3.243918919    0.464162631    0.464195847    0.233221706
    3.253927928    0.444825485    0.444861025    0.235956618
    3.263936937    0.424012585    0.424045666    0.237388831
    3.273945946    0.408356286    0.408384147    0.241490421
    3.283954955    0.400898283    0.400920781    0.250324630
    3.293963964    0.401746536    0.401765023    0.263673320
    3.303972973    0.409902081    0.409918133    0.279988159
    3.313981982    0.424479091    0.424494134    0.297938696
    3.323990991    0.444938828    0.444954448    0.317536024
    3.334000000    0.471043400    0.471061480    0.339981018
    3.344009009    0.501892727    0.501915503    0.365871554
    3.354018018    0.533019192    0.533049433    0.392236352
    3.364027027    0.554311667    0.554351939    0.410971584
    3.374036036    0.553986960    0.554037243    0.412281278
    3.384045045    0.527948484    0.528004517    0.392423659
    3.394054054    0.483945012    0.484000349    0.357361510
    3.404063063    0.434957524    0.435007205    0.317547391
    3.414072072    0.390856493    0.390898569    0.281006049
    3.424081081    0.355841063    0.355876005    0.251057578
    3.434090090    0.329926915    0.329956478    0.227455090
    3.444099099    0.311277615    0.311303725    0.208355315
    3.454108108    0.298250307    0.298274206    0.192165685
    3.464117117    0.290390828    0.290413130    0.178507635
    3.474126126    0.287856960    0.287878577    0.167794362
    3.484135135    0.290224830    0.290247706    0.160271235
    3.494144144    0.295993105    0.296019920    0.155501807
    3.504153153    0.302968842    0.303001609    0.152347770
    3.514162162    0.308802565    0.308841059    0.149315869
    3.524171171    0.311472264    0.311513876    0.145335761
    3.534180180    0.310436028    0.310477599    0.140509277
    3.544189189    0.307575667    0.307615430    0.135972262
    3.554198198    0.306014936    0.306052520    0.133010253
    3.564207207    0.307891946    0.307927258    0.132391377
    3.574216216    0.313539158    0.313571836    0.134240764
    3.584225225    0.322098963    0.322128741    0.138195999
    3.594234234    0.331956909    0.331984228    0.143736301
    3.604243243    0.340660598    0.340686578    0.150666282
    3.614252252    0.345901156    0.345926531    0.159376060
    3.624261261    0.347843434    0.347867465    0.170439808
    3.634270270    0.350055229    0.350076066    0.183831417
    3.644279279    0.357450032    0.357466113    0.198426494
    3.654288288    0.373496204    0.373507353    0.211974789
    3.664297297    0.398492513    0.398500657    0.221288322
    3.674306306    0.428331775    0.428341566    0.223065070
    3.684315315    0.453900995    0.453919266    0.216067545
    3.694324324    0.463858367    0.463890517    0.202668208
    3.704333333    0.452011271    0.452056442    0.187281038
    3.714342342    0.422556738    0.422607947    0.173630617
    3.724351351    0.386241950    0.386291408    0.163685104
    3.734360360    0.352770228    0.352813330    0.158086233
    3.744369369    0.327418997    0.327454601    0.156850048
    3.754378378    0.311800532    0.311829664    0.159806483
    3.764387387    0.305538986    0.305563555    0.166784147
    3.774396396    0.307278680    0.307300582    0.177617591
    3.784405405    0.314823815    0.314844631    0.191948313
    3.794414414    0.324977472    0.324998568    0.208883042
    3.804423423    0.334126001    0.334148508    0.226954564
    3.814432432    0.339571974    0.339596709    0.244797699
    3.824441441    0.340301964    0.340329302    0.261945717
    3.834450450    0.337016459    0.337045782    0.278750706
    3.844459459    0.331848450    0.331877837    0.295777979
    3.854468468    0.327345898    0.327372727    0.313363455
    3.864477477    0.325331655    0.325353744    0.331024128
    3.874486486    0.326438457    0.326455254    0.346974928
    3.884495495    0.329682357    0.329695661    0.358342085
    3.894504505    0.332208710    0.332222087    0.361985946
    3.904513514    0.330743624    0.330760125    0.356610028
    3.914522523    0.324482358    0.324502256    0.344979945
    3.924531532    0.316107501    0.316128632    0.332725444
    3.934540541    0.309555324    0.309575175    0.324773918
    3.944549550    0.307613435    0.307630375    0.323513842
    3.954558559    0.311499367    0.311512789    0.329403054
    3.964567568    0.321516934    0.321527043    0.342132335
    3.974576577    0.337787153    0.337794556    0.361076897
    3.984585586    0.360799793    0.360805208    0.385279477
    3.994594595    0.391007348    0.391012117    0.412914117
    4.004603604    0.426922865    0.426930117    0.439679130
    4.014612613    0.462924894    0.462940225    0.458170796
    4.024621622    0.489601305    0.489631145    0.461786588
    4.034630631    0.498996135    0.499043477    0.450882175
    4.044639640    0.491019722    0.491081455    0.433195174
    4.054648649    0.472825206    0.472894732    0.417915756
    4.064657658    0.452011399    0.452083246    0.410839941
    4.074666667    0.432091194    0.432162975    0.413338393
    4.084675676    0.413118279    0.413189355    0.422722878
    4.094684685    0.394818563    0.394887874    0.433071834
    4.104693694    0.378507076    0.378572591    0.437449061
    4.114702703    0.366083239    0.366142829    0.430840562
    4.124711712    0.358264147    0.358316537    0.412067493
    4.134720721    0.354313709    0.354359040    0.384273549
    4.144729730    0.352863276    0.352903195    0.353164315
    4.154738739    0.352479268    0.352516467    0.323751682
    4.164747748    0.351884405    0.351921367    0.298877504
    4.174756757    0.350841531    0.350878755    0.279962078
    4.184765766    0.351147574    0.351183358    0.267723195
    4.194774775    0.355914624    0.355947027    0.261997876
    4.204783784    0.367379131    0.367408021    0.261354589
    4.214792793    0.385020214    0.385048058    0.263190389
    4.224801802    0.404976622    0.405007935    0.264689282
    4.234810811    0.421399252    0.421438443    0.263992813
    4.244819820    0.429598431    0.429647166    0.260166171
    4.254828829    0.428202079    0.428259106    0.252584205
    4.264837838    0.418181215    0.418244754    0.241521631
    4.274846847    0.401154262    0.401223039    0.228928191
    4.284855856    0.379695212    0.379767119    0.217670028
    4.294864865    0.357825187    0.357897146    0.210148699
    4.304873874    0.339364693    0.339434406    0.207681841
    4.314882883    0.325946049    0.326013058    0.210548313
    4.324891892    0.316610350    0.316675660    0.218005934
    4.334900901    0.308551421    0.308616427    0.228025601
    4.344909910    0.298565570    0.298630777    0.237262715
    4.354918919    0.285176042    0.285240351    0.242265221
    4.364927928    0.269823316    0.269884768    0.241687205
    4.374936937    0.255558477    0.255615664    0.237104283
    4.384945946    0.244865536    0.244918167    0.231408578
    4.394954955    0.238765104    0.238813665    0.226901388
    4.404963964    0.237202948    0.237248244    0.224616123
    4.414972973    0.239878203    0.239921168    0.224684813
    4.424981982    0.246748999    0.246790663    0.226873207
    4.434990991    0.257776739    0.257818173    0.230405222
    4.445000000    0.272341580    0.272383923    0.233562679
    4.455009009    0.289061918    0.289106526    0.234354659
    4.465018018    0.306026781    0.306075324    0.232006105
    4.475027027    0.321137539    0.321191777    0.227534601
    4.485036036    0.332767503    0.332828786    0.222901538
    4.495045045    0.340480470    0.340549394    0.219982287
    4.505054054    0.344910894    0.344987414    0.220213642
    4.515063063    0.346974038    0.347057892    0.224627320
    4.525072072    0.347377911    0.347469026    0.233877607
    4.535081081    0.346576620    0.346675165    0.248140999
    4.545090090    0.344967710    0.345073624    0.266896200
    4.555099099    0.343492231    0.343605056    0.288919844
    4.565108108    0.344029986    0.344149833    0.312869676
    4.575117117    0.348686177    0.348815133    0.337813182
    4.585126126    0.358347222    0.358490198    0.362480698
    4.595135135    0.371502901    0.371667480    0.383899695
    4.605144144    0.383817863    0.384011754    0.397888028
    4.615153153    0.389555635    0.389780505    0.401913500
    4.625162162    0.385568188    0.385814397    0.396931963
    4.635171171    0.374253146    0.374503435    0.386073577
    4.645180180    0.361393781    0.361632800    0.372678860
    4.655189189    0.351720793    0.351939749    0.359671536
    4.665198198    0.346958840    0.347154118    0.349469575
    4.675207207    0.346590102    0.346761080    0.343849298
    4.685216216    0.349287544    0.349435670    0.343821617
    4.695225225    0.353785027    0.353913524    0.349364190
    4.705234234    0.359144672    0.359258262    0.359265459
    4.715243243    0.364918726    0.365023035    0.371673426
    4.725252252    0.371312906    0.371413311    0.385415563
    4.735261261    0.379088508    0.379189207    0.400999941
    4.745270270    0.389713236    0.389817640    0.420350693
    4.755279279    0.405715666    0.405827419    0.445690804
    4.765288288    0.430276051    0.430399299    0.478117993
    4.775297297    0.466271227    0.466409923    0.516243723
    4.785306306    0.515350226    0.515506404    0.556115567
    4.795315315    0.576538629    0.576709095    0.593115683
    4.805324324    0.643929496    0.644101504    0.623220380
    4.815333333    0.704891641    0.705041938    0.641675113
    4.825342342    0.743123848    0.743228175    0.643723915
    4.835351351    0.748872820    0.748922696    0.629611304
    4.845360360    0.727104912    0.727112677    0.606051920
    4.855369369    0.692745720    0.692732095    0.580869804
    4.865378378    0.659493708    0.659474985    0.558361169
    4.875387387    0.633783208    0.633767743    0.539332705
    4.885396396    0.615305351    0.615295731    0.523173431
    4.895405405    0.600955691    0.600952119    0.510000102
    4.905414414    0.588940427    0.588943141    0.501633170
    4.915423423    0.580357450    0.580367445    0.500698595
    4.925432432    0.577989344    0.578007725    0.509341404
    4.935441441    0.583851548    0.583878464    0.528865518
    4.945450450    0.597279879    0.597314070    0.559958243
    4.955459459    0.614526385    0.614565416    0.602409932
    4.965468468    0.630401469    0.630441969    0.653634675
    4.975477477    0.642196244    0.642234231    0.707075750
    4.985486486    0.652455262    0.652487032    0.753694512
    4.995495495    0.666281326    0.666304260    0.787801138
    5.005504505    0.685765074    0.685777474    0.811727581
    5.015513514    0.707294669    0.707294857    0.833763292
    5.025522523    0.723572343    0.723558726    0.862717431
    5.035531532    0.727742502    0.727715897    0.904319240
    5.045540541    0.716631086    0.716596509    0.959135852
    5.055549550    0.693000810    0.692965189    1.020513322
    5.065558559    0.665183686    0.665152124    1.075640766
    5.075567568    0.642684747    0.642659385    1.114258760
    5.085576577    0.632131264    0.632112422    1.139225956
    5.095585586    0.636674967    0.636662438    1.165053821
    5.105594595    0.656961019    0.656954488    1.205380289
    5.115603604    0.691737464    0.691736110    1.263581422
    5.125612613    0.738207406    0.738209368    1.332186454
    5.135621622    0.792719886    0.792722076    1.398108947
    5.145630631    0.851375981    0.851374234    1.449792104
    5.155639640    0.909614273    0.909603630    1.479508538
    5.165648649    0.960693807    0.960669142    1.477749749
    5.175657658    0.995222973    0.995180983    1.433197243
    5.185666667    1.005787056    1.005729130    1.346410782
    5.195675676    0.994246495    0.994179104    1.237143255
    5.205684685    0.972729249    0.972660727    1.131824712
    5.215693694    0.956516917    0.956453449    1.048123046
    5.225702703    0.955543357    0.955486906    0.990641204
    5.235711712    0.970106104    0.970054829    0.954523193
    5.245720721    0.991645759    0.991595931    0.930764505
    5.255729730    1.008354397    1.008302923    0.909312873
    5.265738739    1.013794246    1.013740551    0.879734961
    5.275747748    1.011253242    1.011198621    0.834576303
    5.285756757    1.009021797    1.008966770    0.775135230
    5.295765766    1.013244272    1.013187161    0.710906292
    5.305774775    1.026337216    1.026275499    0.652441101
    5.315783784    1.048432108    1.048364916    0.606242539
    5.325792793    1.075944694    1.075873228    0.574724590
    5.335801802    1.099129026    1.099052949    0.558103627
    5.345810811    1.104446163    1.104360210    0.555341269
    5.355819820    1.082432509    1.082330377    0.563772602
    5.365828829    1.034314354    1.034196000    0.578622981
    5.375837838    0.969847998    0.969720640    0.593813375
    5.385846847    0.899187492    0.899061137    0.603579142
    5.395855856    0.828587867    0.828470905    0.602771092
    5.405864865    0.762293434    0.762190152    0.587180707
    5.415873874    0.703989102    0.703899394    0.556599656
    5.425882883    0.655336866    0.655258077    0.516639271
    5.435891892    0.615507471    0.615437282    0.475498511
    5.445900901    0.582723539    0.582661812    0.439726151
    5.455909910    0.555681617    0.555629951    0.412693670
    5.465918919    0.534365910    0.534325877    0.395053171
    5.475927928    0.519969319    0.519941049    0.385702676
    5.485936937    0.513426779    0.513408331    0.382651336
    5.495945946    0.514190381    0.514177677    0.383777740
    5.505954955    0.520782436    0.520769958    0.387634908
    5.515963964    0.532115610    0.532097728    0.393807793
    5.525972973    0.547647171    0.547619534    0.401983964
    5.535981982    0.566281601    0.566242179    0.410651991
    5.545990991    0.585412633    0.585361355    0.417398174
    5.556000000    0.601125160    0.601062595    0.420899135
    5.566009009    0.609104216    0.609031966    0.422572037
    5.576018018    0.605602357    0.605524556    0.426100933
    5.586027027    0.589404648    0.589326949    0.435607609
    5.596036036    0.563474879    0.563401805    0.454319068
    5.606045045    0.533207810    0.533141934    0.483900206
    5.616054054    0.503605673    0.503548258    0.523618256
    5.626063063    0.478574218    0.478525360    0.569110069
    5.636072072    0.460803263    0.460761558    0.611734651
    5.646081081    0.451103891    0.451066632    0.640639364
    5.656090090    0.448334440    0.448298738    0.648102540
    5.666099099    0.450252418    0.450216461    0.634392853
    5.676108108    0.454282313    0.454245694    0.607713035
    5.686117117    0.458244641    0.458208039    0.579334791
    5.696126126    0.462109005    0.462073819    0.558560410
    5.706135135    0.469132390    0.469100169    0.551002907
    5.716144144    0.484153528    0.484125319    0.559512850
    5.726153153    0.510707624    0.510683371    0.585818378
    5.736162162    0.548984113    0.548961678    0.631600093
    5.746171171    0.594189225    0.594163124    0.698338233
    5.756180180    0.635642305    0.635604284    0.785579617
    5.766189189    0.659983311    0.659927230    0.887392331
    5.776198198    0.659765356    0.659693088    0.988101131
    5.786207207    0.639017270    0.638937181    1.062493655
    5.796216216    0.607875099    0.607794198    1.087428099
    5.806225225    0.573899306    0.573819275    1.059169592
    5.816234234    0.540064135    0.539983696    0.996520950
    5.826243243    0.507644849    0.507563202    0.925874799
    5.836252252    0.478269162    0.478187333    0.866208382
    5.846261261    0.453645378    0.453565605    0.824532553
    5.856270270    0.434602913    0.434527352    0.798621638
    5.866279279    0.421051861    0.420981893    0.782865683
    5.876288288    0.412375552    0.412311861    0.774487641
    5.886297297    0.407451842    0.407394886    0.775441629
    5.896306306    0.404912877    0.404863003    0.788343596
    5.906315315    0.403437990    0.403395175    0.811279039
    5.916324324    0.401645397    0.401610356    0.836683550
    5.926333333    0.398850654    0.398827400    0.856445210
    5.936342342    0.396360243    0.396356123    0.869739923
    5.946351351    0.396806123    0.396827879    0.884220293
    5.956360360    0.401911854    0.401961844    0.908281178
    5.966369369    0.411092494    0.411167756    0.943204539
    5.976378378    0.421335714    0.421429276    0.981716058
    5.986387387    0.428199985    0.428303370    1.012775022
    5.996396396    0.428087918    0.428193622    1.027349674
    6.006405405    0.420462432    0.420564930    1.019083366
    6.016414414    0.408009945    0.408105655    0.983927458
    6.026423423    0.394434565    0.394522168    0.925057656
    6.036432432    0.381854627    0.381935113    0.855058814
    6.046441441    0.370388837    0.370464078    0.789214328
    6.056450450    0.360082836    0.360153784    0.738468097
    6.066459459    0.352298604    0.352365177    0.708142959
    6.076468468    0.348889754    0.348952199    0.699815529
    6.086477477    0.350792390    0.350852313    0.713151489
    6.096486486    0.357436057    0.357496115    0.746782449
    6.106495495    0.366893338    0.366955807    0.798277797
    6.116504505    0.376557382    0.376622732    0.863109403
    6.126513514    0.384014062    0.384080630    0.933098192
    6.136522523    0.387552298    0.387617152    0.996929318
    6.146531532    0.386193585    0.386254173    1.043838504
    6.156540541    0.379552693    0.379607987    1.066223287
    6.166549550    0.368124227    0.368174421    1.060472206
    6.176558559    0.353951991    0.353997632    1.030860085
    6.186567568    0.340106963    0.340148531    0.991229224
    6.196576577    0.328961842    0.328999668    0.957535597
    6.206585586    0.321366496    0.321400756    0.938861120
    6.216594595    0.317122667    0.317153672    0.934645154
    6.226603604    0.315516961    0.315545599    0.936393863
    6.236612613    0.315780330    0.315807768    0.931984986
    6.246621622    0.317809768    0.317836420    0.913048774
    6.256630631    0.322305871    0.322331061    0.880156291
    6.266639640    0.329920719    0.329943559    0.839501425
    6.276648649    0.340481892    0.340502264    0.795920164
    6.286657658    0.352921853    0.352940682    0.751197184
    6.296666667    0.365521788    0.365540688    0.707738154
    6.306675676    0.376240701    0.376261272    0.670522052
    6.316684685    0.383267081    0.383290373    0.644786156
    6.326693694    0.385486697    0.385513010    0.633513883
    6.336702703    0.382770214    0.382798902    0.637007240
    6.346711712    0.375987558    0.376017264    0.653445556
    6.356720721    0.366293331    0.366322807    0.679171273
    6.366729730    0.354240633    0.354269246    0.708133975
    6.376738739    0.339935759    0.339963152    0.731786975
    6.386747748    0.324167804    0.324193467    0.741828549
    6.396756757    0.308682177    0.308705651    0.734077942
    6.406765766    0.295188524    0.295209715    0.709311415
    6.416774775    0.284681443    0.284700616    0.672212149
    6.426783784    0.277415058    0.277432846    0.629985359
    6.436792793    0.273003976    0.273021272    0.589216535
    6.446801802    0.270823205    0.270840609    0.553400434
    6.456810811    0.270629313    0.270646698    0.523676222
    6.466819820    0.272629123    0.272645903    0.500591888
    6.476828829    0.276830419    0.276846176    0.484660399
    6.486837838    0.282520754    0.282535558    0.476115373
    6.496846847    0.288560287    0.288574603    0.474633011
    6.506855856    0.294267165    0.294281468    0.478912039
    6.516864865    0.300043131    0.300057481    0.486487908
    6.526873874    0.307058360    0.307072357    0.494692694
    6.536882883    0.316335235    0.316348321    0.502149003
    6.546891892    0.328225635    0.328237370    0.508965161
    6.556900901    0.342513088    0.342523387    0.515433231
    6.566909910    0.358359457    0.358368926    0.521215663
    6.576918919    0.373744007    0.373753859    0.526318182
    6.586927928    0.385656148    0.385667312    0.532104178
    6.596936937    0.391811827    0.391824138    0.539994674
    6.606945946    0.391771817    0.391784514    0.549141253
    6.616954955    0.386040787    0.386053661    0.556142648
    6.626963964    0.375528217    0.375541603    0.557787474
    6.636972973    0.362569061    0.362582808    0.554595624
    6.646981982    0.350963525    0.350976654    0.550793468
    6.656990991    0.344213172    0.344224441    0.550515747
    6.667000000    0.344144925    0.344153374    0.554789201
    6.677009009    0.350800212    0.350805404    0.561201355
    6.687018018    0.362653690    0.362656005    0.565454506
    6.697027027    0.376532112    0.376533118    0.564314446
    6.707036036    0.387947778    0.387949895    0.557910887
    6.717045045    0.392795023    0.392800290    0.548520620
    6.727054054    0.389508155    0.389517328    0.537526748
    6.737063063    0.379882849    0.379895424    0.525239021
    6.747072072    0.367900952    0.367915553    0.513260517
    6.757081081    0.357324077    0.357339117    0.504795536
    6.767090090    0.349794493    0.349808901    0.502325041
    6.777099099    0.344563246    0.344576626    0.506140509
    6.787108108    0.339874305    0.339886342    0.514892134
    6.797117117    0.334969739    0.334979588    0.526547224
    6.807126126    0.330681165    0.330687774    0.539061476
    6.817135135    0.328178256    0.328181264    0.551345062
    6.827144144    0.327793133    0.327793161    0.563750073
    6.837153153    0.329138240    0.329136293    0.577215234
    6.847162162    0.331836681    0.331833425    0.592141169
    6.857171171    0.335919458    0.335914950    0.608018162
    6.867180180    0.341726910    0.341720770    0.623569648
    6.877189189    0.349428088    0.349420036    0.636997638
    6.887198198    0.358459452    0.358449844    0.646232986
    6.897207207    0.367573215    0.367562959    0.649665423
    6.907216216    0.375489877    0.375479819    0.647198621
    6.917225225    0.381424898    0.381415363    0.640716988
    6.927234234    0.385656632    0.385647402    0.633482414
    6.937243243    0.389907744    0.389898416    0.627933899
    6.947252252    0.396393793    0.396384250    0.623303707
    6.957261261    0.406287900    0.406278302    0.615977639
    6.967270270    0.419185108    0.419175299    0.603282795
    6.977279279    0.433865504    0.433854682    0.586913931
    6.987288288    0.449547109    0.449534483    0.571443603
    6.997297297    0.466047379    0.466033022    0.560204691
    7.007306306    0.482321014    0.482305815    0.553897707
    7.017315315    0.495241628    0.495226748    0.552249893
    7.027324324    0.500889110    0.500875699    0.555623308
    7.037333333    0.497733642    0.497722570    0.565051443
    7.047342342    0.487868459    0.487860058    0.581170120
    7.057351351    0.474579125    0.474572996    0.602969611
    7.067360360    0.459999791    0.459994532    0.627877449
    7.077369369    0.445535461    0.445528836    0.654038199
    7.087378378    0.432800406    0.432790272    0.682775875
    7.097387387    0.423097837    0.423082746    0.717900758
    7.107396396    0.416583064    0.416561752    0.761846589
    7.117405405    0.412556630    0.412526855    0.811515180
    7.127414414    0.410951513    0.410909282    0.856842793
    7.137423423    0.413390225    0.413330323    0.884415817
    7.147432432    0.422349609    0.422267040    0.885304903
    7.157441441    0.439446245    0.439337613    0.861481099
    7.167450450    0.464384025    0.464248469    0.824678996
    7.177459459    0.494956302    0.494795776    0.788323216
    7.187468468    0.528065663    0.527884180    0.760616041
    7.197477477    0.561150467    0.560952751    0.743889244
    7.207486486    0.593009781    0.592800092    0.737730452
    7.217495495    0.623748803    0.623530217    0.741719420
    7.227504505    0.654190422    0.653964821    0.756249099
    7.237513514    0.685541477    0.685310301    0.782219700
    7.247522523    0.718816078    0.718582362    0.820252601
    7.257531532    0.752388105    0.752159760    0.869701454
    7.267540541    0.780045949    0.779836254    0.928648657
    7.277549550    0.794046237    0.793867696    0.995143408
    7.287558559    0.791117426    0.790974042    1.067425985
    7.297567568    0.774150016    0.774036546    1.142998569
    7.307576577    0.748395115    0.748301680    1.220084502
    7.317585586    0.718327710    0.718242600    1.301029755
    7.327594595    0.688231426    0.688141405    1.391568529
    7.337603604    0.663340629    0.663232570    1.495223342
    7.347612613    0.648973864    0.648837379    1.609220702
    7.357621622    0.649142754    0.648971053    1.722004047
    7.367630631    0.666041247    0.665831181    1.809101835
    7.377639640    0.699420651    0.699175135    1.837680734
    7.387648649    0.744997583    0.744731341    1.789067169
    7.397657658    0.792995732    0.792739526    1.676908853
    7.407666667    0.829597442    0.829390422    1.536292745
    7.417675676    0.843065992    0.842932806    1.400463056
    7.427684685    0.831197175    0.831129106    1.289294588
    7.437693694    0.802808699    0.802771950    1.209801787
    7.447702703    0.770777567    0.770737653    1.160805160
    7.457711712    0.744062361    0.743997207    1.137899190
    7.467720721    0.725995231    0.725893656    1.137165971
    7.477729730    0.717117266    0.716973811    1.155752981
    7.487738739    0.717353832    0.717165239    1.190036253
    7.497747748    0.726320432    0.726083977    1.234780440
    7.507756757    0.743190495    0.742904103    1.283429097
    7.517765766    0.766027365    0.765691399    1.327217250
    7.527774775    0.790698887    0.790317814    1.356212762
    7.537783784    0.811576801    0.811157340    1.366577520
    7.547792793    0.825082957    0.824627623    1.367112697
    7.557801802    0.833325791    0.832827002    1.375334472
    7.567810811    0.843479231    0.842921210    1.407401357
    7.577819820    0.862933842    0.862302696    1.471997466
    7.587828829    0.894950332    0.894248299    1.569438384
    7.597837838    0.937124693    0.936386103    1.691649534
    7.607846847    0.981601367    0.980904522    1.821436721
    7.617855856    1.016819308    1.016279760    1.935535618
    7.627864865    1.031698263    1.031431373    2.014750550
    7.637873874    1.021732172    1.021801989    2.053873696
    7.647882883    0.992947962    0.993351753    2.064284712
    7.657891892    0.958380109    0.959084945    2.069802739
    7.667900901    0.929368612    0.930345281    2.097399329
    7.677909910    0.909936667    0.911147596    2.168677195
    7.687918919    0.897394019    0.898765663    2.295652931
    7.697927928    0.887055408    0.888489410    2.477388241
    7.707936937    0.877581039    0.879000745    2.695728978
    7.717945946    0.872472099    0.873850452    2.914782105
    7.727954955    0.876371716    0.877717923    3.094837203
    7.737963964    0.890546037    0.891876745    3.220589808
    7.747972973    0.911769811    0.913090630    3.313154506
    7.757981982    0.934182748    0.935484786    3.407730547
    7.767990991    0.951875882    0.953141824    3.529668594
    7.778000000    0.961961458    0.963176662    3.692494772
    7.788009009    0.966718619    0.967879920    3.897899637
    7.798018018    0.972096786    0.973212483    4.123460683
    7.808027027    0.984043631    0.985127470    4.316977807
    7.818036036    1.005273161    1.006336477    4.423170054
    7.828045045    1.033030314    1.034074053    4.431340142
    7.838054054    1.059001935    1.060012968    4.386190331
    7.848063063    1.072784077    1.073740466    4.344418216
    7.858072072    1.066807934    1.067690657    4.334973325
    7.868081081    1.040310689    1.041114861    4.357913347
    7.878090090    1.001110806    1.001849151    4.399947053
    7.888099099    0.961990916    0.962686993    4.442589557
    7.898108108    0.934048791    0.934727916    4.462703011
    7.908117117    0.923561574    0.924246475    4.430873684
    7.918126126    0.932811902    0.933522041    4.312818809
    7.928135135    0.961205251    0.961956231    4.090097252
    7.938144144    1.004989527    1.005790849    3.787144668
    7.948153153    1.057269106    1.058122056    3.459021623
    7.958162162    1.111052689    1.111952591    3.149177078
    7.968171171    1.163963352    1.164905810    2.869795262
    7.978180180    1.218098687    1.219081813    2.615325767
    7.988189189    1.273713910    1.274732446    2.379747164
    7.998198198    1.324707113    1.325745892    2.158910053
    8.008207207    1.361998306    1.363035144    1.948821089
    8.018216216    1.382129969    1.383148142    1.749835128
    8.028225225    1.392118546    1.393116520    1.568886352
    8.038234234    1.404230685    1.405219339    1.414422579
    8.048243243    1.426427805    1.427420196    1.290436720
    8.058252252    1.458018755    1.459022038    1.194893243
    8.068261261    1.492652368    1.493666859    1.121624969
    8.078270270    1.525976677    1.527002040    1.064070001
    8.088279279    1.561506029    1.562547706    1.019197752
    8.098288288    1.607640429    1.608708451    0.988267139
    8.108297297    1.669283422    1.670385724    0.973665472
    8.118306306    1.744583269    1.745722711    0.975220329
    8.128315315    1.830930835    1.832111482    0.988486847
    8.138324324    1.933352305    1.934589746    1.006120959
    8.148333333    2.064854142    2.066182336    1.023050559
    8.158342342    2.238577844    2.240055385    1.041586070
    8.168351351    2.459242973    2.460963347    1.069893465
    8.178360360    2.717006799    2.719102452    1.115093470
    8.188369369    2.984796678    2.987405295    1.177405296
    8.198378378    3.225619079    3.228796506    1.247954603
    8.208387387    3.413825892    3.417487046    1.311699872
    8.218396396    3.554184457    3.558171361    1.356151804
    8.228405405    3.676148235    3.680344161    1.380032289
    8.238414414    3.810472891    3.814836851    1.393886367
    8.248423423    3.977351532    3.981898140    1.411681644
    8.258432432    4.190456762    4.195232249    1.440571390
    8.268441441    4.455677803    4.460724231    1.476270202
    8.278450450    4.763003859    4.768318187    1.503365657
    8.288459459    5.087182792    5.092698254    1.500664363
    8.298468468    5.396215026    5.401806360    1.455740263
    8.308477477    5.663954196    5.669467862    1.377283771
    8.318486486    5.892622166    5.897938669    1.287925789
    8.328495495    6.122695677    6.127767673    1.206122698
    8.338504505    6.400211964    6.405015775    1.135353103
    8.348513514    6.727113421    6.731551322    1.065363652
    8.358522523    7.037252199    7.041105440    0.983162608
    8.368531532    7.221042916    7.224073034    0.885762942
    8.378540541    7.208374881    7.210541409    0.782003621
    8.388549550    7.046172956    7.047717824    0.683461616
    8.398558559    6.873682482    6.874966818    0.596933746
    8.408567568    6.831733647    6.833047878    0.523762564
    8.418576577    7.007904874    7.009400470    0.462510544
    8.428585586    7.428010402    7.429684616    0.411314827
    8.438594595    8.049098538    8.050746659    0.368707260
    8.448603604    8.734638728    8.735795168    0.333491366
    8.458612613    9.248391133    9.248426009    0.304572184
    8.468621622    9.343943005    9.342460975    0.280966675
    8.478630631    8.938598439    8.935826578    0.261864360
    8.488639640    8.181821852    8.178451927    0.246656618
    8.498648649    7.322535141    7.319223467    0.234932398
    8.508657658    6.549963466    6.547067514    0.226452664
    8.518666667    5.947247864    5.944869540    0.221099674
    8.528675676    5.522801003    5.520915174    0.218771341
    8.538684685    5.256356734    5.254901522    0.219167656
    8.548693694    5.132484307    5.131399624    0.221448370
    8.558702703    5.148075486    5.147309849    0.223955832
    8.568711712    5.296061292    5.295567453    0.224552473
    8.578720721    5.546517154    5.546248661    0.221808779
    8.588729730    5.845653606    5.845569460    0.215827583
    8.598738739    6.136028868    6.136106978    0.207504262
    8.608747748    6.370263824    6.370509386    0.197487199
    8.618756757    6.498024355    6.498459532    0.186347481
    8.628765766    6.466488910    6.467128024    0.175103682
    8.638774775    6.252246176    6.253068873    0.164966344
    8.648783784    5.872132260    5.873069770    0.156805205
    8.658792793    5.370713334    5.371664989    0.151031751
    8.668801802    4.817789365    4.818666827    0.147790562
    8.678810811    4.293660478    4.294424167    0.147160474
    8.688819820    3.858808954    3.859470850    0.149252468
    8.698828829    3.540057227    3.540661060    0.154193301
    8.708837838    3.335741955    3.336337290    0.161984793
    8.718846847    3.222386361    3.222995086    0.172230035
    8.728855856    3.157054647    3.157617501    0.183782153
    8.738864865    3.085658991    3.085965519    0.194448765
    8.748873874    2.967117968    2.966769854    0.201014057
    8.758882883    2.797215130    2.795683278    0.200277523
    8.768891892    2.604613528    2.601359106    0.191264629
    8.778900901    2.424545475    2.419114634    0.176287751
    8.788909910    2.275671920    2.267755683    0.159135678
    8.798918919    2.151653918    2.141207181    0.142687822
    8.808927928    2.027709418    2.015173704    0.128226852
    8.818936937    1.880244476    1.866661561    0.115997857
    8.828945946    1.706199925    1.692892511    0.105852943
    8.838954955    1.522027377    1.510025821    0.097547360
    8.848963964    1.347097174    1.336860269    0.090817250
    8.858972973    1.192919712    1.184450969    0.085410696
    8.868981982    1.063132730    1.056211807    0.081112956
    8.878990991    0.956962060    0.951308406    0.077760039
    8.889000000    0.871879332    0.867229944    0.075241405
    8.899009009    0.805088250    0.801223075    0.073497603
    8.909018018    0.754245513    0.750988957    0.072516695
    8.919027027    0.717725137    0.714939167    0.072329548
    8.929036036    0.694620474    0.692196174    0.072999239
    8.939045045    0.684541175    0.682391359    0.074592170
    8.949054054    0.687101055    0.685154882    0.077107889
    8.959063063    0.700860699    0.699060926    0.080343122
    8.969072072    0.721617731    0.719921168    0.083717805
    8.979081081    0.740826236    0.739207176    0.086242468
    8.989090090    0.746505353    0.744959590    0.086897038
    8.999099099    0.728775960    0.727319910    0.085319047
    9.009108108    0.686961048    0.685620624    0.082122457
    9.019117117    0.630228585    0.629022330    0.078448546
    9.029126126    0.570466554    0.569396630    0.075252267
    9.039135135    0.515699317    0.514754653    0.072927339
    9.049144144    0.468745712    0.467909810    0.071275703
    9.059153153    0.428895271    0.428152147    0.069644948
    9.069162162    0.394079402    0.393416038    0.067284735
    9.079171171    0.362658371    0.362064459    0.063873601
    9.089180180    0.334134670    0.333601417    0.059726106
    9.099189189    0.308661980    0.308181419    0.055441549
    9.109198198    0.286333796    0.285898767    0.051477916
    9.119207207    0.266955830    0.266560114    0.048030669
    9.129216216    0.250151892    0.249790226    0.045114337
    9.139225225    0.235505798    0.235173792    0.042664262
    9.149234234    0.222639192    0.222333189    0.040596835
    9.159243243    0.211236462    0.210953405    0.038834826
    9.169252252    0.201044026    0.200781346    0.037314687
    9.179261261    0.191860869    0.191616385    0.035986576
    9.189270270    0.183527816    0.183299667    0.034812128
    9.199279279    0.175918161    0.175704742    0.033761945
    9.209288288    0.168930189    0.168730112    0.032813428
    9.219297297    0.162481446    0.162293497    0.031949087
    9.229306306    0.156504404    0.156327520    0.031155258
    9.239315315    0.150943198    0.150776439    0.030421163
    9.249324324    0.145751163    0.145593697    0.029738208
    9.259333333    0.140888959    0.140740045    0.029099472
    9.269342342    0.136323137    0.136182112    0.028499324
    9.279351351    0.132025027    0.131891296    0.027933140
    9.289360360    0.127969878    0.127842905    0.027397084
    9.299369369    0.124136170    0.124015471    0.026887948
    9.309378378    0.120505079    0.120390216    0.026403027
    9.319387387    0.117060042    0.116950616    0.025940020
    9.329396396    0.113786404    0.113682054    0.025496958
    9.339405405    0.110671140    0.110571533    0.025072140
    9.349414414    0.107702614    0.107607448    0.024664092
    9.359423423    0.104870391    0.104779387    0.024271523
    9.369432432    0.102165072    0.102077976    0.023893302
    9.379441441    0.099578167    0.099494743    0.023528426
    9.389450450    0.097101972    0.097022005    0.023176006
    9.399459459    0.094729483    0.094652771    0.022835247
    9.409468468    0.092454306    0.092380666    0.022505438
    9.419477477    0.090270594    0.090199853    0.022185935
    9.429486486    0.088172983    0.088104982    0.021876160
    9.439495495    0.086156539    0.086091130    0.021575583
    9.449504505    0.084216718    0.084153763    0.021283726
    9.459513514    0.082349321    0.082288693    0.021000149
    9.469522523    0.080550465    0.080492043    0.020724449
    9.479531532    0.078816547    0.078760221    0.020456255
    9.489540541    0.077144223    0.077089888    0.020195224
    9.499549550    0.075530382    0.075477939    0.019941041
    9.509558559    0.073972124    0.073921483    0.019693411
    9.519567568    0.072466744    0.072417818    0.019452061
    9.529576577    0.071011713    0.070964422    0.019216737
    9.539585586    0.069604665    0.069558933    0.018987201
    9.549594595    0.068243383    0.068199139    0.018763231
    9.559603604    0.066925788    0.066882965    0.018544618
    9.569612613    0.065649926    0.065608460    0.018331166
    9.579621622    0.064413960    0.064373792    0.018122692
    9.589630631    0.063216162    0.063177235    0.017919022
    9.599639640    0.062054902    0.062017163    0.017719991
    9.609648649    0.060928644    0.060892044    0.017525446
    9.619657658    0.059835938    0.059800428    0.017335240
    9.629666667    0.058775413    0.058740949    0.017149234
    9.639675676    0.057745774    0.057712313    0.016967297
    9.649684685    0.056745795    0.056713296    0.016789304
    9.659693694    0.055774313    0.055742738    0.016615137
    9.669702703    0.054830227    0.054799540    0.016444682
    9.679711712    0.053912494    0.053882660    0.016277833
    9.689720721    0.053020121    0.052991107    0.016114486
    9.699729730    0.052152168    0.052123943    0.015954545
    9.709738739    0.051307739    0.051280274    0.015797917
    9.719747748    0.050485984    0.050459250    0.015644511
    9.729756757    0.049686093    0.049660062    0.015494244
    9.739765766    0.048907294    0.048881942    0.015347034
    9.749774775    0.048148854    0.048124156    0.015202803
    9.759783784    0.047410073    0.047386005    0.015061477
    9.769792793    0.046690283    0.046666824    0.014922985
    9.779801802    0.045988849    0.045965976    0.014787258
    9.789810811    0.045305163    0.045282856    0.014654231
    9.799819820    0.044638644    0.044616885    0.014523841
    9.809828829    0.043988740    0.043967509    0.014396029
    9.819837838    0.043354922    0.043334201    0.014270736
    9.829846847    0.042736683    0.042716456    0.014147908
    9.839855856    0.042133542    0.042113792    0.014027492
    9.849864865    0.041545036    0.041525748    0.013909436
    9.859873874    0.040970724    0.040951882    0.013793691
    9.869882883    0.040410182    0.040391772    0.013680213
    9.879891892    0.039863008    0.039845016    0.013568954
    9.889900901    0.039328814    0.039311228    0.013459873
    9.899909910    0.038807231    0.038790038    0.013352929
    9.909918919    0.038297906    0.038281092    0.013248082
    9.919927928    0.037800500    0.037784054    0.013145295
    9.929936937    0.037314689    0.037298600    0.013044531
    9.939945946    0.036840164    0.036824422    0.012945757
    9.949954955    0.036376630    0.036361224    0.012848939
    9.959963964    0.035923805    0.035908724    0.012754047
    9.969972973    0.035481418    0.035466653    0.012661051
    9.979981982    0.035049212    0.035034754    0.012569922
    9.989990991    0.034626942    0.034612782    0.012480635
   10.000000000    0.034214375    0.034200504    0.012393164
