# energy grid [eV]  eels components [arbitrary units]
#
    0.001000000    0.000000000    0.000000000    0.000000000
    0.011009009    0.000000792    0.000000792    0.000009693
    0.021018018    0.000023433    0.000023430    0.005892510
    0.031027027    0.000215093    0.000215058    0.000374719
    0.041036036    0.001323633    0.001323351    0.000303108
    0.051045045    0.007242216    0.007239960    0.000314474
    0.061054054    0.033865091    0.033851511    0.000347831
    0.071063063    0.057459625    0.057452562    0.000392701
    0.081072072    0.044507894    0.044510226    0.000446585
    0.091081081    0.035621858    0.035624842    0.000509407
    0.101090090    0.032030082    0.032032906    0.000582279
    0.111099099    0.031268126    0.031270927    0.000667204
    0.121108108    0.032274707    0.032277694    0.000767107
    0.131117117    0.034683852    0.034687248    0.000886017
    0.141126126    0.038459200    0.038463268    0.001029367
    0.151135135    0.043747495    0.043752559    0.001204366
    0.161144144    0.050781829    0.050788277    0.001420352
    0.171153153    0.059718867    0.059727073    0.001688803
    0.181162162    0.070304125    0.070314226    0.002022230
    0.191171171    0.081419508    0.081431042    0.002430179
    0.201180180    0.091110928    0.091122743    0.002909257
    0.211189189    0.097900046    0.097910976    0.003424621
    0.221198198    0.102396325    0.102406036    0.003889768
    0.231207207    0.106990591    0.106999577    0.004174620
    0.241216216    0.114267025    0.114276090    0.004174817
    0.251225225    0.126228232    0.126238191    0.003897057
    0.261234234    0.144439564    0.144451180    0.003453254
    0.271243243    0.170175038    0.170188887    0.002971587
    0.281252252    0.203845604    0.203861549    0.002533000
    0.291261261    0.243097101    0.243113065    0.002167962
    0.301270270    0.279752004    0.279762596    0.001877597
    0.311279279    0.299448120    0.299446140    0.001651492
    0.321288288    0.290605673    0.290588532    0.001476946
    0.331297297    0.256440731    0.256413934    0.001342546
    0.341306306    0.211600429    0.211571989    0.001239087
    0.351315315    0.168787836    0.168762622    0.001159473
    0.361324324    0.133423167    0.133402601    0.001098335
    0.371333333    0.106023702    0.106007475    0.001051634
    0.381342342    0.085279149    0.085266444    0.001016323
    0.391351351    0.069613881    0.069603888    0.000990094
    0.401360360    0.057699642    0.057691704    0.000971186
    0.411369369    0.048535051    0.048528668    0.000958241
    0.421378378    0.041395368    0.041390172    0.000950210
    0.431387387    0.035762258    0.035757976    0.000946269
    0.441396396    0.031264450    0.031260883    0.000945769
    0.451405405    0.027633913    0.027630910    0.000948199
    0.461414414    0.024675054    0.024672503    0.000953146
    0.471423423    0.022243442    0.022241257    0.000960284
    0.481432432    0.020231148    0.020229263    0.000969348
    0.491441441    0.018556601    0.018554963    0.000980125
    0.501450450    0.017157503    0.017156072    0.000992445
    0.511459459    0.015985846    0.015984589    0.001006169
    0.521468468    0.015004355    0.015003246    0.001021191
    0.531477477    0.014183947    0.014182963    0.001037423
    0.541486486    0.013501882    0.013501006    0.001054802
    0.551495495    0.012940434    0.012939651    0.001073281
    0.561504505    0.012485922    0.012485220    0.001092830
    0.571513514    0.012128024    0.012127391    0.001113432
    0.581522523    0.011859290    0.011858716    0.001135086
    0.591531532    0.011674797    0.011674273    0.001157808
    0.601540541    0.011571858    0.011571376    0.001181627
    0.611549550    0.011549615    0.011549166    0.001206589
    0.621558559    0.011608193    0.011607767    0.001232762
    0.631567568    0.011746867    0.011746459    0.001260238
    0.641576577    0.011960903    0.011960508    0.001289137
    0.651585586    0.012238477    0.012238099    0.001319618
    0.661594595    0.012563100    0.012562757    0.001351884
    0.671603604    0.012926434    0.012926154    0.001386197
    0.681612613    0.013342247    0.013342060    0.001422877
    0.691621622    0.013844131    0.013844060    0.001462298
    0.701630631    0.014470959    0.014471018    0.001504842
    0.711639640    0.015258249    0.015258451    0.001550774
    0.721648649    0.016239819    0.016240176    0.001600033
    0.731657658    0.017453873    0.017454406    0.001651948
    0.741666667    0.018949642    0.018950378    0.001704963
    0.751675676    0.020793583    0.020794561    0.001756606
    0.761684685    0.023075309    0.023076583    0.001804385
    0.771693694    0.025914597    0.025916240    0.001847790
    0.781702703    0.029470513    0.029472628    0.001889258
    0.791711712    0.033951714    0.033954432    0.001932637
    0.801720721    0.039623608    0.039627097    0.001981164
    0.811729730    0.046800391    0.046804836    0.002036863
    0.821738739    0.055792545    0.055798102    0.002101000
    0.831747748    0.066749376    0.066756036    0.002174657
    0.841756757    0.079309741    0.079317070    0.002259126
    0.851765766    0.092057172    0.092063989    0.002356124
    0.861774775    0.102187222    0.102191634    0.002467905
    0.871783784    0.106368092    0.106368450    0.002597357
    0.881792793    0.103015210    0.103011453    0.002748159
    0.891801802    0.093703018    0.093696704    0.002925006
    0.901810811    0.081785133    0.081778121    0.003133393
    0.911819820    0.070109665    0.070103128    0.003377866
    0.921828829    0.060117502    0.060111865    0.003657762
    0.931837838    0.052135016    0.052130262    0.003960882
    0.941846847    0.045902130    0.045898073    0.004260042
    0.951855856    0.040961201    0.040957652    0.004523472
    0.961864865    0.036922514    0.036919375    0.004740314
    0.971873874    0.033596027    0.033593276    0.004933597
    0.981882883    0.030947384    0.030945013    0.005138635
    0.991891892    0.028982072    0.028980042    0.005370564
    1.001900901    0.027687683    0.027685928    0.005613728
    1.011909910    0.027040218    0.027038660    0.005839242
    1.021918919    0.027025136    0.027023704    0.006031628
    1.031927928    0.027641951    0.027640584    0.006197501
    1.041936937    0.028881505    0.028880163    0.006358965
    1.051945946    0.030668038    0.030666721    0.006547629
    1.061954955    0.032763217    0.032761994    0.006796248
    1.071963964    0.034687316    0.034686339    0.007131671
    1.081972973    0.035822800    0.035822250    0.007574454
    1.091981982    0.035796558    0.035796522    0.008133366
    1.101990991    0.034803228    0.034803656    0.008787810
    1.112000000    0.033439206    0.033439981    0.009469731
    1.122009009    0.032282582    0.032283623    0.010071931
    1.132018018    0.031689509    0.031690804    0.010500175
    1.142027027    0.031836718    0.031838322    0.010733367
    1.152036036    0.032823181    0.032825203    0.010834251
    1.162045045    0.034738779    0.034741365    0.010913617
    1.172054054    0.037697925    0.037701247    0.011080119
    1.182063063    0.041842911    0.041847132    0.011385279
    1.192072072    0.047293733    0.047298944    0.011778880
    1.202081081    0.054000286    0.054006361    0.012106680
    1.212090090    0.061467085    0.061473456    0.012190789
    1.222099099    0.068451729    0.068457223    0.011969352
    1.232108108    0.073069022    0.073072215    0.011551499
    1.242117117    0.073791698    0.073791889    0.011121398
    1.252126126    0.070714525    0.070712352    0.010824257
    1.262135135    0.065499079    0.065495933    0.010736050
    1.272144144    0.060066934    0.060064034    0.010888022
    1.282153153    0.055633616    0.055631695    0.011296448
    1.292162162    0.052637758    0.052637191    0.011981119
    1.302171171    0.051066673    0.051067599    0.012974040
    1.312180180    0.050732469    0.050734757    0.014321762
    1.322189189    0.051324143    0.051327286    0.016081579
    1.332198198    0.052308873    0.052311970    0.018306697
    1.342207207    0.052983244    0.052985308    0.021007727
    1.352216216    0.052850398    0.052850960    0.024075524
    1.362225225    0.051952372    0.051951784    0.027188680
    1.372234234    0.050699575    0.050698662    0.029832617
    1.382243243    0.049491153    0.049490670    0.031575654
    1.392252252    0.048590656    0.048590961    0.032407505
    1.402261261    0.048147302    0.048148326    0.032659443
    1.412270270    0.048178006    0.048179449    0.032554459
    1.422279279    0.048630877    0.048632501    0.031987938
    1.432288288    0.049560758    0.049562573    0.030796613
    1.442297297    0.051166758    0.051168951    0.029117914
    1.452306306    0.053588182    0.053590860    0.027353942
    1.462315315    0.056655369    0.056658339    0.025871827
    1.472324324    0.059788105    0.059790842    0.024855089
    1.482333333    0.062195638    0.062197565    0.024362217
    1.492342342    0.063395244    0.063396156    0.024399893
    1.502351351    0.063583828    0.063584007    0.024900092
    1.512360360    0.063405580    0.063405506    0.025644263
    1.522369369    0.063409005    0.063409052    0.026249087
    1.532378378    0.063760274    0.063760632    0.026336081
    1.542387387    0.064360133    0.064360860    0.025821967
    1.552396396    0.065077299    0.065078376    0.024995821
    1.562405405    0.065864425    0.065865820    0.024277034
    1.572414414    0.066736002    0.066737658    0.023970239
    1.582423423    0.067539499    0.067541154    0.024217717
    1.592432432    0.067744864    0.067746023    0.025068112
    1.602441441    0.066757563    0.066757869    0.026526297
    1.612450450    0.064585974    0.064585594    0.028509573
    1.622459459    0.061980086    0.061979583    0.030730431
    1.632468468    0.059885332    0.059885270    0.032635441
    1.642477477    0.058965417    0.058966157    0.033599718
    1.652486486    0.059525248    0.059526939    0.033370162
    1.662495495    0.061574202    0.061576805    0.032289127
    1.672504505    0.064803486    0.064806747    0.030997393
    1.682513514    0.068495486    0.068498887    0.030034897
    1.692522523    0.071605628    0.071608495    0.029727754
    1.702531532    0.073286635    0.073288492    0.030253821
    1.712540541    0.073554154    0.073555025    0.031688206
    1.722549550    0.073289715    0.073290015    0.033974242
    1.732558559    0.073579424    0.073579656    0.036833225
    1.742567568    0.075164202    0.075164781    0.039675459
    1.752576577    0.078314413    0.078315630    0.041666971
    1.762585586    0.082913466    0.082915439    0.042086227
    1.772594595    0.088514798    0.088517422    0.040808571
    1.782603604    0.094306541    0.094309419    0.038432012
    1.792612613    0.099154268    0.099156768    0.035848949
    1.802621622    0.102112286    0.102113871    0.033743485
    1.812630631    0.103245203    0.103245790    0.032425193
    1.822639640    0.103702276    0.103702159    0.031899806
    1.832648649    0.104777577    0.104777066    0.031978349
    1.842657658    0.106986745    0.106985983    0.032387531
    1.852666667    0.109900798    0.109899875    0.032896230
    1.862675676    0.112709297    0.112708475    0.033389478
    1.872684685    0.114987787    0.114987502    0.033818820
    1.882693694    0.116826355    0.116826855    0.034114197
    1.892702703    0.118183465    0.118184490    0.034232743
    1.902711712    0.118557676    0.118558646    0.034300110
    1.912720721    0.117686413    0.117687013    0.034596481
    1.922729730    0.116318367    0.116318817    0.035372251
    1.932738739    0.115928489    0.115929298    0.036688905
    1.942747748    0.117875196    0.117876839    0.038383223
    1.952756757    0.122951642    0.122954422    0.040159067
    1.962765766    0.131317748    0.131321743    0.041782443
    1.972774775    0.142405445    0.142410416    0.043289566
    1.982783784    0.154780367    0.154785602    0.045034822
    1.992792793    0.166458855    0.166463211    0.047494165
    2.002801802    0.176001495    0.176003953    0.051010963
    2.012810811    0.183475577    0.183476084    0.055687986
    2.022819820    0.190232925    0.190232552    0.061385833
    2.032828829    0.198071184    0.198071348    0.067663244
    2.042837838    0.208576950    0.208578621    0.073644171
    2.052846847    0.222711727    0.222715219    0.078080017
    2.062855856    0.240620046    0.240625188    0.079861979
    2.072864865    0.261615202    0.261621583    0.078715406
    2.082873874    0.284286286    0.284293337    0.075368991
    2.092882883    0.306716671    0.306723474    0.071017825
    2.102891892    0.326755653    0.326761067    0.066629181
    2.112900901    0.341820953    0.341824581    0.062667012
    2.122909910    0.348524637    0.348527405    0.059292042
    2.132918919    0.343787870    0.343790991    0.056578459
    2.142927928    0.327042619    0.327046305    0.054505490
    2.152936937    0.301216358    0.301220079    0.052945482
    2.162945946    0.271487530    0.271490880    0.051751712
    2.172954955    0.242512236    0.242515020    0.050759341
    2.182963964    0.216462719    0.216464666    0.049690259
    2.192972973    0.193425736    0.193426512    0.048264365
    2.202981982    0.173096717    0.173096147    0.046515827
    2.212990991    0.155723334    0.155721453    0.044853818
    2.223000000    0.141759897    0.141756824    0.043762676
    2.233009009    0.131283867    0.131279731    0.043529847
    2.243018018    0.123862325    0.123857297    0.044183877
    2.253027027    0.118786807    0.118781113    0.045537126
    2.263036036    0.115477458    0.115471262    0.047260955
    2.273045045    0.113766212    0.113759459    0.049030752
    2.283054054    0.113782867    0.113775211    0.050719537
    2.293063063    0.115641640    0.115632471    0.052462240
    2.303072072    0.119328110    0.119316714    0.054527265
    2.313081081    0.124786673    0.124772621    0.057148197
    2.323090090    0.131890502    0.131874129    0.060406057
    2.333099099    0.140257221    0.140239772    0.064187959
    2.343108108    0.149270693    0.149253897    0.068253548
    2.353117117    0.158362929    0.158348395    0.072388066
    2.363126126    0.167250654    0.167239506    0.076591657
    2.373135135    0.176028351    0.176020992    0.081087150
    2.383144144    0.184983176    0.184979258    0.085978113
    2.393153153    0.194117088    0.194115856    0.090819181
    2.403162162    0.202924906    0.202925727    0.094502035
    2.413171171    0.210838540    0.210841111    0.095750955
    2.423180180    0.217809456    0.217813520    0.093988389
    2.433189189    0.224121283    0.224126314    0.089669474
    2.443198198    0.229729057    0.229734207    0.083905560
    2.453207207    0.234122482    0.234126689    0.077975808
    2.463216216    0.236866974    0.236869312    0.072906875
    2.473225225    0.238191208    0.238191485    0.069189549
    2.483234234    0.238659072    0.238658000    0.066779885
    2.493243243    0.238002555    0.238001218    0.065328866
    2.503252252    0.234391224    0.234390433    0.064442779
    2.513261261    0.225299257    0.225299351    0.063825048
    2.523270270    0.209786634    0.209787628    0.063274080
    2.533279279    0.189719652    0.189721402    0.062642392
    2.543288288    0.168397015    0.168399239    0.061927694
    2.553297297    0.148529452    0.148531748    0.061385227
    2.563306306    0.131440866    0.131442850    0.061355235
    2.573315315    0.117329014    0.117330406    0.061941179
    2.583324324    0.105864642    0.105865256    0.062908025
    2.593333333    0.096686378    0.096686120    0.063806092
    2.603342342    0.089577138    0.089576014    0.064140980
    2.613351351    0.084374583    0.084372683    0.063636163
    2.623360360    0.080859692    0.080857176    0.062528728
    2.633369369    0.078760787    0.078757858    0.061491313
    2.643378378    0.077853566    0.077850386    0.061220538
    2.653387387    0.078053149    0.078049783    0.062153197
    2.663396396    0.079367471    0.079363955    0.064379677
    2.673405405    0.081745626    0.081742060    0.067587711
    2.683414414    0.085043844    0.085040308    0.071083399
    2.693423423    0.089189288    0.089185672    0.074080776
    2.703432432    0.094318057    0.094314076    0.076210399
    2.713441441    0.100673257    0.100668655    0.077762523
    2.723450450    0.108334639    0.108329356    0.079297768
    2.733459459    0.116924249    0.116918566    0.080997169
    2.743468468    0.125304774    0.125299495    0.082418250
    2.753477477    0.131489614    0.131485942    0.082878103
    2.763486486    0.133337880    0.133336681    0.082134559
    2.773495495    0.130052847    0.130053915    0.080744046
    2.783504505    0.123064605    0.123066843    0.079761524
    2.793513514    0.115057827    0.115060049    0.080118366
    2.803522523    0.108274724    0.108276147    0.082232483
    2.813531532    0.103748683    0.103748937    0.086000856
    2.823540541    0.101490144    0.101489110    0.091000923
    2.833549550    0.100940433    0.100938147    0.096641343
    2.843558559    0.101314111    0.101310814    0.102112333
    2.853567568    0.101727920    0.101724242    0.106348943
    2.863576577    0.101270195    0.101267145    0.108273937
    2.873585586    0.099337502    0.099335922    0.107318201
    2.883594595    0.096066039    0.096066018    0.103929469
    2.893603604    0.092169057    0.092170083    0.099391962
    2.903612613    0.088312921    0.088314370    0.094963789
    2.913621622    0.084848545    0.084849902    0.091318960
    2.923630631    0.081968524    0.081969426    0.088619494
    2.933639640    0.079859544    0.079859841    0.086773294
    2.943648649    0.078679549    0.078679365    0.085593048
    2.953657658    0.078458132    0.078457834    0.084861359
    2.963666667    0.079093441    0.079093452    0.084394618
    2.973675676    0.080455292    0.080455829    0.084103855
    2.983684685    0.082416987    0.082417928    0.083995118
    2.993693694    0.084748122    0.084749088    0.084148665
    3.003702703    0.087015904    0.087016510    0.084688377
    3.013711712    0.088628473    0.088628594    0.085653916
    3.023720721    0.089070958    0.089070736    0.086939081
    3.033729730    0.088186130    0.088185791    0.088405409
    3.043738739    0.086196534    0.086196267    0.089883407
    3.053747748    0.083519593    0.083519525    0.091036884
    3.063756757    0.080624933    0.080625127    0.091470551
    3.073765766    0.077961558    0.077962003    0.091104650
    3.083774775    0.075927356    0.075927942    0.090295109
    3.093783784    0.074820331    0.074820893    0.089551690
    3.103792793    0.074721732    0.074722136    0.089285775
    3.113801802    0.075384462    0.075384628    0.089654959
    3.123810811    0.076278614    0.076278490    0.090429354
    3.133819820    0.076854389    0.076853948    0.091103611
    3.143828829    0.076840322    0.076839599    0.091279848
    3.153837838    0.076325787    0.076324870    0.091012042
    3.163846847    0.075618344    0.075617312    0.090812399
    3.173855856    0.075053530    0.075052397    0.091328668
    3.183864865    0.074877664    0.074876383    0.093002528
    3.193873874    0.075247766    0.075246245    0.095949140
    3.203882883    0.076269537    0.076267667    0.100049403
    3.213891892    0.077932314    0.077930079    0.105083693
    3.223900901    0.080009946    0.080007526    0.110729836
    3.233909910    0.082087265    0.082085020    0.116395153
    3.243918919    0.083719742    0.083718022    0.121080545
    3.253927928    0.084596926    0.084595869    0.123581093
    3.263936937    0.084582469    0.084581972    0.122986542
    3.273945946    0.083693019    0.083692817    0.119170278
    3.283954955    0.082067619    0.082067385    0.112921686
    3.293963964    0.079948660    0.079948134    0.105575699
    3.303972973    0.077697247    0.077696392    0.098491317
    3.313981982    0.075694455    0.075693500    0.092664627
    3.323990991    0.074190977    0.074190267    0.088562086
    3.334000000    0.073321434    0.073321218    0.086225019
    3.344009009    0.073175988    0.073176322    0.085495627
    3.354018018    0.073736730    0.073737521    0.086177142
    3.364027027    0.074780567    0.074781628    0.088083225
    3.374036036    0.075946823    0.075947898    0.091029315
    3.384045045    0.076962246    0.076963058    0.094810471
    3.394054054    0.077819147    0.077819508    0.099177370
    3.404063063    0.078721082    0.078720933    0.103818144
    3.414072072    0.079854701    0.079854067    0.108363627
    3.424081081    0.081205852    0.081204782    0.112436210
    3.434090090    0.082520075    0.082518675    0.115637674
    3.444099099    0.083454176    0.083452676    0.117506576
    3.454108108    0.083878351    0.083877057    0.117786389
    3.464117117    0.084021628    0.084020749    0.116853340
    3.474126126    0.084298072    0.084297653    0.115614114
    3.484135135    0.085039851    0.085039833    0.114846122
    3.494144144    0.086344352    0.086344639    0.114695175
    3.504153153    0.088047869    0.088048345    0.114794269
    3.514162162    0.089771612    0.089772083    0.114749977
    3.524171171    0.091030867    0.091031041    0.114411696
    3.534180180    0.091465601    0.091465210    0.113788250
    3.544189189    0.091109165    0.091108109    0.113019498
    3.554198198    0.090366480    0.090364813    0.112505007
    3.564207207    0.089690521    0.089688363    0.112805338
    3.574216216    0.089366183    0.089363710    0.114288878
    3.584225225    0.089527021    0.089524499    0.116856459
    3.594234234    0.090233192    0.090230914    0.119948013
    3.604243243    0.091561962    0.091560143    0.122932633
    3.614252252    0.093625504    0.093624221    0.125565365
    3.624261261    0.096390870    0.096390090    0.127864333
    3.634270270    0.099478195    0.099477821    0.129579471
    3.644279279    0.102173817    0.102173724    0.130134282
    3.654288288    0.103703179    0.103703241    0.129169771
    3.664297297    0.103704194    0.103704340    0.126954863
    3.674306306    0.102523274    0.102523486    0.124153188
    3.684315315    0.100944805    0.100945043    0.121316167
    3.694324324    0.099686468    0.099686627    0.118754850
    3.704333333    0.099146043    0.099146002    0.116769543
    3.714342342    0.099446382    0.099446097    0.115808165
    3.724351351    0.100632637    0.100632176    0.116395390
    3.734360360    0.102791855    0.102791345    0.118899874
    3.744369369    0.106032517    0.106032071    0.123304821
    3.754378378    0.110454906    0.110454617    0.129132451
    3.764387387    0.116083650    0.116083617    0.135531339
    3.774396396    0.122696055    0.122696315    0.141501325
    3.784405405    0.129626089    0.129626489    0.146271388
    3.794414414    0.135760015    0.135760214    0.149773949
    3.804423423    0.139899918    0.139899587    0.152756102
    3.814432432    0.141259799    0.141258743    0.156135458
    3.824441441    0.139676849    0.139674974    0.160155574
    3.834450450    0.135573604    0.135570940    0.164201564
    3.844459459    0.129931156    0.129927951    0.167425039
    3.854468468    0.124098401    0.124095048    0.169618989
    3.864477477    0.119242620    0.119239461    0.171386588
    3.874486486    0.115851774    0.115848970    0.173264596
    3.884495495    0.113748031    0.113745566    0.174966333
    3.894504505    0.112500997    0.112498776    0.175786274
    3.904513514    0.111847467    0.111845459    0.175602437
    3.914522523    0.111821951    0.111820212    0.175261135
    3.924531532    0.112545014    0.112543576    0.176041945
    3.934540541    0.113926527    0.113925344    0.178909124
    3.944549550    0.115650851    0.115649962    0.184198587
    3.954558559    0.117531713    0.117531425    0.191797864
    3.964567568    0.119806396    0.119807213    0.201426757
    3.974576577    0.122950637    0.122952998    0.212595106
    3.984585586    0.127266162    0.127270260    0.224266647
    3.994594595    0.132711144    0.132716811    0.234788831
    4.004603604    0.139055799    0.139062460    0.242676746
    4.014612613    0.146102601    0.146109459    0.247810910
    4.024621622    0.153739830    0.153746244    0.251503866
    4.034630631    0.161825668    0.161831328    0.255315804
    4.044639640    0.170048229    0.170052995    0.260275598
    4.054648649    0.177937072    0.177940800    0.266782726
    4.064657658    0.184898952    0.184901564    0.274149053
    4.074666667    0.190221108    0.190222896    0.279895625
    4.084675676    0.193510736    0.193512731    0.280223409
    4.094684685    0.195409325    0.195413081    0.272291441
    4.104693694    0.197370018    0.197376543    0.256480884
    4.114702703    0.200408048    0.200416819    0.236261499
    4.124711712    0.204067757    0.204076683    0.215892679
    4.134720721    0.206522178    0.206528661    0.198445549
    4.144729730    0.206056396    0.206058934    0.185454620
    4.154738739    0.202764477    0.202763424    0.177383303
    4.164747748    0.198439857    0.198436720    0.174073771
    4.174756757    0.194990872    0.194987240    0.175077335
    4.184765766    0.193403996    0.193400922    0.179726312
    4.194774775    0.193665515    0.193663361    0.186837302
    4.204783784    0.195054198    0.195052905    0.194501034
    4.214792793    0.196566250    0.196565715    0.200552250
    4.224801802    0.197239739    0.197239919    0.203470030
    4.234810811    0.196296091    0.196296890    0.202678374
    4.244819820    0.193299159    0.193300339    0.198179294
    4.254828829    0.188404708    0.188406009    0.190593502
    4.264837838    0.182450434    0.182451757    0.181408930
    4.274846847    0.176647362    0.176648892    0.172382301
    4.284855856    0.172085207    0.172087341    0.164541119
    4.294864865    0.169367361    0.169370433    0.157862382
    4.304873874    0.168450374    0.168454359    0.151736921
    4.314882883    0.168640905    0.168645276    0.145659524
    4.324891892    0.168956138    0.168960119    0.139653449
    4.334900901    0.168862446    0.168865572    0.134176769
    4.344909910    0.168635934    0.168638339    0.129705489
    4.354918919    0.168921059    0.168923246    0.126490593
    4.364927928    0.170159197    0.170161673    0.124601599
    4.374936937    0.172474539    0.172477702    0.123973573
    4.384945946    0.175993572    0.175997794    0.124385488
    4.394954955    0.181168972    0.181174561    0.125526795
    4.404963964    0.188459189    0.188466046    0.127181993
    4.414972973    0.197478657    0.197485941    0.129357424
    4.424981982    0.206618055    0.206624358    0.132147812
    4.434990991    0.213718012    0.213722117    0.135362045
    4.445000000    0.217244252    0.217245895    0.138233011
    4.455009009    0.217059520    0.217059387    0.139710412
    4.465018018    0.214465912    0.214464962    0.139296049
    4.475027027    0.211385478    0.211384366    0.137410341
    4.485036036    0.208940160    0.208939100    0.134774415
    4.495045045    0.206565596    0.206564437    0.131837426
    4.505054054    0.202647395    0.202645766    0.128946373
    4.515063063    0.196209905    0.196207487    0.126595992
    4.525072072    0.187810915    0.187807763    0.125228314
    4.535081081    0.178757347    0.178753978    0.124867030
    4.545090090    0.170026449    0.170023522    0.125101724
    4.555099099    0.162172900    0.162170736    0.125598189
    4.565108108    0.155669759    0.155668220    0.126596415
    4.575117117    0.150792074    0.150790809    0.128731267
    4.585126126    0.147262312    0.147260993    0.132439768
    4.595135135    0.144262622    0.144261050    0.137584211
    4.605144144    0.140925651    0.140923828    0.143375415
    4.615153153    0.136963779    0.136961875    0.148602249
    4.625162162    0.132880110    0.132878300    0.152340777
    4.635171171    0.129549182    0.129547524    0.154735963
    4.645180180    0.127650734    0.127649194    0.156955779
    4.655189189    0.127437136    0.127435700    0.160332316
    4.665198198    0.128825408    0.128824157    0.165574674
    4.675207207    0.131595403    0.131594422    0.172547020
    4.685216216    0.135490579    0.135489758    0.180536835
    4.695225225    0.140132966    0.140131926    0.188776529
    4.705234234    0.144864292    0.144862634    0.196992567
    4.715243243    0.148756559    0.148754207    0.205622461
    4.725252252    0.150912683    0.150909962    0.215385747
    4.735261261    0.150838109    0.150835478    0.226504073
    4.745270270    0.148568877    0.148566609    0.238074435
    4.755279279    0.144672763    0.144670966    0.248010968
    4.765288288    0.140270079    0.140268949    0.254077309
    4.775297297    0.136727833    0.136727709    0.255623205
    4.785306306    0.135051271    0.135052429    0.254348635
    4.795315315    0.135510552    0.135512959    0.252998762
    4.805324324    0.137649154    0.137652344    0.253179887
    4.815333333    0.140465421    0.140468546    0.254368014
    4.825342342    0.142783936    0.142786128    0.254853438
    4.835351351    0.143807964    0.143808874    0.253541055
    4.845360360    0.143420335    0.143420305    0.250740946
    4.855369369    0.142096811    0.142096520    0.247521846
    4.865378378    0.140635893    0.140635921    0.244644823
    4.875387387    0.139730299    0.139730930    0.241901560
    4.885396396    0.139531963    0.139533130    0.238379828
    4.895405405    0.139498909    0.139500257    0.233504849
    4.905414414    0.138836206    0.138837350    0.227635028
    4.915423423    0.137353775    0.137354597    0.221633330
    4.925432432    0.135789986    0.135790692    0.216236738
    4.935441441    0.135207385    0.135208354    0.211713305
    4.945450450    0.136284362    0.136285963    0.207786997
    4.955459459    0.139108560    0.139110997    0.203876616
    4.965468468    0.143297795    0.143300998    0.199454267
    4.975477477    0.148284930    0.148288599    0.194410448
    4.985486486    0.153680112    0.153683827    0.189265860
    4.995495495    0.159448125    0.159451435    0.184973947
    5.005504505    0.165877055    0.165879609    0.182428542
    5.015513514    0.173371078    0.173372763    0.182022661
    5.025522523    0.182010820    0.182011758    0.183562061
    5.035531532    0.191302106    0.191302543    0.186549762
    5.045540541    0.200513766    0.200513957    0.190611392
    5.055549550    0.209183641    0.209183735    0.195756433
    5.065558559    0.217137769    0.217137823    0.202234146
    5.075567568    0.224061329    0.224061352    0.210032274
    5.085576577    0.229247453    0.229247388    0.218447980
    5.095585586    0.232042086    0.232041969    0.226304022
    5.105594595    0.232654828    0.232655044    0.232782261
    5.115603604    0.232487686    0.232488965    0.237941428
    5.125612613    0.233641319    0.233644429    0.242506296
    5.135621622    0.237800974    0.237806260    0.247522573
    5.145630631    0.245093868    0.245100936    0.254075991
    5.155639640    0.253616689    0.253624521    0.262947292
    5.165648649    0.260067737    0.260075176    0.274506958
    5.175657658    0.261551638    0.261557900    0.289040212
    5.185666667    0.257377815    0.257382666    0.306832179
    5.195675676    0.249176707    0.249180251    0.327326611
    5.205684685    0.239613442    0.239615846    0.347956628
    5.215693694    0.231106793    0.231108197    0.364169442
    5.225702703    0.225090410    0.225091031    0.371577236
    5.235711712    0.221913017    0.221913343    0.368965241
    5.245720721    0.221373899    0.221374705    0.359241238
    5.255729730    0.223443188    0.223445223    0.347421532
    5.265738739    0.228430715    0.228434344    0.337750266
    5.275747748    0.236495766    0.236500928    0.332034457
    5.285756757    0.247038682    0.247045073    0.329584237
    5.295765766    0.258188439    0.258195586    0.328220772
    5.305774775    0.266936206    0.266943353    0.325733320
    5.315783784    0.270695013    0.270701072    0.321077880
    5.325792793    0.269211837    0.269215721    0.314651478
    5.335801802    0.264569398    0.264570608    0.307694701
    5.345810811    0.259339687    0.259338525    0.301675620
    5.355819820    0.255195873    0.255193079    0.297979154
    5.365828829    0.252854678    0.252851051    0.297533844
    5.375837838    0.252368799    0.252365163    0.300434041
    5.385846847    0.253284129    0.253281288    0.305765340
    5.395855856    0.254947577    0.254945957    0.311711411
    5.405864865    0.256818026    0.256817430    0.316285944
    5.415873874    0.258422103    0.258422049    0.318653181
    5.425882883    0.259212901    0.259213210    0.319644789
    5.435891892    0.258691117    0.258692119    0.320424786
    5.445900901    0.256620912    0.256623165    0.320819739
    5.455909910    0.252991900    0.252995797    0.319504302
    5.465918919    0.247719643    0.247725259    0.315636357
    5.475927928    0.240689268    0.240696426    0.309696267
    5.485936937    0.232163808    0.232172068    0.302745966
    5.495945946    0.222795952    0.222804573    0.295717590
    5.505954955    0.213374680    0.213382880    0.289743535
    5.515963964    0.204704743    0.204711948    0.286180761
    5.525972973    0.197475729    0.197481586    0.285668000
    5.535981982    0.192144863    0.192149234    0.287606017
    5.545990991    0.188851773    0.188854761    0.290850924
    5.556000000    0.187318877    0.187320750    0.294721285
    5.566009009    0.186998618    0.186999652    0.299155584
    5.576018018    0.187429458    0.187429844    0.303845767
    5.586027027    0.188257911    0.188257891    0.307081468
    5.596036036    0.188889840    0.188889900    0.305885207
    5.606045045    0.188388566    0.188389336    0.298224264
    5.616054054    0.186036795    0.186038611    0.285105688
    5.626063063    0.182066476    0.182069085    0.269924736
    5.636072072    0.177592740    0.177595578    0.255998175
    5.646081081    0.173838179    0.173840905    0.245027486
    5.656090090    0.171574385    0.171577112    0.237187364
    5.666099099    0.171085561    0.171088693    0.231707547
    5.676108108    0.172237839    0.172241787    0.227260863
    5.686117117    0.174448279    0.174453294    0.222493408
    5.696126126    0.176814553    0.176820557    0.216679632
    5.706135135    0.178535339    0.178541794    0.209783071
    5.716144144    0.179395691    0.179401855    0.202105347
    5.726153153    0.179934705    0.179940167    0.194191554
    5.736162162    0.181053480    0.181058321    0.186664631
    5.746171171    0.183354394    0.183358818    0.179820270
    5.756180180    0.186742280    0.186746202    0.173541405
    5.766189189    0.190492844    0.190495943    0.167572434
    5.776198198    0.193663440    0.193665612    0.161664882
    5.786207207    0.195526470    0.195528121    0.155475633
    5.796216216    0.195795253    0.195797097    0.148589398
    5.806225225    0.194657293    0.194659791    0.140878373
    5.816234234    0.192470775    0.192473760    0.132772436
    5.826243243    0.189320381    0.189323195    0.125061856
    5.836252252    0.185161842    0.185163779    0.118458247
    5.846261261    0.180370002    0.180370658    0.113307985
    5.856270270    0.175772257    0.175771658    0.109622395
    5.866279279    0.172131783    0.172130332    0.107263942
    5.876288288    0.169780961    0.169779239    0.106067407
    5.886297297    0.168625721    0.168624304    0.105883313
    5.896306306    0.168238772    0.168238146    0.106592004
    5.906315315    0.167955574    0.167956045    0.108100895
    5.916324324    0.167131382    0.167132931    0.110345816
    5.926333333    0.165515619    0.165517871    0.113247572
    5.936342342    0.163364863    0.163367263    0.116552867
    5.946351351    0.161121195    0.161123265    0.119726114
    5.956360360    0.159039269    0.159040749    0.122169569
    5.966369369    0.157136455    0.157137354    0.123705192
    5.976378378    0.155370820    0.155371398    0.124746691
    5.986387387    0.153801730    0.153802336    0.125860446
    5.996396396    0.152664451    0.152665263    0.127251544
    6.006405405    0.152315995    0.152316937    0.128656755
    6.016414414    0.153015264    0.153016134    0.129645812
    6.026423423    0.154732415    0.154733037    0.130132964
    6.036432432    0.157177924    0.157178240    0.130613693
    6.046441441    0.159937679    0.159937778    0.131832263
    6.056450450    0.162570684    0.162570758    0.134289682
    6.066459459    0.164721910    0.164722157    0.138050750
    6.076468468    0.166290669    0.166291186    0.142903850
    6.086477477    0.167510518    0.167511278    0.148599040
    6.096486486    0.168753115    0.168754048    0.154749330
    6.106495495    0.170180374    0.170181438    0.160562394
    6.116504505    0.171575239    0.171576410    0.165127533
    6.126513514    0.172509652    0.172510907    0.168184030
    6.136522523    0.172720355    0.172721719    0.170324971
    6.146531532    0.172355963    0.172357534    0.172308661
    6.156540541    0.171903378    0.171905245    0.174347326
    6.166549550    0.171914378    0.171916576    0.176039833
    6.176558559    0.172725482    0.172728039    0.176787580
    6.186567568    0.174353489    0.174356400    0.176213201
    6.196576577    0.176690161    0.176693258    0.174286406
    6.206585586    0.179721584    0.179724563    0.171241960
    6.216594595    0.183410608    0.183413269    0.167565485
    6.226603604    0.187480476    0.187482867    0.164004190
    6.236612613    0.191475530    0.191477800    0.161363060
    6.246621622    0.194977615    0.194979783    0.160235012
    6.256630631    0.197753871    0.197755780    0.160862704
    6.266639640    0.199838637    0.199840090    0.163077173
    6.276648649    0.201609076    0.201609936    0.166453218
    6.286657658    0.203857665    0.203857827    0.170743224
    6.296666667    0.207594793    0.207594241    0.176082064
    6.306675676    0.213481706    0.213480634    0.182649003
    6.316684685    0.221303626    0.221302396    0.190301372
    6.326693694    0.229967104    0.229966051    0.198701768
    6.336702703    0.238254006    0.238253307    0.207685336
    6.346711712    0.245820984    0.245820626    0.217302552
    6.356720721    0.253337790    0.253337574    0.227445925
    6.366729730    0.261599253    0.261598933    0.237536840
    6.376738739    0.270678575    0.270678056    0.246714670
    6.386747748    0.279852755    0.279852077    0.254222184
    6.396756757    0.288147440    0.288146586    0.259527655
    6.406765766    0.294926241    0.294925133    0.262432402
    6.416774775    0.300062490    0.300061080    0.263188939
    6.426783784    0.303846499    0.303844754    0.262343659
    6.436792793    0.306793825    0.306791837    0.260657175
    6.446801802    0.309193392    0.309191600    0.259228799
    6.456810811    0.310823802    0.310822845    0.259210422
    6.466819820    0.311374833    0.311374975    0.261208503
    6.476828829    0.310977013    0.310977856    0.265202080
    6.486837838    0.309853336    0.309854179    0.270794332
    6.496846847    0.307393993    0.307394432    0.277071701
    6.506855856    0.302195042    0.302195272    0.282637263
    6.516864865    0.293307559    0.293308119    0.286509001
    6.526873874    0.281160763    0.281161952    0.288800555
    6.536882883    0.267412125    0.267413774    0.290064693
    6.546891892    0.254173664    0.254175447    0.290371778
    6.556900901    0.243127698    0.243129432    0.289586787
    6.566909910    0.234963364    0.234965029    0.288174328
    6.576918919    0.229398787    0.229400403    0.287004224
    6.586927928    0.225670638    0.225672208    0.286413122
    6.596936937    0.223101624    0.223103161    0.285881665
    6.606945946    0.221386720    0.221388255    0.284817722
    6.616954955    0.220483584    0.220485108    0.283421488
    6.626963964    0.220411516    0.220412901    0.282459278
    6.636972973    0.221284373    0.221285325    0.282430607
    6.646981982    0.223360688    0.223360829    0.283185150
    6.656990991    0.226847709    0.226846776    0.284332865
    6.667000000    0.231666059    0.231664081    0.286171254
    6.677009009    0.237474119    0.237471459    0.290092774
    6.687018018    0.243873063    0.243870230    0.297665812
    6.697027027    0.250398178    0.250395534    0.309128595
    6.707036036    0.256296969    0.256294675    0.322763121
    6.717045045    0.260624908    0.260623116    0.335848409
    6.727054054    0.262729743    0.262728597    0.346600769
    6.737063063    0.262601071    0.262600503    0.355413298
    6.747072072    0.260831713    0.260831396    0.364044139
    6.757081081    0.258410232    0.258409820    0.373598500
    6.767090090    0.256477224    0.256476572    0.383327512
    6.777099099    0.255875049    0.255874183    0.390800034
    6.787108108    0.256697838    0.256696767    0.392900013
    6.797117117    0.258393310    0.258391935    0.387440847
    6.807126126    0.260324259    0.260322401    0.374811599
    6.817135135    0.262131185    0.262128676    0.358106323
    6.827144144    0.263710351    0.263707179    0.341220844
    6.837153153    0.265006177    0.265002594    0.326737584
    6.847162162    0.265756767    0.265753223    0.315303807
    6.857171171    0.265516830    0.265513753    0.306452135
    6.867180180    0.264137697    0.264135363    0.299909720
    6.877189189    0.262299292    0.262297764    0.296234956
    6.887198198    0.261411832    0.261410878    0.296238917
    6.897207207    0.262865787    0.262864940    0.300012181
    6.907216216    0.267353358    0.267352186    0.306654399
    6.917225225    0.274620551    0.274618913    0.314974098
    6.927234234    0.283569868    0.283567963    0.324522879
    6.937243243    0.292713473    0.292711738    0.335722609
    6.947252252    0.300870911    0.300869821    0.348650180
    6.957261261    0.307677234    0.307677079    0.361636914
    6.967270270    0.313503640    0.313504357    0.371078772
    6.977279279    0.318912770    0.318913944    0.372989617
    6.987288288    0.324207252    0.324208348    0.365366173
    6.997297297    0.329499685    0.329500353    0.349533159
    7.007306306    0.335011039    0.335011208    0.329563866
    7.017315315    0.341047798    0.341047558    0.310233495
    7.027324324    0.347883793    0.347883330    0.294948419
    7.037333333    0.355929374    0.355928950    0.284885452
    7.047342342    0.365744064    0.365743852    0.279316659
    7.057351351    0.377368071    0.377367987    0.276588039
    7.067360360    0.389587804    0.389587543    0.275420703
    7.077369369    0.400490663    0.400489847    0.275754721
    7.087378378    0.409173993    0.409172412    0.278171415
    7.097387387    0.416521314    0.416519152    0.282420219
    7.107396396    0.424298273    0.424295942    0.286515746
    7.117405405    0.433849509    0.433847227    0.287328814
    7.127414414    0.445090882    0.445088572    0.282582333
    7.137423423    0.456161681    0.456159363    0.272655754
    7.147432432    0.464593032    0.464591251    0.260310899
    7.157441441    0.469368996    0.469368664    0.248718488
    7.167450450    0.471401481    0.471403145    0.239902197
    7.177459459    0.471875065    0.471878378    0.234427438
    7.187468468    0.470980682    0.470984667    0.231794689
    7.197477477    0.468516218    0.468520015    0.231058397
    7.207486486    0.464879905    0.464883200    0.231143180
    7.217495495    0.460481628    0.460484395    0.230718208
    7.227504505    0.454366421    0.454368473    0.228439479
    7.237513514    0.444620557    0.444621563    0.223805981
    7.247522523    0.430404679    0.430404572    0.217531012
    7.257531532    0.412829174    0.412828346    0.210929421
    7.267540541    0.393897238    0.393896369    0.205076725
    7.277549550    0.375231186    0.375230922    0.200400088
    7.287558559    0.357828303    0.357828938    0.196863460
    7.297567568    0.342401827    0.342403174    0.194425173
    7.307576577    0.329456469    0.329458030    0.193208000
    7.317585586    0.319255378    0.319256642    0.193330891
    7.327594595    0.311943593    0.311944245    0.194794254
    7.337603604    0.307488732    0.307488723    0.197513732
    7.347612613    0.305466894    0.305466409    0.201372617
    7.357621622    0.305230167    0.305229516    0.206304332
    7.367630631    0.306407186    0.306406664    0.212411978
    7.377639640    0.309187849    0.309187547    0.220000601
    7.387648649    0.314034295    0.314034038    0.229418211
    7.397657658    0.320959415    0.320958908    0.240765905
    7.407666667    0.329142804    0.329141904    0.253664815
    7.417675676    0.337365815    0.337364761    0.267344659
    7.427684685    0.344675993    0.344675380    0.281078646
    7.437693694    0.350531613    0.350532021    0.294486342
    7.447702703    0.354547446    0.354548982    0.307335697
    7.457711712    0.356345854    0.356347969    0.319054725
    7.467720721    0.355855809    0.355857508    0.328614260
    7.477729730    0.353900650    0.353901005    0.335240454
    7.487738739    0.352022554    0.352021188    0.339199249
    7.497747748    0.351393053    0.351390271    0.341532922
    7.507756757    0.352153059    0.352149662    0.343012650
    7.517765766    0.353632840    0.353629790    0.343443839
    7.527774775    0.354711324    0.354709401    0.341807674
    7.537783784    0.354229508    0.354229156    0.337069249
    7.547792793    0.351791446    0.351792848    0.329229684
    7.557801802    0.348233245    0.348236470    0.319717232
    7.567810811    0.345053726    0.345058756    0.310581205
    7.577819820    0.343437521    0.343444048    0.303439474
    7.587828829    0.343866429    0.343873631    0.299105988
    7.597837838    0.346423314    0.346430032    0.297560648
    7.607846847    0.350972553    0.350977681    0.297961472
    7.617855856    0.356935443    0.356938159    0.299133691
    7.627864865    0.363352946    0.363353025    0.300438520
    7.637873874    0.369414999    0.369413180    0.302027316
    7.647882883    0.374757254    0.374754932    0.304144654
    7.657891892    0.379241557    0.379239857    0.306372256
    7.667900901    0.382673705    0.382672998    0.307663539
    7.677909910    0.384889276    0.384889496    0.307244359
    7.687918919    0.386291036    0.386292103    0.305426171
    7.697927928    0.388227375    0.388229216    0.303402760
    7.707936937    0.392422872    0.392425190    0.302481396
    7.717945946    0.399884658    0.399886869    0.303358850
    7.727954955    0.410199979    0.410201437    0.305592158
    7.737963964    0.421726880    0.421727199    0.307803148
    7.747972973    0.432716268    0.432715562    0.308891521
    7.757981982    0.442501044    0.442499722    0.309222852
    7.767990991    0.451663403    0.451661555    0.310515386
    7.778000000    0.461390533    0.461387772    0.314735635
    7.788009009    0.472724678    0.472720649    0.323280020
    7.798018018    0.485491087    0.485485731    0.336800549
    7.808027027    0.497357156    0.497350550    0.355189089
    7.818036036    0.504714609    0.504707025    0.377468513
    7.828045045    0.505415921    0.505408060    0.401714284
    7.838054054    0.500399974    0.500392744    0.425287057
    7.848063063    0.492663288    0.492657272    0.445967646
    7.858072072    0.485448040    0.485443230    0.463774192
    7.868081081    0.481326911    0.481322869    0.481530166
    7.878090090    0.482123310    0.482119593    0.503287801
    7.888099099    0.488738734    0.488735191    0.532216339
    7.898108108    0.500569532    0.500566300    0.569212334
    7.908117117    0.515150975    0.515148324    0.611947492
    7.918126126    0.528798138    0.528796189    0.654555508
    7.928135135    0.538163622    0.538162076    0.689057027
    7.938144144    0.541609862    0.541608082    0.708475430
    7.948153153    0.539694127    0.539691658    0.710302568
    7.958162162    0.534781606    0.534778522    0.698247735
    7.968171171    0.529953767    0.529950429    0.680206204
    7.978180180    0.527882283    0.527878919    0.663599950
    7.988189189    0.530402216    0.530398853    0.652146169
    7.998198198    0.538654496    0.538651182    0.645754118
    8.008207207    0.552960244    0.552957214    0.642184884
    8.018216216    0.572422979    0.572420500    0.639348844
    8.028225225    0.595416635    0.595414652    0.636916026
    8.038234234    0.621130674    0.621128793    0.635760105
    8.048243243    0.649993395    0.649991269    0.636090881
    8.058252252    0.681862028    0.681859673    0.636332970
    8.068261261    0.714727093    0.714725320    0.633490272
    8.078270270    0.745993017    0.745993859    0.624711679
    8.088279279    0.774299886    0.774305836    0.609895165
    8.098288288    0.799915675    0.799927902    0.593137977
    8.108297297    0.824687888    0.824705218    0.580444800
    8.118306306    0.851573736    0.851593321    0.576056713
    8.128315315    0.882248653    0.882267773    0.580876275
    8.138324324    0.913425626    0.913443072    0.592863350
    8.148333333    0.935341433    0.935357500    0.607783243
    8.158342342    0.935873259    0.935888467    0.619904846
    8.168351351    0.908361174    0.908374783    0.623458391
    8.178360360    0.856262772    0.856273147    0.615039630
    8.188369369    0.791106917    0.791113462    0.595437780
    8.198378378    0.725764450    0.725768343    0.568701667
    8.208387387    0.668612501    0.668615676    0.539653669
    8.218396396    0.622731457    0.622735271    0.512838399
    8.228405405    0.588147737    0.588152367    0.492246711
    8.238414414    0.563278970    0.563283837    0.480393040
    8.248423423    0.545071651    0.545076344    0.477506120
    8.258432432    0.529691732    0.529696556    0.481540121
    8.268441441    0.514207979    0.514213701    0.489032522
    8.278450450    0.497498588    0.497505650    0.496580586
    8.288459459    0.479855963    0.479864022    0.502244794
    8.298468468    0.462545255    0.462553504    0.506026387
    8.308477477    0.447151016    0.447158796    0.509025551
    8.318486486    0.434274583    0.434281664    0.511940350
    8.328495495    0.422717494    0.422723920    0.514000382
    8.338504505    0.410289071    0.410294855    0.512998811
    8.348513514    0.395879714    0.395884742    0.506686228
    8.358522523    0.380688601    0.380692824    0.494659301
    8.368531532    0.367040000    0.367043629    0.478891124
    8.378540541    0.356512638    0.356516126    0.462295498
    8.388549550    0.349642060    0.349645917    0.447252591
    8.398558559    0.346648459    0.346653023    0.435504240
    8.408567568    0.347553593    0.347558935    0.428250773
    8.418576577    0.351614059    0.351620032    0.425604194
    8.428585586    0.357181824    0.357188064    0.426388850
    8.438594595    0.362491786    0.362497669    0.428996771
    8.448603604    0.366567105    0.366571901    0.432535542
    8.458612613    0.369081982    0.369085186    0.436914341
    8.468621622    0.369752325    0.369753801    0.442095684
    8.478630631    0.368485938    0.368485831    0.447909847
    8.488639640    0.365773833    0.365772501    0.454234884
    8.498648649    0.362587376    0.362585297    0.460791153
    8.508657658    0.359967678    0.359965332    0.466974882
    8.518666667    0.358543953    0.358541818    0.472088667
    8.528675676    0.358408158    0.358406689    0.475942835
    8.538684685    0.359389285    0.359388840    0.479245102
    8.548693694    0.361272079    0.361272897    0.482952743
    8.558702703    0.364119524    0.364121691    0.487557662
    8.568711712    0.368484431    0.368487725    0.493302517
    8.578720721    0.374741970    0.374745690    0.500386249
    8.588729730    0.382435487    0.382438449    0.508736196
    8.598738739    0.390822368    0.390823336    0.517947361
    8.608747748    0.399652090    0.399650604    0.527201409
    8.618756757    0.409079737    0.409076545    0.535116605
    8.628765766    0.419343497    0.419340102    0.540301675
    8.638774775    0.430644810    0.430642613    0.542483538
    8.648783784    0.442664179    0.442663883    0.542826652
    8.658792793    0.453946970    0.453948343    0.543334344
    8.668801802    0.462211451    0.462213458    0.546283571
    8.678810811    0.465591383    0.465592812    0.553324167
    8.688819820    0.463934138    0.463934185    0.564354964
    8.698828829    0.459122280    0.459120562    0.577418496
    8.708837838    0.453654761    0.453651172    0.589462902
    8.718846847    0.448594769    0.448589643    0.596858029
    8.728855856    0.443203885    0.443198018    0.596485949
    8.738864865    0.436502621    0.436496883    0.587498826
    8.748873874    0.428544333    0.428539342    0.571567090
    8.758882883    0.420061313    0.420057384    0.551900220
    8.768891892    0.411846089    0.411843265    0.532274924
    8.778900901    0.404958084    0.404956272    0.515995248
    8.788909910    0.400791981    0.400791204    0.505253976
    8.798918919    0.400352449    0.400352859    0.501096277
    8.808927928    0.403617633    0.403619303    0.503639624
    8.818936937    0.409778862    0.409781742    0.512439695
    8.828945946    0.417795974    0.417799978    0.526422359
    8.838954955    0.426527587    0.426532364    0.543068740
    8.848963964    0.434707530    0.434712217    0.558312759
    8.858972973    0.441100546    0.441104149    0.568563425
    8.868981982    0.444858579    0.444860738    0.573259364
    8.878990991    0.446013973    0.446015208    0.575177529
    8.889000000    0.445395045    0.445396159    0.578543828
    8.899009009    0.443792000    0.443793447    0.587047896
    8.909018018    0.441419467    0.441421442    0.602866625
    8.919027027    0.438326001    0.438328657    0.626093482
    8.929036036    0.435146963    0.435150279    0.654068361
    8.939045045    0.433145237    0.433148912    0.681650162
    8.949054054    0.433361993    0.433365490    0.703579193
    8.959063063    0.435886954    0.435889593    0.717540302
    8.969072072    0.440084015    0.440085179    0.724935041
    8.979081081    0.445431838    0.445431339    0.729548250
    8.989090090    0.452274650    0.452272998    0.736182920
    8.999099099    0.461914481    0.461912754    0.748579830
    9.009108108    0.475571574    0.475570877    0.766581783
    9.019117117    0.492570523    0.492571424    0.784982652
    9.029126126    0.509340114    0.509342429    0.795893897
    9.039135135    0.521148560    0.521151658    0.793989290
    9.049144144    0.525982141    0.525985511    0.780417736
    9.059153153    0.526269964    0.526273527    0.761367688
    9.069162162    0.526546050    0.526550066    0.743444558
    9.079171171    0.530478246    0.530483029    0.730783337
    9.089180180    0.539780711    0.539786382    0.725277872
    9.099189189    0.554695098    0.554701509    0.728374888
    9.109198198    0.574861674    0.574868368    0.742016069
    9.119207207    0.598913252    0.598919512    0.767452651
    9.129216216    0.623013950    0.623019168    0.803159523
    9.139225225    0.641381828    0.641386015    0.844069960
    9.149234234    0.650196645    0.650200454    0.883713789
    9.159243243    0.651023858    0.651028088    0.917915482
    9.169252252    0.649529044    0.649534251    0.945798187
    9.179261261    0.651033548    0.651039713    0.967017582
    9.189270270    0.657225775    0.657232023    0.980233293
    9.199279279    0.666175468    0.666180261    0.985448221
    9.209288288    0.674647634    0.674649471    0.985297468
    9.219297297    0.680293670    0.680292185    0.983129887
    9.229306306    0.682974252    0.682971083    0.982381424
    9.239315315    0.685254108    0.685252312    0.987040541
    9.249324324    0.691058880    0.691061185    0.999578948
    9.259333333    0.702982456    0.702989906    1.018732833
    9.269342342    0.720341956    0.720353558    1.041600388
    9.279351351    0.739642714    0.739656006    1.068650698
    9.289360360    0.756939860    0.756952119    1.105065425
    9.299369369    0.769694529    0.769703990    1.156678867
    9.309378378    0.777214948    0.777221186    1.226010263
    9.319387387    0.780028647    0.780031952    1.311647618
    9.329396396    0.778868040    0.778868977    1.409426278
    9.339405405    0.774696346    0.774696028    1.513569498
    9.349414414    0.769464006    0.769464235    1.617983397
    9.359423423    0.766238506    0.766241426    1.716396881
    9.369432432    0.768742832    0.768750183    1.800664276
    9.379441441    0.780371549    0.780383959    1.861976040
    9.389450450    0.802529191    0.802546066    1.895847769
    9.399459459    0.833432003    0.833451744    1.905125193
    9.409468468    0.868962034    0.868982281    1.897485396
    9.419477477    0.905322080    0.905340368    1.880007424
    9.429486486    0.941052702    0.941067565    1.855057988
    9.439495495    0.975766564    0.975777955    1.817886774
    9.449504505    1.006834670    1.006842839    1.760221161
    9.459513514    1.028862651    1.028866982    1.681326905
    9.469522523    1.037301825    1.037301657    1.592988796
    9.479531532    1.032461467    1.032457962    1.511608034
    9.489540541    1.019731105    1.019727176    1.448766152
    9.499549550    1.005468148    1.005466428    1.408255777
    9.509558559    0.992647730    0.992648940    1.387274722
    9.519567568    0.980416293    0.980419150    1.378157129
    9.529576577    0.967034300    0.967036908    1.370025060
    9.539585586    0.953032518    0.953034141    1.351809092
    9.549594595    0.941231709    0.941233143    1.315688270
    9.559603604    0.933327099    0.933329416    1.259159992
    9.569612613    0.927920263    0.927923522    1.187113674
    9.579621622    0.923116259    0.923119400    1.111557593
    9.589630631    0.919308617    0.919310248    1.045443612
    9.599639640    0.917757312    0.917756270    0.995976268
    9.609648649    0.917470841    0.917466223    0.963413292
    9.619657658    0.913919381    0.913910618    0.944007707
    9.629666667    0.900882079    0.900869495    0.933452373
    9.639675676    0.875301189    0.875286547    0.928989236
    9.649684685    0.841008874    0.840995036    0.929107056
    9.659693694    0.806396159    0.806385998    0.931466214
    9.669702703    0.778780020    0.778775464    0.932846792
    9.679711712    0.761661151    0.761662738    0.932036404
    9.689720721    0.755526914    0.755533858    0.931383063
    9.699729730    0.759666392    0.759677070    0.934597698
    9.709738739    0.773344987    0.773357489    0.943424487
    9.719747748    0.795698164    0.795710689    0.955904927
    9.729756757    0.824647710    0.824658953    0.966960866
    9.739765766    0.856545329    0.856554895    0.971226807
    9.749774775    0.887897634    0.887906129    0.965079959
    9.759783784    0.917209368    0.917217957    0.945870590
    9.769792793    0.944473111    0.944482842    0.912233465
    9.779801802    0.969262259    0.969273386    0.866768982
    9.789810811    0.989423490    0.989435200    0.816704670
    9.799819820    1.001472803    1.001483665    0.770548916
    9.809828829    1.002383418    1.002391915    0.733945133
    9.819837838    0.990965144    0.990970196    0.708465995
    9.829846847    0.968150725    0.968152407    0.693564704
    9.839855856    0.936897325    0.936896918    0.689121872
    9.849864865    0.902422132    0.902421261    0.696205114
    9.859873874    0.871699609    0.871699611    0.716068874
    9.869882883    0.851130894    0.851132807    0.749009985
    9.879891892    0.844313076    0.844317606    0.793838584
    9.889900901    0.851762161    0.851769599    0.847653449
    9.899909910    0.872212168    0.872222564    0.905659714
    9.909918919    0.904123078    0.904136441    0.960976012
    9.919927928    0.946033432    0.946049507    1.005052206
    9.929936937    0.995476747    0.995494413    1.030389605
    9.939945946    1.048340023    1.048357233    1.034725642
    9.949954955    1.099971940    1.099986837    1.021788969
    9.959963964    1.145645774    1.145657768    0.998223010
    9.969972973    1.179146658    1.179155962    0.970452707
    9.979981982    1.192580554    1.192587024    0.941952669
    9.989990991    1.179482413    1.179485462    0.912709900
   10.000000000    1.140285457    1.140284920    0.882700125
