# energy grid [eV]     epsi_x  epsi_y  epsi_z
#
    0.001000000    0.160974896    0.160983467    0.000092895
    0.011009009    1.790723591    1.790819714    0.001025190
    0.021018018    3.514840179    3.515032727    0.001970149
    0.031027027    5.426205209    5.426511145    0.002939860
    0.041036036    7.629628609    7.630072071    0.003947539
    0.051045045   10.242289328   10.242897144    0.005008178
    0.061054054   13.381481597   13.382269245    0.006139337
    0.071063063   17.122108347   17.123045112    0.007362153
    0.081072072   21.396131215   21.397072226    0.008702658
    0.091081081   25.822053849   25.822654478    0.010193542
    0.101090090   29.562866500   29.562586636    0.011876529
    0.111099099   31.511166565   31.509537776    0.013805615
    0.121108108   30.981071824   30.978119891    0.016051455
    0.131117117   28.304148671   28.300446422    0.018707215
    0.141126126   24.538728341   24.534967571    0.021896052
    0.151135135   20.698436148   20.695061585    0.025779815
    0.161144144   17.357667687   17.354838137    0.030566684
    0.171153153   14.709207296   14.706911314    0.036510649
    0.181162162   12.745105694   12.743265660    0.043884381
    0.191171171   11.381543272   11.380070466    0.052884824
    0.201180180   10.507846471   10.506662289    0.063402583
    0.211189189    9.984441641    9.983482605    0.074606057
    0.221198198    9.622702088    9.621918668    0.084521087
    0.231207207    9.199158933    9.198512763    0.090300146
    0.241216216    8.547029832    8.546491175    0.089826077
    0.251225225    7.657208652    7.656754623    0.083473849
    0.261234234    6.655542884    6.655156125    0.073770512
    0.271243243    5.684695593    5.684363044    0.063431332
    0.281252252    4.828395555    4.828107321    0.054103906
    0.291261261    4.110902889    4.110651342    0.046377355
    0.301270270    3.523650464    3.523429612    0.040246092
    0.311279279    3.046447360    3.046252413    0.035478072
    0.321288288    2.658074239    2.657901325    0.031801096
    0.331297297    2.340145506    2.339991457    0.028973405
    0.341306306    2.077888933    2.077751141    0.026800821
    0.351315315    1.859801993    1.859678290    0.025133896
    0.361324324    1.677026114    1.676914690    0.023859586
    0.371333333    1.522744356    1.522643690    0.022892786
    0.381342342    1.391687683    1.391596491    0.022169297
    0.391351351    1.279755090    1.279672280    0.021640435
    0.401360360    1.183729113    1.183653754    0.021269016
    0.411369369    1.101064908    1.100996204    0.021026416
    0.421378378    1.029734104    1.029671371    0.020890429
    0.431387387    0.968108859    0.968051507    0.020843694
    0.441396396    0.914875312    0.914822832    0.020872546
    0.451405405    0.868968598    0.868920548    0.020966164
    0.461414414    0.829523783    0.829479780    0.021115935
    0.471423423    0.795838671    0.795798384    0.021314979
    0.481432432    0.767345584    0.767308724    0.021557791
    0.491441441    0.743590036    0.743556352    0.021839966
    0.501450450    0.724214810    0.724184086    0.022157996
    0.511459459    0.708948437    0.708920484    0.022509104
    0.521468468    0.697597347    0.697572004    0.022891127
    0.531477477    0.690041317    0.690018442    0.023302420
    0.541486486    0.686232007    0.686211476    0.023741789
    0.551495495    0.686194609    0.686176314    0.024208439
    0.561504505    0.690032807    0.690016648    0.024701940
    0.571513514    0.697937251    0.697923133    0.025222208
    0.581522523    0.710197545    0.710185370    0.025769498
    0.591531532    0.727216645    0.727206301    0.026344413
    0.601540541    0.749523480    0.749514844    0.026947930
    0.611549550    0.777772251    0.777765186    0.027581444
    0.621558559    0.812702199    0.812696589    0.028246834
    0.631567568    0.855013624    0.855009478    0.028946565
    0.641576577    0.905132225    0.905129916    0.029683821
    0.651585586    0.962994095    0.962994754    0.030462682
    0.661594595    1.028327945    1.028333841    0.031288355
    0.671603604    1.101851884    1.101866361    0.032167399
    0.681612613    1.186566831    1.186593639    0.033107876
    0.691621622    1.287676860    1.287719555    0.034119144
    0.701630631    1.411538429    1.411600458    0.035210746
    0.711639640    1.565204186    1.565289493    0.036389584
    0.721648649    1.756932399    1.757046121    0.037654825
    0.731657658    1.997178644    1.997327669    0.038991170
    0.741666667    2.299711351    2.299904779    0.040362283
    0.751675676    2.682553983    2.682803513    0.041709985
    0.761684685    3.168174547    3.168494355    0.042975926
    0.771693694    3.781605597    3.782010310    0.044149159
    0.781702703    4.543359605    4.543857687    0.045289263
    0.791711712    5.451249911    5.451828434    0.046489651
    0.801720721    6.445372960    6.445972513    0.047829356
    0.811729730    7.366408497    7.366904374    0.049359038
    0.821738739    7.961537825    7.961773017    0.051111765
    0.831747748    8.009127607    8.009017388    0.053117049
    0.841756757    7.494996962    7.494603463    0.055410303
    0.851765766    6.625571660    6.625045008    0.058038173
    0.861774775    5.659408314    5.658878688    0.061061601
    0.871783784    4.769059044    4.768593693    0.064558298
    0.881792793    4.024471418    4.024088851    0.068626877
    0.891801802    3.433132614    3.432827335    0.073392374
    0.901810811    2.976956598    2.976715051    0.078999972
    0.911819820    2.631861650    2.631669476    0.085568393
    0.921828829    2.374950526    2.374794962    0.093077929
    0.931837838    2.185603502    2.185473774    0.101205899
    0.941846847    2.044896343    2.044783917    0.109243240
    0.951855856    1.936769384    1.936669017    0.116378196
    0.961864865    1.851753905    1.851664424    0.122361416
    0.971873874    1.788905566    1.788828357    0.127818578
    0.981882883    1.752541817    1.752478061    0.133665024
    0.991891892    1.747647441    1.747596752    0.140266602
    1.001900901    1.778187748    1.778148572    0.147186746
    1.011909910    1.847727336    1.847697947    0.153669393
    1.021918919    1.960018892    1.959998268    0.159339779
    1.031927928    2.117769286    2.117757915    0.164413969
    1.041936937    2.318342667    2.318343809    0.169513426
    1.051945946    2.545970619    2.545991916    0.175504569
    1.061954955    2.764219214    2.764272756    0.183275188
    1.071963964    2.921808101    2.921905533    0.193549462
    1.081972973    2.983152029    2.983295813    0.206868374
    1.091981982    2.960494489    2.960675733    0.223406534
    1.101990991    2.906265149    2.906472326    0.242454969
    1.112000000    2.876672238    2.876900128    0.261943669
    1.122009009    2.909882848    2.910134887    0.278807168
    1.132018018    3.027759332    3.028046355    0.290589757
    1.142027027    3.244985406    3.245323603    0.297067598
    1.152036036    3.574265179    3.574672896    0.300301191
    1.162045045    4.024670143    4.025161191    0.303469121
    1.172054054    4.591724085    4.592293573    0.309455048
    1.182063063    5.236243368    5.236844891    0.319367500
    1.192072072    5.856173469    5.856701156    0.331388798
    1.202081081    6.284876005    6.285189749    0.340948125
    1.212090090    6.367541939    6.367557702    0.343330517
    1.222099099    6.082540710    6.082304146    0.337553582
    1.232108108    5.563106373    5.562749947    0.327276797
    1.242117117    4.988809248    4.988455579    0.317746435
    1.252126126    4.486246029    4.485964548    0.312865641
    1.262135135    4.111824787    4.111642325    0.314673879
    1.272144144    3.876542876    3.876466172    0.324132596
    1.282153153    3.769694212    3.769723683    0.341937791
    1.292162162    3.771216386    3.771347518    0.369002270
    1.302171171    3.856647804    3.856861639    0.406662593
    1.312180180    3.995975390    3.996225622    0.456666119
    1.322189189    4.146541548    4.146753972    0.520860419
    1.332198198    4.255619575    4.255722082    0.600309076
    1.342207207    4.289677954    4.289651670    0.693347381
    1.352216216    4.263010291    4.262905915    0.792466814
    1.362225225    4.222370728    4.222268213    0.882350291
    1.372234234    4.208473330    4.208435208    0.944801714
    1.382243243    4.241681368    4.241732312    0.971476258
    1.392252252    4.330035835    4.330162949    0.970480564
    1.402261261    4.473407811    4.473575345    0.955947027
    1.412270270    4.663528059    4.663702009    0.933818220
    1.422279279    4.894510883    4.894680622    0.900806797
    1.432288288    5.171444255    5.171619635    0.855013689
    1.442297297    5.492252142    5.492433710    0.803100921
    1.452306306    5.816737962    5.816890616    0.755903059
    1.462315315    6.065276085    6.065340684    0.721086537
    1.472324324    6.168795600    6.168740787    0.701439394
    1.482333333    6.131270862    6.131128029    0.697227874
    1.492342342    6.029002040    6.028838102    0.707639246
    1.502351351    5.947498475    5.947368311    0.729404344
    1.512360360    5.930195630    5.930122689    0.754599245
    1.522369369    5.971352736    5.971334675    0.771520265
    1.532378378    6.040048151    6.040069720    0.771388192
    1.542387387    6.110209900    6.110252099    0.755928784
    1.552396396    6.171318238    6.171363757    0.736163464
    1.562405405    6.221188089    6.221222774    0.724123214
    1.572414414    6.250595441    6.250599822    0.727351869
    1.582423423    6.234347425    6.234298344    0.748890320
    1.592432432    6.158277580    6.158175743    0.789301812
    1.602441441    6.058856413    6.058741252    0.847271610
    1.612450450    6.014391205    6.014317391    0.917147991
    1.622459459    6.099515462    6.099524075    0.985371870
    1.632468468    6.355799254    6.355906171    1.031982806
    1.642477477    6.783916734    6.784107263    1.042079530
    1.652486486    7.334118003    7.334339141    1.018560891
    1.662495495    7.893745269    7.893907332    0.979843875
    1.672504505    8.310862345    8.310875220    0.945982006
    1.682513514    8.486197503    8.486034249    0.930147824
    1.692522523    8.461872240    8.461590982    0.939222426
    1.702531532    8.391473869    8.391168157    0.976451137
    1.712540541    8.426613415    8.426356309    1.041493605
    1.722549550    8.639144838    8.638971756    1.127633445
    1.732558559    9.002388148    9.002299731    1.218166471
    1.742567568    9.401192360    9.401154269    1.287079692
    1.752576577    9.675898502    9.675846660    1.309701344
    1.762585586    9.705322136    9.705194663    1.278575156
    1.772594595    9.476189002    9.475965872    1.208957184
    1.782603604    9.081489312    9.081199949    1.127788367
    1.792612613    8.663286389    8.662985711    1.058307023
    1.802621622    8.345973358    8.345710480    1.013137014
    1.812630631    8.186615052    8.186415174    0.995412955
    1.822639640    8.157398270    8.157263360    1.001708045
    1.832648649    8.166556099    8.166476870    1.024273389
    1.842657658    8.122294386    8.122262856    1.053951176
    1.852666667    8.002761466    8.002772580    1.084084573
    1.862675676    7.854437711    7.854477617    1.112177371
    1.872684685    7.724732935    7.724770870    1.137463587
    1.882693694    7.621489123    7.621492062    1.158581331
    1.892702703    7.542398481    7.542360338    1.176348417
    1.902711712    7.518909970    7.518858229    1.197611655
    1.912720721    7.601915140    7.601882889    1.232630573
    1.922729730    7.801076468    7.801071566    1.288191168
    1.932738739    8.037768327    8.037761972    1.362872802
    1.942747748    8.155274351    8.155214760    1.447212562
    1.952756757    8.010373884    8.010226220    1.529469074
    1.962765766    7.590054943    7.589833740    1.604768079
    1.972774775    7.020726024    7.020481149    1.681097777
    1.982783784    6.460761437    6.460543040    1.775753332
    1.992792793    6.007349835    6.007191453    1.903655803
    2.002801802    5.679604637    5.679520028    2.066581617
    2.012810811    5.445050309    5.445028746    2.249049689
    2.022819820    5.251007208    5.251014336    2.419765754
    2.032828829    5.045562682    5.045558665    2.537371749
    2.042837838    4.793694642    4.793656943    2.565301853
    2.052846847    4.490078180    4.490007935    2.493776039
    2.062855856    4.155855163    4.155766449    2.347772880
    2.072864865    3.820615763    3.820522209    2.169861307
    2.082873874    3.506425043    3.506335088    1.996930158
    2.092882883    3.222884104    3.222803845    1.849631896
    2.102891892    2.969568911    2.969503268    1.733265285
    2.112900901    2.742660548    2.742609651    1.644590763
    2.122909910    2.541230406    2.541188102    1.579504459
    2.132918919    2.367361088    2.367319313    1.535099521
    2.142927928    2.223388557    2.223342215    1.507351519
    2.152936937    2.110889222    2.110836658    1.491035903
    2.162945946    2.029330465    2.029270833    1.481570685
    2.172954955    1.974115787    1.974047083    1.473846258
    2.182963964    1.937769593    1.937688919    1.460833832
    2.192972973    1.915542393    1.915447358    1.439146866
    2.202981982    1.910151876    1.910041003    1.415975534
    2.212990991    1.929706646    1.929578460    1.406006381
    2.223000000    1.981608638    1.981461316    1.422109515
    2.233009009    2.068465972    2.068298456    1.469762407
    2.243018018    2.187753464    2.187566672    1.546171850
    2.253027027    2.335516382    2.335312050    1.641370398
    2.263036036    2.512475511    2.512252651    1.741776020
    2.273045045    2.725081229    2.724834649    1.837686169
    2.283054054    2.977386594    2.977110902    1.929990332
    2.293063063    3.262091973    3.261791472    2.028157950
    2.303072072    3.559147915    3.558851909    2.141825284
    2.313081081    3.838066273    3.837838226    2.273815079
    2.323090090    4.060684481    4.060600414    2.416863979
    2.333099099    4.195480979    4.195578262    2.555781166
    2.343108108    4.237759649    4.238010518    2.675363990
    2.353117117    4.208341929    4.208679707    2.768986148
    2.363126126    4.134691752    4.135047397    2.840158287
    2.373135135    4.035165658    4.035487243    2.891002347
    2.383144144    3.914048691    3.914309399    2.908641057
    2.393153153    3.770568222    3.770765472    2.868958663
    2.403162162    3.611437242    3.611581313    2.758182392
    2.413171171    3.450165327    3.450265596    2.590110688
    2.423180180    3.295106326    3.295167293    2.397751467
    2.433189189    3.144435852    3.144461267    2.212147930
    2.443198198    2.993773996    2.993770357    2.053811915
    2.453207207    2.843762672    2.843740158    1.934745277
    2.463216216    2.699354925    2.699326785    1.859285380
    2.473225225    2.562643651    2.562622470    1.823460471
    2.483234234    2.427305488    2.427297826    1.816617283
    2.493243243    2.282247700    2.282252393    1.826030795
    2.503252252    2.121785734    2.121797588    1.841600814
    2.513261261    1.952608506    1.952622949    1.857505436
    2.523270270    1.789839763    1.789854356    1.870855696
    2.533279279    1.647031077    1.647044406    1.881194578
    2.543288288    1.530911256    1.530921590    1.893360300
    2.553297297    1.442295567    1.442300695    1.917105058
    2.563306306    1.378595675    1.378593450    1.958573362
    2.573315315    1.335990601    1.335979148    2.012773456
    2.583324324    1.311539765    1.311517490    2.065719010
    2.593333333    1.304730099    1.304695995    2.102502080
    2.603342342    1.317069078    1.317023028    2.115159264
    2.613351351    1.350139082    1.350082055    2.109826924
    2.623360360    1.404207289    1.404141549    2.107216020
    2.633369369    1.478576429    1.478505000    2.131565493
    2.643378378    1.573301767    1.573226859    2.198843392
    2.653387387    1.690084573    1.690007251    2.311659019
    2.663396396    1.829841375    1.829763748    2.456250350
    2.673405405    1.989151491    1.989077290    2.602022999
    2.683414414    2.161272195    2.161202805    2.713816496
    2.693423423    2.340740844    2.340673113    2.775798333
    2.703432432    2.522701315    2.522633402    2.802380295
    2.713441441    2.694611067    2.694549741    2.820780299
    2.723450450    2.830036191    2.829997156    2.844111825
    2.733459459    2.894080283    2.894081690    2.861754732
    2.743468468    2.861204859    2.861255421    2.854578361
    2.753477477    2.735428946    2.735517662    2.819290004
    2.763486486    2.553226500    2.553328063    2.777177880
    2.773495495    2.363887748    2.363978629    2.761639372
    2.783504505    2.207024295    2.207091256    2.799409811
    2.793513514    2.103183905    2.103222408    2.897531326
    2.803522523    2.055645241    2.055655540    3.039048398
    2.813531532    2.055255023    2.055240214    3.188514260
    2.823540541    2.084768754    2.084734782    3.305784578
    2.833549550    2.123460486    2.123417024    3.358496039
    2.843558559    2.151831465    2.151792964    3.329417226
    2.853567568    2.155065454    2.155049472    3.222594230
    2.863576577    2.127196642    2.127214997    3.062632633
    2.873585586    2.075738490    2.075787706    2.885493886
    2.883594595    2.018342843    2.018407627    2.726136748
    2.893603604    1.970840833    1.970905818    2.606542328
    2.903612613    1.940213948    1.940269222    2.531712997
    2.913621622    1.927920848    1.927961052    2.495482417
    2.923630631    1.935235420    1.935259148    2.488133476
    2.933639640    1.964337586    1.964348453    2.500358289
    2.943648649    2.015796393    2.015803305    2.524199453
    2.953657658    2.086186770    2.086200911    2.553598207
    2.963666667    2.169067199    2.169095216    2.585685772
    2.973675676    2.257285659    2.257324043    2.620926955
    2.983684685    2.342091033    2.342127900    2.661498429
    2.993693694    2.411034285    2.411057569    2.709900215
    3.003702703    2.450345513    2.450351987    2.766500677
    3.013711712    2.451969939    2.451966418    2.826352021
    3.023720721    2.419737992    2.419733436    2.881903819
    3.033729730    2.367469660    2.367469373    2.927214204
    3.043738739    2.310700379    2.310706223    2.955835724
    3.053747748    2.261775780    2.261787606    2.961443913
    3.063756757    2.229825213    2.229841591    2.946795157
    3.073765766    2.221679418    2.221697267    2.927156194
    3.083774775    2.242074688    2.242089170    2.920098501
    3.093783784    2.291478690    2.291485194    2.935541692
    3.103792793    2.362093172    2.362089251    2.973802245
    3.113801802    2.436923662    2.436908923    3.024781939
    3.123810811    2.497206319    2.497181666    3.071481694
    3.133819820    2.534290471    2.534258233    3.102765207
    3.143828829    2.553910856    2.553874648    3.124077173
    3.153837838    2.569696407    2.569659334    3.154733343
    3.163846847    2.594691935    2.594654760    3.215058873
    3.173855856    2.636993617    2.636955014    3.313810878
    3.183864865    2.699311180    2.699269099    3.442879726
    3.193873874    2.780732962    2.780685897    3.580575682
    3.203882883    2.876423583    2.876373374    3.700294068
    3.213891892    2.974322786    2.974277904    3.777330815
    3.223900901    3.056229097    3.056203015    3.791164520
    3.233909910    3.106239492    3.106242136    3.729007492
    3.243918919    3.119135857    3.119165745    3.594110270
    3.253927928    3.100547345    3.100593141    3.408673210
    3.263936937    3.061213076    3.061261085    3.204506988
    3.273945946    3.012939031    3.012978537    3.011815446
    3.283954955    2.966807466    2.966832950    2.853239611
    3.293963964    2.933649393    2.933662572    2.743441391
    3.303972973    2.924061687    2.924072152    2.691325050
    3.313981982    2.944712706    2.944733789    2.700344340
    3.323990991    2.996880348    2.996921568    2.768057939
    3.334000000    3.079398880    3.079460663    2.887611516
    3.344009009    3.188372238    3.188446682    3.049670502
    3.354018018    3.312520412    3.312595133    3.242621742
    3.364027027    3.434082499    3.434143967    3.451390334
    3.374036036    3.539474226    3.539511235    3.657087578
    3.384045045    3.629092084    3.629100181    3.838739397
    3.394054054    3.714418146    3.714401244    3.977127947
    3.404063063    3.805064634    3.805031501    4.059507890
    3.414072072    3.899077858    3.899037984    4.083282851
    3.424081081    3.983981741    3.983944808    4.055324266
    3.434090090    4.046762620    4.046739881    3.987182456
    3.444099099    4.087405750    4.087407615    3.895682282
    3.454108108    4.122774215    4.122803714    3.806356605
    3.464117117    4.174076049    4.174126923    3.745503124
    3.474126126    4.251799712    4.251861235    3.724877960
    3.484135135    4.350149230    4.350210625    3.734964999
    3.494144144    4.450317474    4.450369030    3.754445093
    3.504153153    4.529221555    4.529253964    3.768495790
    3.514162162    4.570521587    4.570526727    3.777025991
    3.524171171    4.574249153    4.574225113    3.787449871
    3.534180180    4.559996127    4.559950895    3.807933927
    3.544189189    4.557152693    4.557099858    3.848739344
    3.554198198    4.587315905    4.587268548    3.919724127
    3.564207207    4.656233669    4.656203859    4.019333000
    3.574216216    4.759174730    4.759175372    4.127760202
    3.584225225    4.887729421    4.887771276    4.214411943
    3.594234234    5.032829761    5.032914873    4.258363526
    3.604243243    5.184380603    5.184499895    4.262770411
    3.614252252    5.323790187    5.323927529    4.242354499
    3.624261261    5.420243660    5.420382039    4.202179554
    3.634270270    5.446674150    5.446800695    4.140266511
    3.644279279    5.402596648    5.402705648    4.065190530
    3.654288288    5.320393451    5.320486311    3.999032331
    3.664297297    5.249793754    5.249875110    3.963841031
    3.674306306    5.232206237    5.232278641    3.970183518
    3.684315315    5.285196956    5.285259504    4.019086182
    3.694324324    5.404070052    5.404122006    4.111804023
    3.704333333    5.571266225    5.571311595    4.253807799
    3.714342342    5.766752254    5.766800206    4.448183356
    3.724351351    5.972279246    5.972338190    4.682600606
    3.734360360    6.165977341    6.166048908    4.918924772
    3.744369369    6.318847930    6.318927287    5.101338129
    3.754378378    6.397510156    6.397588851    5.186291252
    3.764387387    6.371120283    6.371186627    5.169796019
    3.774396396    6.226211772    6.226253929    5.086478042
    3.784405405    5.981604455    5.981619792    4.986118947
    3.794414414    5.685319690    5.685317977    4.906812704
    3.804423423    5.391007445    5.391001827    4.856016769
    3.814432432    5.136807294    5.136806690    4.811531931
    3.824441441    4.943517538    4.943528402    4.746663664
    3.834450450    4.824401104    4.824431483    4.658017654
    3.844459459    4.790562056    4.790621084    4.566998578
    3.854468468    4.845414783    4.845509009    4.496067802
    3.864477477    4.975683197    4.975813603    4.446418800
    3.874486486    5.152727010    5.152888918    4.402093694
    3.884495495    5.348165285    5.348352612    4.355780435
    3.894504505    5.549550261    5.549761372    4.322047806
    3.904513514    5.758964920    5.759202269    4.322717449
    3.914522523    5.975889189    5.976151906    4.364918432
    3.924531532    6.184735725    6.185017249    4.431335248
    3.934540541    6.365247919    6.365544407    4.486856125
    3.944549550    6.515414190    6.515727759    4.497023791
    3.954558559    6.651170225    6.651493708    4.443371571
    3.964567568    6.775948090    6.776248372    4.324327038
    3.974576577    6.862143581    6.862367401    4.150749232
    3.984585586    6.871398698    6.871498795    3.945371304
    3.994594595    6.787898797    6.787861426    3.739483038
    4.004603604    6.624910371    6.624765046    3.561018325
    4.014612613    6.406127223    6.405929238    3.421223116
    4.024621622    6.151456069    6.151254992    3.312065912
    4.034630631    5.876944500    5.876766955    3.216066579
    4.044639640    5.599255516    5.599111273    3.116091644
    4.054648649    5.334335102    5.334228437    2.997614876
    4.064657658    5.095434732    5.095368075    2.851894651
    4.074666667    4.896150992    4.896121591    2.683563255
    4.084675676    4.747228997    4.747220670    2.511386816
    4.094684685    4.643039492    4.643017937    2.358094991
    4.104693694    4.556072503    4.555998353    2.240987698
    4.114702703    4.453255473    4.453112755    2.169740556
    4.124711712    4.323200053    4.323012167    2.148121396
    4.134720721    4.187667347    4.187480130    2.176527454
    4.144729730    4.083260010    4.083112253    2.252918589
    4.154738739    4.032841150    4.032751369    2.370545704
    4.164747748    4.032785203    4.032754026    2.514636172
    4.174756757    4.059474523    4.059489588    2.660639104
    4.184765766    4.083076272    4.083117569    2.775211617
    4.194774775    4.080302244    4.080351824    2.826399933
    4.204783784    4.043335359    4.043384057    2.803368109
    4.214792793    3.979194540    3.979239301    2.723649384
    4.224801802    3.901935831    3.901974901    2.616222777
    4.234810811    3.827315643    3.827347878    2.502985995
    4.244819820    3.771229339    3.771255966    2.397390063
    4.254828829    3.748134007    3.748159135    2.310756715
    4.264837838    3.767381346    3.767410484    2.251894570
    4.274846847    3.829382077    3.829418812    2.222037684
    4.284855856    3.923359576    3.923400600    2.213643329
    4.294864865    4.028175569    4.028208274    2.215547692
    4.304873874    4.118856773    4.118864778    2.220602815
    4.314882883    4.180638794    4.180614746    2.229993401
    4.324891892    4.221070450    4.221024353    2.251409447
    4.334900901    4.261877892    4.261829540    2.292953905
    4.344909910    4.316910829    4.316874950    2.358481825
    4.354918919    4.382191213    4.382170175    2.447595614
    4.364927928    4.443785008    4.443771592    2.557016415
    4.374936937    4.489773212    4.489756257    2.680142791
    4.384945946    4.512433351    4.512398636    2.807708285
    4.394954955    4.497193843    4.497123627    2.931766961
    4.404963964    4.419858979    4.419742052    3.048965384
    4.414972973    4.270411440    4.270257932    3.157514468
    4.424981982    4.072837127    4.072675259    3.249676312
    4.434990991    3.869296403    3.869153109    3.309798563
    4.445000000    3.693473378    3.693361184    3.326343638
    4.455009009    3.561582341    3.561499727    3.308347947
    4.465018018    3.473401039    3.473339481    3.282757250
    4.475027027    3.412875572    3.412825671    3.273504546
    4.485036036    3.354609827    3.354564122    3.289745293
    4.495045045    3.281637173    3.281591375    3.333872562
    4.505054054    3.199432687    3.199386595    3.411203391
    4.515063063    3.128386652    3.128344226    3.526463591
    4.525072072    3.085143243    3.085111036    3.674324059
    4.535081081    3.074098581    3.074081723    3.838896510
    4.545090090    3.092841716    3.092839143    4.008546043
    4.555099099    3.139729116    3.139733436    4.189557995
    4.565108108    3.212209107    3.212212032    4.394283701
    4.575117117    3.299954193    3.299951234    4.614105152
    4.585126126    3.386019132    3.386010581    4.810948722
    4.595135135    3.459007780    3.458997905    4.938932106
    4.605144144    3.524668351    3.524663077    4.979738948
    4.615153153    3.604367585    3.604370930    4.961625338
    4.625162162    3.721213105    3.721225516    4.940351747
    4.635171171    3.885879738    3.885899785    4.958301884
    4.645180180    4.090942695    4.090970046    5.017339869
    4.655189189    4.313891863    4.313927994    5.080332777
    4.665198198    4.525504014    4.525548251    5.097959068
    4.675207207    4.697963891    4.698008593    5.044381838
    4.685216216    4.808631845    4.808666764    4.931135859
    4.695225225    4.843680687    4.843705965    4.788999505
    4.705234234    4.805726141    4.805755873    4.640536065
    4.715243243    4.717680479    4.717730205    4.486348546
    4.725252252    4.614178822    4.614253788    4.312958319
    4.735261261    4.527611850    4.527707730    4.112497903
    4.745270270    4.482637766    4.482749443    3.895994972
    4.755279279    4.499194500    4.499322601    3.690670605
    4.765288288    4.590160084    4.590307524    3.524788023
    4.775297297    4.749439522    4.749600412    3.413206780
    4.785306306    4.943272060    4.943423737    3.350670503
    4.795315315    5.118452799    5.118562161    3.313365165
    4.805324324    5.228335771    5.228380839    3.272381777
    4.815333333    5.260915596    5.260904862    3.214518208
    4.825342342    5.244414898    5.244383506    3.149180147
    4.835351351    5.223179936    5.223165378    3.093393602
    4.845360360    5.231816901    5.231838443    3.055575298
    4.855369369    5.286652276    5.286708004    3.032067231
    4.865378378    5.383413839    5.383488320    3.012334411
    4.875387387    5.498412866    5.498485333    2.988566114
    4.885396396    5.602696151    5.602750318    2.963734621
    4.895405405    5.688912084    5.688947027    2.948726962
    4.905414414    5.785244744    5.785274645    2.952086790
    4.915423423    5.931191429    5.931232453    2.974876786
    4.925432432    6.136519195    6.136576312    3.011992704
    4.935441441    6.363652578    6.363712897    3.055293724
    4.945450450    6.546601550    6.546636923    3.098643115
    4.955459459    6.631201759    6.631184757    3.142325752
    4.965468468    6.607181775    6.607105700    3.194081117
    4.975477477    6.503917567    6.503798796    3.267046961
    4.985486486    6.356436923    6.356302015    3.373755468
    4.995495495    6.182101158    6.181977032    3.518183975
    5.005504505    5.980139800    5.980046005    3.689849313
    5.015513514    5.744335135    5.744277113    3.865475196
    5.025522523    5.482407425    5.482378269    4.020641899
    5.035531532    5.219402772    5.219391095    4.142079156
    5.045540541    4.978703634    4.978700193    4.227831750
    5.055549550    4.768217340    4.768217712    4.276142246
    5.065558559    4.585564731    4.585567742    4.278465695
    5.075567568    4.430267106    4.430273095    4.228429414
    5.085576577    4.309133490    4.309144497    4.137590663
    5.095585586    4.230539699    4.230557203    4.034627675
    5.105594595    4.194110336    4.194130336    3.945625526
    5.115603604    4.183203552    4.183213755    3.880199307
    5.125612613    4.163885391    4.163868095    3.833477647
    5.135621622    4.099287884    4.099231908    3.791485530
    5.145630631    3.977705568    3.977617531    3.735394360
    5.155639640    3.824554675    3.824453477    3.649524891
    5.165648649    3.682845241    3.682747451    3.528123306
    5.175657658    3.586867568    3.586780904    3.372372516
    5.185666667    3.552229535    3.552155149    3.186277574
    5.195675676    3.579699281    3.579636191    2.981403386
    5.205684685    3.660190792    3.660139187    2.779745625
    5.215693694    3.775346801    3.775309562    2.605543339
    5.225702703    3.899564086    3.899545485    2.475318733
    5.235711712    4.008830412    4.008830268    2.394885801
    5.245720721    4.087737828    4.087745179    2.360932313
    5.255729730    4.124046081    4.124041846    2.362195519
    5.265738739    4.102102082    4.102070990    2.380326780
    5.275747748    4.011798815    4.011738206    2.394701611
    5.285756757    3.862559529    3.862476741    2.391899412
    5.295765766    3.685887500    3.685792283    2.372284953
    5.305774775    3.522880811    3.522781217    2.346917105
    5.315783784    3.404971630    3.404874728    2.328710845
    5.325792793    3.343140054    3.343054228    2.325997753
    5.335801802    3.329421254    3.329355786    2.341398379
    5.345810811    3.345611904    3.345573420    2.372854037
    5.355819820    3.372616911    3.372607140    2.412864285
    5.365828829    3.394622678    3.394639213    2.448162405
    5.375837838    3.400382624    3.400418778    2.463810702
    5.385846847    3.385841586    3.385886017    2.450743231
    5.395855856    3.353716113    3.353757566    2.411897098
    5.405864865    3.308581518    3.308615869    2.361103807
    5.415873874    3.254462464    3.254493407    2.313070398
    5.425882883    3.196236829    3.196269642    2.272519262
    5.435891892    3.139652028    3.139687899    2.233382739
    5.445900901    3.089098718    3.089134134    2.189366775
    5.455909910    3.046252562    3.046282058    2.143159647
    5.465918919    3.012619072    3.012637824    2.103482241
    5.475927928    2.992847229    2.992851043    2.076671805
    5.485936937    2.992898250    2.992882707    2.064198795
    5.495945946    3.017082744    3.017044927    2.066470915
    5.505954955    3.068146067    3.068086251    2.083561606
    5.515963964    3.146739933    3.146660713    2.109934878
    5.525972973    3.249573498    3.249479735    2.133223162
    5.535981982    3.368092397    3.367992118    2.142298430
    5.545990991    3.488128477    3.488031479    2.134452638
    5.556000000    3.594356674    3.594271032    2.112259304
    5.566009009    3.678094511    3.678024725    2.075936395
    5.576018018    3.737199567    3.737148849    2.021167972
    5.586027027    3.770189746    3.770161277    1.945606991
    5.596036036    3.778277157    3.778269912    1.857259104
    5.606045045    3.773819870    3.773824688    1.772819403
    5.616054054    3.780821034    3.780824146    1.707831859
    5.626063063    3.822504265    3.822496114    1.669672414
    5.636072072    3.908173767    3.908154662    1.656783809
    5.646081081    4.030198874    4.030176675    1.661612553
    5.656090090    4.169187251    4.169168611    1.674114386
    5.666099099    4.300072769    4.300055422    1.684136879
    5.676108108    4.398400120    4.398373038    1.684198030
    5.686117117    4.451632208    4.451581047    1.672904167
    5.696126126    4.468204340    4.468118131    1.654358089
    5.706135135    4.471939669    4.471818329    1.633688422
    5.716144144    4.485672746    4.485528713    1.615126250
    5.726153153    4.515975472    4.515824600    1.602221992
    5.736162162    4.548465908    4.548316590    1.596242969
    5.746171171    4.558276718    4.558129288    1.595169362
    5.756180180    4.529148634    4.529005338    1.595800372
    5.766189189    4.465010543    4.464880865    1.595857943
    5.776198198    4.384569240    4.384462215    1.593606576
    5.786207207    4.308121295    4.308035990    1.587135887
    5.796216216    4.249691314    4.249615406    1.576233073
    5.806225225    4.214281791    4.214198821    1.565099111
    5.816234234    4.199480227    4.199379759    1.561724821
    5.826243243    4.204667646    4.204550526    1.574433276
    5.836252252    4.237329927    4.237206029    1.608804330
    5.846261261    4.305793619    4.305677130    1.666739397
    5.856270270    4.407799483    4.407705006    1.747793366
    5.866279279    4.528424681    4.528362107    1.850824735
    5.876288288    4.647243668    4.647213663    1.974451448
    5.886297297    4.746610398    4.746604123    2.116919811
    5.896306306    4.818153323    4.818154926    2.275754936
    5.906315315    4.867678942    4.867669832    2.447249138
    5.916324324    4.913515261    4.913480588    2.625784845
    5.926333333    4.975378774    4.975313102    2.801782130
    5.936342342    5.062047786    5.061956340    2.960718554
    5.946351351    5.169431717    5.169327111    3.090281281
    5.956360360    5.289320078    5.289217161    3.192700279
    5.966369369    5.417825306    5.417735664    3.286067149
    5.976378378    5.555802239    5.555728288    3.388653078
    5.986387387    5.703751734    5.703685319    3.503879905
    5.996396396    5.854883489    5.854813967    3.621614005
    6.006405405    5.990121825    5.990046504    3.731844349
    6.016414414    6.084244314    6.084170324    3.838498959
    6.026423423    6.122210307    6.122148129    3.960064334
    6.036432432    6.107958970    6.107914821    4.113389153
    6.046441441    6.059248188    6.059220347    4.296330036
    6.056450450    5.998720241    5.998700842    4.485089494
    6.066459459    5.946049816    5.946029714    4.647388527
    6.076468468    5.910528186    5.910501700    4.759097817
    6.086477477    5.887167919    5.887134525    4.807704966
    6.096486486    5.862699311    5.862661063    4.790342859
    6.106495495    5.829291072    5.829249568    4.723098783
    6.116504505    5.793228775    5.793184801    4.641771409
    6.126513514    5.769889109    5.769843307    4.578543047
    6.136522523    5.770088441    5.770039863    4.540874642
    6.146531532    5.790379471    5.790324594    4.514713567
    6.156540541    5.813466629    5.813402268    4.484065722
    6.166549550    5.816844899    5.816770489    4.446402866
    6.176558559    5.785449967    5.785366312    4.412609324
    6.186567568    5.718686161    5.718596290    4.397748501
    6.196576577    5.623158283    5.623071164    4.414519211
    6.206585586    5.503920234    5.503847475    4.473170468
    6.216594595    5.368552381    5.368498439    4.581920800
    6.226603604    5.231404919    5.231365070    4.741665292
    6.236612613    5.107269176    5.107237479    4.939165253
    6.246621622    5.004390864    5.004366706    5.145909350
    6.256630631    4.922999660    4.922987003    5.324777798
    6.266639640    4.855795499    4.855798489    5.446900003
    6.276648649    4.787713512    4.787734543    5.506226569
    6.286657658    4.696980020    4.697019499    5.508771816
    6.296666667    4.565980134    4.566033401    5.453510394
    6.306675676    4.397980248    4.398036662    5.338167816
    6.316684685    4.218877525    4.218926833    5.175236225
    6.326693694    4.058221601    4.058259546    4.986762088
    6.336702703    3.928547664    3.928575254    4.787957921
    6.346711712    3.821374523    3.821395480    4.584609089
    6.356720721    3.720338030    3.720356961    4.382937422
    6.366729730    3.617378590    3.617398355    4.194883038
    6.376738739    3.517215309    3.517235624    4.032319509
    6.386747748    3.429872729    3.429892449    3.901524934
    6.396756757    3.361865310    3.361884679    3.804771617
    6.406765766    3.313428122    3.313447973    3.741882710
    6.416774775    3.280817077    3.280837902    3.709764596
    6.426783784    3.258529014    3.258551187    3.703831489
    6.436792793    3.240928901    3.240951453    3.717904461
    6.446801802    3.225667523    3.225686324    3.739769441
    6.456810811    3.215037391    3.215046992    3.751215856
    6.466819820    3.211562785    3.211561309    3.737627227
    6.476828829    3.213579606    3.213570857    3.694614519
    6.486837838    3.218361055    3.218351473    3.626080634
    6.496846847    3.230439987    3.230433655    3.544136924
    6.506855856    3.263038362    3.263034197    3.467020110
    6.516864865    3.330391466    3.330384403    3.407842257
    6.526873874    3.441152570    3.441137646    3.366872914
    6.536882883    3.595312581    3.595288373    3.338045142
    6.546891892    3.781110277    3.781078769    3.319934835
    6.556900901    3.974752932    3.974717051    3.315509156
    6.566909910    4.149097394    4.149059176    3.322876483
    6.576918919    4.287760124    4.287720986    3.333117621
    6.586927928    4.390377301    4.390338735    3.339348097
    6.596936937    4.464042062    4.464005123    3.344693813
    6.606945946    4.512636411    4.512601650    3.357380993
    6.616954955    4.535461279    4.535430221    3.379011215
    6.626963964    4.531111542    4.531088630    3.402005641
    6.636972973    4.497201047    4.497194148    3.417876488
    6.646981982    4.430399445    4.430416160    3.425355850
    6.656990991    4.332415225    4.332456809    3.429057992
    6.667000000    4.213866561    4.213925538    3.427459968
    6.677009009    4.089256988    4.089320823    3.403387830
    6.687018018    3.970194368    3.970252495    3.335004433
    6.697027027    3.865773621    3.865821791    3.221135780
    6.707036036    3.785498444    3.785536579    3.087414861
    6.717045045    3.736904984    3.736933128    2.964303332
    6.727054054    3.721330223    3.721348610    2.865949225
    6.737063063    3.733198092    3.733209577    2.786852126
    6.747072072    3.761644243    3.761654276    2.711955197
    6.757081081    3.791689679    3.791703241    2.630799330
    6.767090090    3.806693842    3.806712636    2.544609255
    6.777099099    3.796405108    3.796428334    2.463299804
    6.787108108    3.764329863    3.764357118    2.399597190
    6.797117117    3.722865095    3.722897449    2.364962018
    6.807126126    3.682132793    3.682171856    2.366695841
    6.817135135    3.645958076    3.646004396    2.405356107
    6.827144144    3.614454182    3.614505500    2.473783990
    6.837153153    3.587902418    3.587953295    2.559810397
    6.847162162    3.569239950    3.569284136    2.652635582
    6.857171171    3.561419735    3.561453084    2.748049383
    6.867180180    3.560174106    3.560195155    2.845280472
    6.877189189    3.549304900    3.549315317    2.936749663
    6.887198198    3.507167268    3.507172796    3.004337136
    6.897207207    3.422572767    3.422580389    3.030966253
    6.907216216    3.304400656    3.304413114    3.015134065
    6.917225225    3.175541817    3.175556295    2.969061819
    6.927234234    3.058725904    3.058737426    2.903010758
    6.937243243    2.966227645    2.966232328    2.817106573
    6.947252252    2.898147343    2.898143740    2.709858768
    6.957261261    2.846802737    2.846792239    2.589622123
    6.967270270    2.803110206    2.803096797    2.474351797
    6.977279279    2.761426069    2.761414696    2.382679849
    6.987288288    2.720116043    2.720110002    2.327809351
    6.997297297    2.678411898    2.678411470    2.317460514
    7.007306306    2.634581018    2.634584536    2.354488323
    7.017315315    2.587265479    2.587270891    2.434698708
    7.027324324    2.535854076    2.535859399    2.544011911
    7.037333333    2.479406824    2.479410631    2.660119856
    7.047342342    2.418376759    2.418379220    2.762058319
    7.057351351    2.358278139    2.358280888    2.841828555
    7.067360360    2.308369041    2.308373891    2.903914886
    7.077369369    2.274054537    2.274062557    2.950340306
    7.087378378    2.251791317    2.251802102    2.970989313
    7.097387387    2.232298859    2.232310361    2.954123854
    7.107396396    2.207435910    2.207446053    2.904777065
    7.117405405    2.174955087    2.174963478    2.848031427
    7.127414414    2.139958774    2.139966152    2.814870562
    7.137423423    2.111848837    2.111854989    2.827654326
    7.147432432    2.097340707    2.097343467    2.894082610
    7.157441441    2.095699231    2.095695677    3.007027217
    7.167450450    2.101090575    2.101079483    3.147137874
    7.177459459    2.109094531    2.109077853    3.288622384
    7.187468468    2.119694824    2.119676365    3.409384420
    7.197477477    2.134037456    2.134020151    3.498390407
    7.207486486    2.150671653    2.150656316    3.555540597
    7.217495495    2.167856353    2.167842785    3.592823908
    7.227504505    2.189279004    2.189267735    3.634635418
    7.237513514    2.223829601    2.223822083    3.707133361
    7.247522523    2.279090552    2.279087943    3.824958647
    7.257531532    2.357098361    2.357100402    3.986759563
    7.267540541    2.455422433    2.455426909    4.178677059
    7.277549550    2.570396231    2.570399197    4.383236521
    7.287558559    2.698308706    2.698306055    4.587079374
    7.297567568    2.833436109    2.833426156    4.777910344
    7.307576577    2.966936683    2.966921692    4.937425891
    7.317585586    3.087924557    3.087909737    5.044616288
    7.327594595    3.184417024    3.184407714    5.085137410
    7.337603604    3.246763441    3.246762143    5.055894870
    7.347612613    3.273677112    3.273682315    4.963897986
    7.357621622    3.271419326    3.271426923    4.820690939
    7.367630631    3.245550086    3.245556214    4.636170663
    7.377639640    3.196314896    3.196318667    4.418338097
    7.387648649    3.123634104    3.123637786    4.178759496
    7.397657658    3.035483429    3.035489542    3.935649908
    7.407666667    2.946933802    2.946942161    3.709292861
    7.417675676    2.870629628    2.870636773    3.513220955
    7.427684685    2.811710166    2.811711431    3.349979793
    7.437693694    2.770537947    2.770530779    3.215227537
    7.447702703    2.746690608    2.746676661    3.104810433
    7.457711712    2.740074083    2.740058954    3.018733282
    7.467720721    2.748385809    2.748376878    2.959230376
    7.477729730    2.763295507    2.763298594    2.925115170
    7.487738739    2.772721210    2.772737221    2.909206633
    7.497747748    2.769493511    2.769517496    2.902210739
    7.507756757    2.755659172    2.755682880    2.899291984
    7.517765766    2.739013581    2.739029407    2.903265293
    7.527774775    2.728757813    2.728761339    2.922622391
    7.537783784    2.731511587    2.731501348    2.966352447
    7.547792793    2.746212804    2.746188587    3.037374935
    7.557801802    2.762773402    2.762735566    3.127680276
    7.567810811    2.767832284    2.767783076    3.219685502
    7.577819820    2.753024036    2.752970042    3.293257387
    7.587828829    2.717777192    2.717729205    3.333555796
    7.597837838    2.666040171    2.666008380    3.337933873
    7.607846847    2.604459458    2.604448922    3.317818962
    7.617855856    2.542042461    2.542052281    3.288911168
    7.627864865    2.486471717    2.486495312    3.258264707
    7.637873874    2.440551185    2.440578028    3.223780011
    7.647882883    2.403349837    2.403370681    3.184583614
    7.657891892    2.373368596    2.373380122    3.147682238
    7.667900901    2.349641734    2.349645583    3.123273733
    7.677909910    2.330006728    2.330005501    3.114085520
    7.687918919    2.308321133    2.308316649    3.110577343
    7.697927928    2.275431088    2.275425471    3.096589556
    7.707936937    2.225928517    2.225925168    3.059412780
    7.717945946    2.163791147    2.163793364    2.998636938
    7.727954955    2.100209421    2.100218339    2.927281810
    7.737963964    2.045604506    2.045618730    2.859733698
    7.747972973    2.003352602    2.003369385    2.796617684
    7.757981982    1.969916285    1.969933825    2.722597413
    7.767990991    1.939368096    1.939386991    2.619755699
    7.778000000    1.907393750    1.907415379    2.483578156
    7.788009009    1.873653341    1.873677595    2.326097336
    7.798018018    1.843506006    1.843531789    2.166843910
    7.808027027    1.826210523    1.826237031    2.023073414
    7.818036036    1.828646863    1.828673201    1.905103617
    7.828045045    1.850115037    1.850139394    1.816125657
    7.838054054    1.882625278    1.882645431    1.753354896
    7.848063063    1.914578569    1.914593220    1.708231385
    7.858072072    1.934491512    1.934501190    1.667772181
    7.868081081    1.933783491    1.933789986    1.619941218
    7.878090090    1.909079240    1.909083865    1.560288039
    7.888099099    1.864636561    1.864639443    1.493650795
    7.898108108    1.812139991    1.812140780    1.430001411
    7.908117117    1.765570351    1.765569068    1.379089763
    7.918126126    1.734836483    1.734833989    1.347172580
    7.928135135    1.723141229    1.723139170    1.336547660
    7.938144144    1.728093047    1.728093032    1.346844092
    7.948153153    1.743225925    1.743228297    1.375634848
    7.958162162    1.759073512    1.759076987    1.417479917
    7.968171171    1.765390739    1.765393520    1.463370221
    7.978180180    1.754442238    1.754443288    1.503296751
    7.988189189    1.723154387    1.723153390    1.531093211
    7.998198198    1.673480243    1.673476882    1.547141263
    8.008207207    1.612118345    1.612112292    1.556517926
    8.018216216    1.548065000    1.548056662    1.563944807
    8.028225225    1.487520133    1.487510806    1.570064111
    8.038234234    1.431301437    1.431292288    1.572712176
    8.048243243    1.378343597    1.378334877    1.571182973
    8.058252252    1.330044790    1.330035825    1.568785614
    8.068261261    1.289231733    1.289220779    1.572075902
    8.078270270    1.256692743    1.256677241    1.588300734
    8.088279279    1.230627192    1.230605386    1.620976331
    8.098288288    1.208042385    1.208014913    1.664626187
    8.108297297    1.185287138    1.185257045    1.704236127
    8.118306306    1.158786289    1.158757480    1.723001106
    8.128315315    1.127406917    1.127381951    1.713190735
    8.138324324    1.094410788    1.094389853    1.680046800
    8.148333333    1.066204262    1.066185939    1.636821765
    8.158342342    1.048950627    1.048933319    1.597868625
    8.168351351    1.046682373    1.046665436    1.574506427
    8.178360360    1.061646425    1.061630481    1.573791999
    8.188369369    1.094531044    1.094517379    1.598507336
    8.198378378    1.143821438    1.143810948    1.648270827
    8.208387387    1.205803968    1.205796220    1.721120092
    8.218396396    1.275414350    1.275407473    1.811820030
    8.228405405    1.346367416    1.346359468    1.907053318
    8.238414414    1.411351151    1.411341893    1.985475153
    8.248423423    1.465251944    1.465242721    2.028424601
    8.258432432    1.509211327    1.509202953    2.033295943
    8.268441441    1.549438845    1.549429978    2.013955304
    8.278450450    1.592481268    1.592469040    1.988233590
    8.288459459    1.642944801    1.642926942    1.967091306
    8.298468468    1.702469010    1.702445238    1.952260500
    8.308477477    1.767931589    1.767903302    1.939985476
    8.318486486    1.832816338    1.832785296    1.926926485
    8.328495495    1.893872687    1.893839868    1.914587925
    8.338504505    1.957061043    1.957026698    1.909956942
    8.348513514    2.034759601    2.034724218    1.922006414
    8.358522523    2.135548785    2.135513574    1.956672477
    8.368531532    2.256947700    2.256913918    2.013696445
    8.378540541    2.387647188    2.387614593    2.087288794
    8.388549550    2.513458446    2.513424317    2.168611534
    8.398558559    2.618541282    2.618501798    2.245806109
    8.408567568    2.687144370    2.687097366    2.304555645
    8.418576577    2.713593817    2.713540038    2.335425323
    8.428585586    2.708983570    2.708926164    2.340846605
    8.438594595    2.692204968    2.692148943    2.330585656
    8.448603604    2.676453392    2.676404573    2.311580032
    8.458612613    2.667524035    2.667486763    2.285790320
    8.468621622    2.669443036    2.669419017    2.254675988
    8.478630631    2.684857204    2.684846337    2.220259212
    8.488639640    2.711985855    2.711986688    2.184127666
    8.498648649    2.744128075    2.744137882    2.148484432
    8.508657658    2.771929128    2.771944230    2.116491589
    8.518666667    2.788010319    2.788026112    2.090703150
    8.528675676    2.789858968    2.789870624    2.070575959
    8.538684685    2.778334731    2.778338589    2.051903162
    8.548693694    2.755404320    2.755398565    2.030538456
    8.558702703    2.720952840    2.720938002    2.005065076
    8.568711712    2.671952095    2.671932164    1.975305812
    8.578720721    2.609210533    2.609193030    1.941636964
    8.588729730    2.540392727    2.540386215    1.905767672
    8.598738739    2.472552054    2.472561510    1.870381151
    8.608747748    2.407387816    2.407410616    1.838949732
    8.618756757    2.344202575    2.344229650    1.815516703
    8.628765766    2.282527674    2.282549397    1.802489895
    8.638774775    2.222887092    2.222898304    1.798146926
    8.648783784    2.168794956    2.168796011    1.797049719
    8.658792793    2.127137794    2.127132963    1.792152265
    8.668801802    2.104639242    2.104634093    1.776860768
    8.678810811    2.104091494    2.104090417    1.748901143
    8.688819820    2.122356999    2.122362473    1.713121292
    8.698828829    2.150508841    2.150522286    1.678451393
    8.708837838    2.178750234    2.178772020    1.653325486
    8.718846847    2.204076509    2.204104648    1.644544944
    8.728855856    2.231130078    2.231160471    1.656418766
    8.738864865    2.264506792    2.264535279    1.689331075
    8.748873874    2.303127908    2.303151425    1.740076644
    8.758882883    2.342162819    2.342179426    1.801789078
    8.768891892    2.375452965    2.375461901    1.862808869
    8.778900901    2.394059968    2.394061043    1.908151593
    8.788909910    2.387879308    2.387871951    1.924464266
    8.798918919    2.353518748    2.353502905    1.905908191
    8.808927928    2.298272454    2.298249958    1.856716117
    8.818936937    2.234177550    2.234151154    1.788132590
    8.828945946    2.171449688    2.171422057    1.714390900
    8.838954955    2.117245132    2.117219733    1.649800567
    8.848963964    2.075992791    2.075973565    1.603970664
    8.858972973    2.049444169    2.049432914    1.577372115
    8.868981982    2.036314807    2.036309497    1.561539707
    8.878990991    2.032018780    2.032015024    1.543636899
    8.889000000    2.030873218    2.030867622    1.512840098
    8.899009009    2.029488103    2.029479707    1.465529289
    8.909018018    2.026964613    2.026953407    1.406448968
    8.919027027    2.021510988    2.021497347    1.345917473
    8.929036036    2.008135376    2.008120928    1.294910961
    8.939045045    1.981438719    1.981426264    1.260255058
    8.949054054    1.940933721    1.940926118    1.242421734
    8.959063063    1.891650849    1.891649695    1.236668094
    8.969072072    1.839082020    1.839086557    1.235953382
    8.979081081    1.784949170    1.784955926    1.233027883
    8.989090090    1.727442482    1.727446542    1.222097275
    8.999099099    1.665485327    1.665483046    1.202471093
    9.009108108    1.603734252    1.603725359    1.180672830
    9.019117117    1.552466195    1.552453233    1.166684240
    9.029126126    1.520884512    1.520870442    1.167825621
    9.039135135    1.509708353    1.509694792    1.185120773
    9.049144144    1.509335170    1.509322191    1.212873555
    9.059153153    1.505226738    1.505213582    1.240895054
    9.069162162    1.486638857    1.486624898    1.258743953
    9.079171171    1.451792144    1.451777657    1.259673051
    9.089180180    1.406298369    1.406284447    1.241387827
    9.099189189    1.357755287    1.357743218    1.204332302
    9.109198198    1.312666081    1.312656858    1.151968861
    9.119207207    1.277373631    1.277367444    1.092486591
    9.129216216    1.257807219    1.257803156    1.036649007
    9.139225225    1.255976763    1.255973185    0.992445885
    9.149234234    1.267129458    1.267124869    0.961913847
    9.159243243    1.280876659    1.280870304    0.942408410
    9.169252252    1.286569030    1.286561208    0.930439402
    9.179261261    1.280150702    1.280143079    0.924470572
    9.189270270    1.266160836    1.266155884    0.924042840
    9.199279279    1.252298852    1.252298390    0.927269277
    9.209288288    1.243284609    1.243288583    0.930855653
    9.219297297    1.239196370    1.239202065    0.931685080
    9.229306306    1.236021272    1.236023700    0.926680804
    9.239315315    1.227484804    1.227479399    0.913231859
    9.249324324    1.209478122    1.209463993    0.891933534
    9.259333333    1.184076380    1.184056914    0.866608259
    9.269342342    1.158323467    1.158303851    0.839781807
    9.279351351    1.138749570    1.138733881    0.809858152
    9.289360360    1.127915043    1.127905007    0.774199223
    9.299369369    1.125080238    1.125075447    0.733563138
    9.309378378    1.127990288    1.127989268    0.691965132
    9.319387387    1.134334500    1.134335772    0.653458935
    9.329396396    1.142305732    1.142307756    0.620273791
    9.339405405    1.149567786    1.149568348    0.592916204
    9.349414414    1.152271063    1.152267388    0.570841012
    9.359423423    1.145661295    1.145651156    0.553376639
    9.369432432    1.126056885    1.126040267    0.540334696
    9.379441441    1.093728389    1.093707996    0.531649598
    9.389450450    1.054302689    1.054282362    0.526782215
    9.399459459    1.015784595    1.015767456    0.524575133
    9.409468468    0.983646512    0.983634286    0.523561662
    9.419477477    0.958878750    0.958871711    0.522489371
    9.429486486    0.939824196    0.939821303    0.520789585
    9.439495495    0.925558129    0.925557826    0.519261867
    9.449504505    0.917484626    0.917486072    0.520261699
    9.459513514    0.917807220    0.917810581    0.526296218
    9.469522523    0.927211215    0.927216624    0.538218403
    9.479531532    0.943738816    0.943745231    0.554566732
    9.489540541    0.963236898    0.963242235    0.571991931
    9.499549550    0.981614710    0.981617192    0.586340830
    9.509558559    0.997514331    0.997513775    0.594205332
    9.519567568    1.012474023    1.012471917    0.594374200
    9.529576577    1.028345853    1.028344051    0.588382329
    9.539585586    1.044513256    1.044512391    0.579587975
    9.549594595    1.058010601    1.058009777    0.571644863
    9.559603604    1.067174436    1.067172539    0.568018939
    9.569612613    1.073749630    1.073746740    0.572014150
    9.579621622    1.079788536    1.079785959    0.585827789
    9.589630631    1.084678238    1.084677589    0.609164251
    9.599639640    1.087058882    1.087061411    0.638907792
    9.609648649    1.088325840    1.088332362    0.670461188
    9.619657658    1.093661454    1.093672464    0.699928522
    9.629666667    1.110022396    1.110037915    0.725420367
    9.639675676    1.142141048    1.142160108    0.746403577
    9.649684685    1.188501000    1.188520881    0.762221135
    9.659693694    1.240015083    1.240030966    0.772614213
    9.669702703    1.283334208    1.283340564    0.779491235
    9.679711712    1.307148155    1.307141998    0.785981584
    9.689720721    1.306774901    1.306757987    0.793303283
    9.699729730    1.284024968    1.284002518    0.799339658
    9.709738739    1.244437830    1.244415453    0.800282329
    9.719747748    1.195509206    1.195490594    0.793705732
    9.729756757    1.145671121    1.145657259    0.780623956
    9.739765766    1.101742966    1.101732708    0.764426378
    9.749774775    1.066282330    1.066273721    0.748257780
    9.759783784    1.038195903    1.038187289    0.734703522
    9.769792793    1.015654823    1.015645375    0.727091403
    9.779801802    0.998160886    0.998150780    0.729490237
    9.789810811    0.986841664    0.986831772    0.745360568
    9.799819820    0.983486729    0.983478026    0.776100590
    9.809828829    0.989451669    0.989445039    0.820456780
    9.819837838    1.005405234    1.005401356    0.875470308
    9.829846847    1.031451434    1.031450330    0.937995475
    9.839855856    1.066663107    1.066663908    1.004087395
    9.849864865    1.107179404    1.107180663    1.065990985
    9.859873874    1.144183019    1.144182991    1.111310498
    9.869882883    1.165787941    1.165784777    1.128092564
    9.879891892    1.163642666    1.163635282    1.112252329
    9.889900901    1.138060270    1.138049057    1.069880642
    9.899909910    1.096077673    1.096063936    1.012703869
    9.909918919    1.045978115    1.045963258    0.952262942
    9.919927928    0.994548423    0.994533872    0.897233790
    9.929936937    0.947104612    0.947091868    0.852929929
    9.939945946    0.907110044    0.907100169    0.821222749
    9.949954955    0.875693050    0.875686034    0.801344867
    9.959963964    0.852903790    0.852898722    0.791303823
    9.969972973    0.839416259    0.839412202    0.788479354
    9.979981982    0.836921835    0.836918431    0.790359645
    9.989990991    0.847630836    0.847628226    0.796395347
   10.000000000    0.873023601    0.873022086    0.808293130
