# energy grid [eV]     epsi_x  epsi_y  epsi_z
#
    0.001000000    0.000134342    0.000134343    0.000011841
    0.011009009    0.001479241    0.001479251    0.000130362
    0.021018018    0.002825460    0.002825480    0.000248909
    0.031027027    0.004174204    0.004174233    0.000367504
    0.041036036    0.005526685    0.005526723    0.000486172
    0.051045045    0.006884125    0.006884172    0.000604935
    0.061054054    0.008247760    0.008247817    0.000723818
    0.071063063    0.009618847    0.009618913    0.000842844
    0.081072072    0.010998661    0.010998737    0.000962037
    0.091081081    0.012388505    0.012388591    0.001081421
    0.101090090    0.013789711    0.013789807    0.001201019
    0.111099099    0.015203647    0.015203752    0.001320858
    0.121108108    0.016631716    0.016631831    0.001440960
    0.131117117    0.018075366    0.018075492    0.001561353
    0.141126126    0.019536095    0.019536231    0.001682060
    0.151135135    0.021015450    0.021015597    0.001803107
    0.161144144    0.022515041    0.022515198    0.001924522
    0.171153153    0.024036541    0.024036709    0.002046330
    0.181162162    0.025581695    0.025581874    0.002168559
    0.191171171    0.027152326    0.027152516    0.002291236
    0.201180180    0.028750341    0.028750543    0.002414390
    0.211189189    0.030377745    0.030377958    0.002538049
    0.221198198    0.032036641    0.032036866    0.002662243
    0.231207207    0.033729246    0.033729483    0.002787003
    0.241216216    0.035457898    0.035458148    0.002912359
    0.251225225    0.037225070    0.037225333    0.003038343
    0.261234234    0.039033379    0.039033655    0.003164989
    0.271243243    0.040885602    0.040885891    0.003292330
    0.281252252    0.042784688    0.042784991    0.003420400
    0.291261261    0.044733778    0.044734096    0.003549237
    0.301270270    0.046736219    0.046736551    0.003678878
    0.311279279    0.048795585    0.048795933    0.003809361
    0.321288288    0.050915702    0.050916065    0.003940726
    0.331297297    0.053100664    0.053101043    0.004073016
    0.341306306    0.055354869    0.055355265    0.004206274
    0.351315315    0.057683042    0.057683455    0.004340546
    0.361324324    0.060090271    0.060090702    0.004475879
    0.371333333    0.062582042    0.062582492    0.004612323
    0.381342342    0.065164283    0.065164752    0.004749930
    0.391351351    0.067843407    0.067843896    0.004888755
    0.401360360    0.070626366    0.070626876    0.005028856
    0.411369369    0.073520706    0.073521238    0.005170295
    0.421378378    0.076534637    0.076535191    0.005313135
    0.431387387    0.079677104    0.079677682    0.005457447
    0.441396396    0.082957871    0.082958474    0.005603301
    0.451405405    0.086387618    0.086388246    0.005750777
    0.461414414    0.089978044    0.089978699    0.005899957
    0.471423423    0.093741999    0.093742682    0.006050929
    0.481432432    0.097693616    0.097694329    0.006203790
    0.491441441    0.101848477    0.101849220    0.006358641
    0.501450450    0.106223798    0.106224573    0.006515593
    0.511459459    0.110838640    0.110839450    0.006674767
    0.521468468    0.115714160    0.115715006    0.006836291
    0.531477477    0.120873894    0.120874778    0.007000309
    0.541486486    0.126344088    0.126345013    0.007166974
    0.551495495    0.132154091    0.132155058    0.007336456
    0.561504505    0.138336802    0.138337814    0.007508941
    0.571513514    0.144929207    0.144930268    0.007684636
    0.581522523    0.151973007    0.151974119    0.007863769
    0.591531532    0.159515357    0.159516524    0.008046593
    0.601540541    0.167609752    0.167610977    0.008233392
    0.611549550    0.176317077    0.176318364    0.008424483
    0.621558559    0.185706868    0.185708222    0.008620225
    0.631567568    0.195858827    0.195860253    0.008821020
    0.641576577    0.206864659    0.206866162    0.009027329
    0.651585586    0.218830294    0.218831881    0.009239675
    0.661594595    0.231878612    0.231880290    0.009458661
    0.671603604    0.246152782    0.246154558    0.009684980
    0.681612613    0.261820388    0.261822271    0.009919437
    0.691621622    0.279078550    0.279080551    0.010162967
    0.701630631    0.298160338    0.298162468    0.010416671
    0.711639640    0.319342828    0.319345100    0.010681846
    0.721648649    0.342957318    0.342959747    0.010960032
    0.731657658    0.369402360    0.369404964    0.011253070
    0.741666667    0.399160513    0.399163312    0.011563177
    0.751675676    0.432820049    0.432823067    0.011893041
    0.761684685    0.471103292    0.471106557    0.012245949
    0.771693694    0.514903930    0.514907476    0.012625951
    0.781702703    0.565336537    0.565340404    0.013038079
    0.791711712    0.623802846    0.623807082    0.013488642
    0.801720721    0.692081124    0.692085786    0.013985622
    0.811729730    0.772447547    0.772452709    0.014539211
    0.821738739    0.867841953    0.867847705    0.015162549
    0.831747748    0.982094819    0.982101271    0.015872723
    0.841756757    1.120237481    1.120244776    0.016692148
    0.851765766    1.288921719    1.288930036    0.017650423
    0.861774775    1.496972194    1.496981766    0.018786778
    0.871783784    1.756070426    1.756081554    0.020153104
    0.881792793    2.081481708    2.081494780    0.021817172
    0.891801802    2.492490326    2.492505843    0.023864564
    0.901810811    3.011594766    3.011613359    0.026395108
    0.911819820    3.660174934    3.660197354    0.029503693
    0.921828829    4.446062688    4.446089721    0.033225230
    0.931837838    5.336921825    5.336954056    0.037416773
    0.941846847    6.221030839    6.221068194    0.041583851
    0.951855856    6.889291585    6.889332803    0.044800808
    0.961864865    7.109185735    7.109228274    0.046038297
    0.971873874    6.789973874    6.790014699    0.044894844
    0.981882883    6.063733601    6.063770394    0.041955706
    0.991891892    5.170204761    5.170236532    0.038282938
    1.001900901    4.300751247    4.300778105    0.034724415
    1.011909910    3.547974360    3.547996962    0.031690711
    1.021918919    2.933132402    2.933151546    0.029276527
    1.031927928    2.444051041    2.444067463    0.027428576
    1.041936937    2.058487317    2.058501628    0.026049061
    1.051945946    1.754426336    1.754439024    0.025041281
    1.061954955    1.513415068    1.513426511    0.024324408
    1.071963964    1.320988527    1.320999022    0.023835393
    1.081972973    1.166126782    1.166136564    0.023526582
    1.091981982    1.040521493    1.040530748    0.023362496
    1.101990991    0.937916013    0.937924895    0.023316934
    1.112000000    0.853581452    0.853590086    0.023370701
    1.122009009    0.783921813    0.783930309    0.023509901
    1.132018018    0.726183117    0.726191569    0.023724709
    1.142027027    0.678240972    0.678249467    0.024008511
    1.152036036    0.638445646    0.638454262    0.024357310
    1.162045045    0.605508774    0.605517588    0.024769344
    1.172054054    0.578420165    0.578429253    0.025244880
    1.182063063    0.556386405    0.556395843    0.025786138
    1.192072072    0.538785367    0.538795235    0.026397355
    1.202081081    0.525132448    0.525142830    0.027084983
    1.212090090    0.515055548    0.515066537    0.027858031
    1.222099099    0.508276709    0.508288406    0.028728600
    1.232108108    0.504598916    0.504611434    0.029712645
    1.242117117    0.503897055    0.503910522    0.030831048
    1.252126126    0.506112360    0.506126924    0.032111120
    1.262135135    0.511249948    0.511265780    0.033588668
    1.272144144    0.519379279    0.519396578    0.035310852
    1.282153153    0.530637599    0.530656602    0.037340076
    1.292162162    0.545236600    0.545257586    0.039759183
    1.302171171    0.563472717    0.563496023    0.042678070
    1.312180180    0.585741557    0.585767590    0.046241219
    1.322189189    0.612556779    0.612586029    0.050633869
    1.332198198    0.644572879    0.644605942    0.056079840
    1.342207207    0.682608981    0.682646572    0.062813420
    1.352216216    0.727666081    0.727709041    0.070987761
    1.362225225    0.780925489    0.780974776    0.080460634
    1.372234234    0.843727076    0.843783759    0.090430729
    1.382243243    0.917589758    0.917655132    0.099121542
    1.392252252    1.004447784    1.004523754    0.104114993
    1.402261261    1.107218363    1.107308021    0.103739722
    1.412270270    1.230417392    1.230525331    0.098420000
    1.422279279    1.380421197    1.380553420    0.090308509
    1.432288288    1.565561986    1.565725909    0.081696060
    1.442297297    1.796514709    1.796719614    0.073988623
    1.452306306    2.087000156    2.087257908    0.067699477
    1.462315315    2.454445557    2.454771061    0.062830448
    1.472324324    2.919880345    2.920290924    0.059185094
    1.482333333    3.505405141    3.505917019    0.056530497
    1.492342342    4.225673898    4.226292204    0.054659597
    1.502351351    5.067600357    5.068297983    0.053406751
    1.512360360    5.955077302    5.955764629    0.052645605
    1.522369369    6.716863984    6.717378126    0.052282038
    1.532378378    7.118218524    7.118388036    0.052246922
    1.542387387    7.001042019    7.000815730    0.052490130
    1.552396396    6.418033618    6.417526007    0.052975973
    1.562405405    5.585084029    5.584472792    0.053679879
    1.572414414    4.718543441    4.717959038    0.054586043
    1.582423423    3.943656550    3.943157339    0.055685824
    1.592432432    3.302207927    3.301804738    0.056976718
    1.602441441    2.790927092    2.790609888    0.058461777
    1.612450450    2.390114246    2.389867329    0.060149414
    1.622459459    2.077687686    2.077496058    0.062053557
    1.632468468    1.834353892    1.834205194    0.064194147
    1.642477477    1.644767153    1.644651807    0.066598024
    1.652486486    1.497224498    1.497135294    0.069300270
    1.662495495    1.382979713    1.382911299    0.072346134
    1.672504505    1.295570929    1.295519370    0.075793721
    1.682513514    1.230274706    1.230237143    0.079717711
    1.692522523    1.183697605    1.183672008    0.084214480
    1.702531532    1.153486065    1.153471053    0.089409139
    1.712540541    1.138131214    1.138125950    0.095465164
    1.722549550    1.136849107    1.136853228    0.102597403
    1.732558559    1.149521452    1.149535037    0.111089172
    1.742567568    1.176683426    1.176706989    0.121313334
    1.752576577    1.219538581    1.219573053    0.133754537
    1.762585586    1.279955751    1.280002394    0.149022103
    1.772594595    1.360338054    1.360398147    0.167824191
    1.782603604    1.463119523    1.463193523    0.190833590
    1.792612613    1.589454375    1.589540140    0.218310583
    1.802621622    1.736704513    1.736794711    0.249318245
    1.812630631    1.895581902    1.895663168    0.280621442
    1.822639640    2.051098181    2.051157866    0.306264881
    1.832648649    2.192371106    2.192412146    0.319657131
    1.842657658    2.325668760    2.325716974    0.317998085
    1.852666667    2.475006800    2.475099307    0.304714072
    1.862675676    2.670000146    2.670170113    0.286835082
    1.872684685    2.936414799    2.936686875    0.270622288
    1.882693694    3.294627891    3.295019854    0.259638598
    1.892702703    3.759120663    3.759641828    0.255212059
    1.902711712    4.331609169    4.332249241    0.257406641
    1.912720721    4.984471534    4.985178900    0.265475435
    1.922729730    5.641250667    5.641916129    0.277695821
    1.932738739    6.182885258    6.183372936    0.291063674
    1.942747748    6.511520723    6.511760245    0.301895771
    1.952756757    6.630400253    6.630443222    0.307903715
    1.962765766    6.636166266    6.636116091    0.309838141
    1.972774775    6.627091921    6.626997932    0.310388169
    1.982783784    6.642265847    6.642111293    0.311903944
    1.992792793    6.683073746    6.682847487    0.315754576
    2.002801802    6.759124143    6.758862638    0.323101100
    2.012810811    6.886760014    6.886509182    0.335361220
    2.022819820    7.056855033    7.056633347    0.354026535
    2.032828829    7.238463094    7.238286644    0.380535107
    2.042837838    7.419887454    7.419805297    0.416439513
    2.052846847    7.626248416    7.626319803    0.463659637
    2.062855856    7.893353764    7.893590807    0.524631065
    2.072864865    8.227520576    8.227860908    0.602196084
    2.082873874    8.576424251    8.576754835    0.698938985
    2.092882883    8.847727210    8.847949412    0.815405708
    2.102891892    8.980760238    8.980850469    0.946692763
    2.112900901    8.983426197    8.983423734    1.078549361
    2.122909910    8.888190924    8.888143465    1.188463803
    2.132918919    8.724181004    8.724131870    1.258197031
    2.142927928    8.548810317    8.548808986    1.289899240
    2.152936937    8.447322426    8.447405855    1.304894955
    2.162945946    8.468954670    8.469114922    1.325259164
    2.172954955    8.573687759    8.573861094    1.360271511
    2.182963964    8.643962569    8.644056833    1.407174571
    2.192972973    8.553380555    8.553325465    1.457193191
    2.202981982    8.226855875    8.226625758    1.495561539
    2.212990991    7.649955073    7.649564225    1.499047018
    2.223000000    6.871732603    6.871236828    1.446573218
    2.233009009    6.000964138    6.000443065    1.339168742
    2.243018018    5.156177302    5.155695403    1.201998737
    2.253027027    4.413628627    4.413216533    1.065092291
    2.263036036    3.799375261    3.799037229    0.947850766
    2.273045045    3.308446437    3.308174047    0.857745197
    2.283054054    2.923846983    2.923628263    0.795349094
    2.293063063    2.627089373    2.626912918    0.758743687
    2.303072072    2.402248044    2.402104286    0.745744603
    2.313081081    2.236617650    2.236498909    0.754464445
    2.323090090    2.119702453    2.119602580    0.782714039
    2.333099099    2.041314421    2.041228466    0.826528418
    2.343108108    1.989826134    1.989750388    0.878721644
    2.353117117    1.952836278    1.952768992    0.929787455
    2.363126126    1.921480443    1.921422749    0.972491949
    2.373135135    1.894286731    1.894242129    1.006111737
    2.383144144    1.876051696    1.876023338    1.036024684
    2.393153153    1.874710915    1.874699123    1.071566390
    2.403162162    1.899374175    1.899377200    1.123944795
    2.413171171    1.958506943    1.958523827    1.202283514
    2.423180180    2.058370253    2.058402785    1.309031296
    2.433189189    2.202349892    2.202402580    1.437023904
    2.443198198    2.390725614    2.390803380    1.570072256
    2.453207207    2.619710205    2.619814220    1.688354721
    2.463216216    2.877688352    2.877812648    1.774445180
    2.473225225    3.141003578    3.141135933    1.815181195
    2.483234234    3.380559961    3.380688955    1.803705578
    2.493243243    3.581045930    3.581168240    1.745789056
    2.503252252    3.746545866    3.746660934    1.661061119
    2.513261261    3.876959358    3.877056293    1.570240088
    2.523270270    3.950658659    3.950718728    1.481938838
    2.533279279    3.948283948    3.948302870    1.395321542
    2.543288288    3.890598114    3.890599923    1.312391834
    2.553297297    3.837654029    3.837677929    1.242660035
    2.563306306    3.853769217    3.853849566    1.197527058
    2.573315315    3.982076966    3.982235499    1.185095548
    2.583324324    4.240344694    4.240589008    1.210000375
    2.593333333    4.622081806    4.622398618    1.275220580
    2.603342342    5.092212151    5.092555676    1.382911524
    2.613351351    5.581103948    5.581396868    1.533191797
    2.623360360    5.994177821    5.994341390    1.720739600
    2.633369369    6.246047546    6.246039629    1.930044483
    2.643378378    6.290240079    6.290062295    2.132433663
    2.653387387    6.123696756    6.123383475    2.291015301
    2.663396396    5.789772000    5.789385035    2.378357948
    2.673405405    5.374168437    5.373776072    2.397186176
    2.683414414    4.969494328    4.969139615    2.378510606
    2.693423423    4.632660201    4.632353806    2.354077286
    2.703432432    4.366185507    4.365920294    2.332699797
    2.713441441    4.126788664    4.126553195    2.298152291
    2.723450450    3.859582770    3.859367802    2.227580250
    2.733459459    3.543660383    3.543461527    2.118460569
    2.743468468    3.206105220    3.205921735    1.995618434
    2.753477477    2.891451918    2.891283205    1.890028260
    2.763486486    2.628789885    2.628633687    1.816135708
    2.773495495    2.423729074    2.423581982    1.765474416
    2.783504505    2.267099393    2.266957756    1.715426775
    2.793513514    2.147913771    2.147773997    1.648007430
    2.803522523    2.061718000    2.061576655    1.563648354
    2.813531532    2.009039754    2.008893947    1.474443385
    2.823540541    1.989376428    1.989223841    1.387694614
    2.833549550    1.999639117    1.999476672    1.300768058
    2.843558559    2.037309125    2.037130759    1.208800968
    2.853567568    2.103122897    2.102918686    1.112911532
    2.863576577    2.201816421    2.201574951    1.020848213
    2.873585586    2.340557303    2.340271584    0.941863270
    2.883594595    2.521314543    2.520990443    0.882039447
    2.893603604    2.728507896    2.728171633    0.843275262
    2.903612613    2.923017424    2.922711531    0.824383272
    2.913621622    3.056391131    3.056149025    0.822308313
    2.923630631    3.102006677    3.101825056    0.833272492
    2.933639640    3.071835507    3.071682813    0.853966252
    2.943648649    2.999494394    2.999352533    0.881440861
    2.953657658    2.907929510    2.907828806    0.910466247
    2.963666667    2.789645761    2.789658022    0.931191169
    2.973675676    2.619082098    2.619261455    0.932954059
    2.983684685    2.388127945    2.388453137    0.913435224
    2.993693694    2.122246373    2.122637660    0.881988108
    3.003702703    1.860012562    1.860393291    0.852568440
    3.013711712    1.628587869    1.628916545    0.835966938
    3.023720721    1.438070374    1.438335834    0.837992750
    3.033729730    1.287387151    1.287593970    0.861101082
    3.043738739    1.170823106    1.170981407    0.905794436
    3.053747748    1.082002158    1.082122680    0.970385927
    3.063756757    1.015693333    1.015785487    1.049238409
    3.073765766    0.968073693    0.968145053    1.131402115
    3.083774775    0.936464212    0.936520526    1.203995127
    3.093783784    0.919534775    0.919580017    1.261915184
    3.103792793    0.917642606    0.917679214    1.314682349
    3.113801802    0.932487131    0.932516494    1.381062103
    3.123810811    0.966331298    0.966354085    1.478321661
    3.133819820    1.021284082    1.021300161    1.616171927
    3.143828829    1.098379284    1.098387417    1.795165308
    3.153837838    1.195960534    1.195958264    2.006741460
    3.163846847    1.307321390    1.307305455    2.235224680
    3.173855856    1.418635918    1.418603392    2.460454050
    3.183864865    1.510743765    1.510694857    2.658979600
    3.193873874    1.567692222    1.567634626    2.807810551
    3.203882883    1.584513768    1.584463061    2.888431489
    3.213891892    1.565732746    1.565703418    2.887316656
    3.223900901    1.522668610    1.522662389    2.807418555
    3.233909910    1.473842878    1.473848279    2.682852914
    3.243918919    1.440246581    1.440249280    2.565868379
    3.253927928    1.437076204    1.437067541    2.496713144
    3.263936937    1.469258618    1.469237844    2.486371973
    3.273945946    1.530942146    1.530915367    2.515516629
    3.283954955    1.607448527    1.607425229    2.545195175
    3.293963964    1.680532893    1.680520623    2.540389878
    3.303972973    1.734402560    1.734404252    2.491608435
    3.313981982    1.758063767    1.758078788    2.410557312
    3.323990991    1.745605515    1.745630158    2.308700427
    3.334000000    1.695186600    1.695214923    2.184712336
    3.344009009    1.607994581    1.608021169    2.029727326
    3.354018018    1.492733084    1.492754844    1.844450462
    3.364027027    1.368059445    1.368075338    1.647239512
    3.374036036    1.254504089    1.254514160    1.462465186
    3.384045045    1.165651850    1.165656536    1.306620796
    3.394054054    1.106928265    1.106928158    1.185481927
    3.404063063    1.078643051    1.078639074    1.097835434
    3.414072072    1.078546154    1.078540064    1.039013363
    3.424081081    1.102726164    1.102721044    1.002402775
    3.434090090    1.146140608    1.146140402    0.980305333
    3.444099099    1.204617697    1.204625408    0.966259962
    3.454108108    1.277297613    1.277314448    0.958315843
    3.464117117    1.364899280    1.364927111    0.959267967
    3.474126126    1.463371109    1.463414891    0.972792785
    3.484135135    1.560256265    1.560320524    0.999415222
    3.494144144    1.639840221    1.639920114    1.034910456
    3.504153153    1.692633202    1.692710856    1.071374230
    3.514162162    1.719913609    1.719967856    1.101615037
    3.524171171    1.733281339    1.733301844    1.125379320
    3.534180180    1.750847243    1.750837083    1.151324862
    3.544189189    1.787613675    1.787579710    1.192041498
    3.554198198    1.845541525    1.845486413    1.257592404
    3.564207207    1.912497059    1.912420792    1.352210763
    3.574216216    1.970850902    1.970757481    1.473502808
    3.584225225    2.006880389    2.006780307    1.613679390
    3.594234234    2.015178542    2.015083013    1.764199759
    3.604243243    2.002436479    2.002349165    1.920591049
    3.614252252    1.987784533    1.987700502    2.078407161
    3.624261261    1.991916590    1.991830057    2.221152057
    3.634270270    2.020829168    2.020742474    2.317992315
    3.644279279    2.055944896    2.055872088    2.341701629
    3.654288288    2.059484859    2.059445035    2.288333757
    3.664297297    1.999652309    1.999653886    2.178166785
    3.674306306    1.878076958    1.878109103    2.045191722
    3.684315315    1.727601114    1.727643256    1.925041606
    3.694324324    1.585660739    1.585696030    1.844598061
    3.704333333    1.476211739    1.476231298    1.819109611
    3.714342342    1.409320381    1.409321076    1.856050776
    3.724351351    1.387285762    1.387267493    1.959687076
    3.734360360    1.409062707    1.409027393    2.132628231
    3.744369369    1.471190729    1.471142668    2.373258321
    3.754378378    1.565924467    1.565870471    2.669008721
    3.764387387    1.678257027    1.678204712    2.987538870
    3.774396396    1.784983232    1.784938518    3.272978404
    3.784405405    1.860721253    1.860687314    3.460993754
    3.794414414    1.892031075    1.892007857    3.517219270
    3.804423423    1.886289518    1.886274059    3.463026491
    3.814432432    1.863048195    1.863035985    3.350164887
    3.824441441    1.840886039    1.840870692    3.217661638
    3.834450450    1.832839310    1.832812653    3.079867288
    3.844459459    1.845124603    1.845080232    2.937808069
    3.854468468    1.875783882    1.875722463    2.789012897
    3.864477477    1.915712728    1.915645810    2.634108800
    3.874486486    1.951100285    1.951047885    2.480793866
    3.884495495    1.968630511    1.968609293    2.341430200
    3.894504505    1.966588131    1.966598316    2.230634403
    3.904513514    1.961201167    1.961227223    2.163521841
    3.914522523    1.976946007    1.976969835    2.149788364
    3.924531532    2.030583227    2.030594583    2.187185046
    3.934540541    2.122879694    2.122878319    2.259142043
    3.944549550    2.239095701    2.239089817    2.338363821
    3.954558559    2.353634894    2.353638031    2.395173599
    3.964567568    2.437136440    2.437160454    2.405903023
    3.974576577    2.465082268    2.465130995    2.359675723
    3.984585586    2.422517255    2.422587286    2.260448505
    3.994594595    2.307823071    2.307906301    2.122598695
    4.004603604    2.140548598    2.140633664    1.968162718
    4.014612613    1.957729591    1.957805754    1.823722607
    4.024621622    1.794826304    1.794886950    1.711685508
    4.034630631    1.671733378    1.671775968    1.643401639
    4.044639640    1.592205418    1.592229935    1.618334713
    4.054648649    1.549237812    1.549246210    1.625290700
    4.064657658    1.530975075    1.530971021    1.643501376
    4.074666667    1.526739679    1.526726115    1.646962189
    4.084675676    1.532377658    1.532353555    1.616379495
    4.094684685    1.550756381    1.550716940    1.551286252
    4.104693694    1.585428883    1.585369312    1.466916504
    4.114702703    1.633962140    1.633882404    1.380745895
    4.124711712    1.687988267    1.687896222    1.305605554
    4.134720721    1.738686625    1.738596139    1.249729371
    4.144729730    1.781128709    1.781052796    1.217093599
    4.154738739    1.815037513    1.814981028    1.208280978
    4.164747748    1.845548313    1.845504712    1.222985779
    4.174756757    1.882195821    1.882153097    1.261288581
    4.184765766    1.930248312    1.930201471    1.321038095
    4.194774775    1.979280279    1.979238190    1.393436651
    4.204783784    2.002906109    2.002885042    1.462387990
    4.214792793    1.977574854    1.977582902    1.512003889
    4.224801802    1.904698127    1.904727475    1.536889000
    4.234810811    1.808556656    1.808592675    1.542140992
    4.244819820    1.714512007    1.714545724    1.535237019
    4.254828829    1.635464434    1.635495722    1.524448561
    4.264837838    1.574445909    1.574478224    1.522402418
    4.274846847    1.532888029    1.532921676    1.544435411
    4.284855856    1.514561933    1.514593032    1.603218618
    4.294864865    1.522316867    1.522341500    1.704701467
    4.304873874    1.552846714    1.552864190    1.844463090
    4.314882883    1.595401805    1.595414654    2.002901391
    4.324891892    1.635897476    1.635909131    2.144401148
    4.334900901    1.664981922    1.664993707    2.231916965
    4.344909910    1.685782035    1.685791789    2.254453134
    4.354918919    1.714235722    1.714239444    2.237315621
    4.364927928    1.770375768    1.770370211    2.220491452
    4.374936937    1.868785821    1.868769372    2.233001389
    4.384945946    2.014202533    2.014174665    2.285287287
    4.394954955    2.201017497    2.200978416    2.373153726
    4.404963964    2.415046462    2.414997285    2.483931234
    4.414972973    2.635071878    2.635013586    2.602233110
    4.424981982    2.830177890    2.830108874    2.711145553
    4.434990991    2.961967966    2.961884587    2.793951968
    4.445000000    3.005083217    3.004983960    2.847444178
    4.455009009    2.966557657    2.966444096    2.892267042
    4.465018018    2.878121338    2.877994877    2.961430472
    4.475027027    2.775618926    2.775478696    3.081091272
    4.485036036    2.685149735    2.684992840    3.260991289
    4.495045045    2.618314096    2.618136612    3.491163989
    4.505054054    2.575458844    2.575256768    3.736150009
    4.515063063    2.552634141    2.552403425    3.931824233
    4.525072072    2.546304530    2.546039293    4.005426494
    4.535081081    2.554730070    2.554420428    3.922439587
    4.545090090    2.577957493    2.577590207    3.715700756
    4.555099099    2.613809255    2.613370695    3.455166533
    4.565108108    2.649956011    2.649433868    3.195536555
    4.575117117    2.662619828    2.662004154    2.960058080
    4.585126126    2.631308958    2.630592546    2.757781120
    4.595135135    2.558510032    2.557684087    2.598703838
    4.605144144    2.472585778    2.471632783    2.492435270
    4.615153153    2.411045755    2.409937073    2.441604584
    4.625162162    2.401003524    2.399705838    2.441405642
    4.635171171    2.449357404    2.447849241    2.484285506
    4.645180180    2.541662790    2.539960333    2.562667459
    4.655189189    2.647934539    2.646114249    2.665840635
    4.665198198    2.736980176    2.735170250    2.774699131
    4.675207207    2.791446805    2.789778529    2.860686107
    4.685216216    2.810629616    2.809187453    2.894076279
    4.695225225    2.802820709    2.801627114    2.861989233
    4.705234234    2.777525347    2.776554724    2.778631672
    4.715243243    2.740188956    2.739392972    2.670940387
    4.725252252    2.689323040    2.688655692    2.555392040
    4.735261261    2.617928609    2.617360550    2.431587298
    4.745270270    2.514904951    2.514421565    2.293099007
    4.755279279    2.369167712    2.368759280    2.140458529
    4.765288288    2.182390943    2.182046604    1.985708143
    4.775297297    1.975138847    1.974846932    1.846043727
    4.785306306    1.775595717    1.775346135    1.733033996
    4.795315315    1.605440684    1.605225857    1.648363745
    4.805324324    1.475366074    1.475180350    1.589330730
    4.815333333    1.387989736    1.387828544    1.556247313
    4.825342342    1.341816024    1.341675420    1.552543114
    4.835351351    1.333157250    1.333033608    1.578882526
    4.845360360    1.356064317    1.355953941    1.629354327
    4.855369369    1.401361251    1.401259937    1.693642579
    4.865378378    1.456553329    1.456456034    1.762465295
    4.875387387    1.509377191    1.509278665    1.830949683
    4.885396396    1.554386004    1.554282538    1.897437741
    4.895405405    1.594534704    1.594424832    1.956798087
    4.905414414    1.634066183    1.633949465    1.993245275
    4.915423423    1.670447189    1.670322890    1.984562031
    4.925432432    1.692874612    1.692742031    1.918196595
    4.935441441    1.689902125    1.689762484    1.802323233
    4.945450450    1.660728368    1.660584860    1.660316901
    4.955459459    1.617827447    1.617682835    1.518032630
    4.965468468    1.577688352    1.577545127    1.395484248
    4.975477477    1.548411204    1.548275003    1.303467856
    4.985486486    1.524512690    1.524393257    1.242889219
    4.995495495    1.493895601    1.493801469    1.206156638
    5.005504505    1.451422567    1.451354549    1.180381874
    5.015513514    1.404540633    1.404493016    1.152181476
    5.025522523    1.365946848    1.365913354    1.112868453
    5.035531532    1.345761246    1.345736728    1.061668689
    5.045540541    1.350557558    1.350536680    1.005307304
    5.055549550    1.383188593    1.383166854    0.953980557
    5.065558559    1.439253074    1.439229381    0.915614167
    5.075567568    1.503629010    1.503606789    0.891591296
    5.085576577    1.552150212    1.552135544    0.875769161
    5.095585586    1.561215232    1.561212249    0.857657500
    5.105594595    1.521680440    1.521688175    0.829460384
    5.115603604    1.444356203    1.444370632    0.791361942
    5.125612613    1.350082206    1.350099924    0.749312631
    5.135621622    1.256050495    1.256069811    0.709079953
    5.145630631    1.171113786    1.171134028    0.672970729
    5.155639640    1.098641290    1.098662137    0.640616929
    5.165648649    1.040567206    1.040588519    0.612033039
    5.175657658    0.999354220    0.999375981    0.589397278
    5.185666667    0.976983067    0.977005303    0.575814259
    5.195675676    0.972736266    0.972758900    0.573223248
    5.205684685    0.981369676    0.981392008    0.581252505
    5.215693694    0.992407742    0.992427973    0.596750819
    5.225702703    0.993535359    0.993551348    0.614091234
    5.235711712    0.978664170    0.978674948    0.627107869
    5.245720721    0.952611628    0.952617727    0.631647714
    5.255729730    0.926011771    0.926014249    0.626499928
    5.265738739    0.906632208    0.906631688    0.613613901
    5.275747748    0.895289167    0.895285668    0.598252253
    5.285756757    0.887390932    0.887384656    0.587073354
    5.295765766    0.877258575    0.877250954    0.585343741
    5.305774775    0.860855216    0.860848602    0.595886695
    5.315783784    0.835592703    0.835588120    0.619530676
    5.325792793    0.800938886    0.800934177    0.655617565
    5.335801802    0.760069113    0.760060771    0.701467492
    5.345810811    0.718856924    0.718843849    0.750814479
    5.355819820    0.682769272    0.682753564    0.793556072
    5.365828829    0.654748344    0.654733262    0.819814538
    5.375837838    0.635024157    0.635012364    0.825796299
    5.385846847    0.622366167    0.622358988    0.814243631
    5.395855856    0.615949595    0.615946805    0.790662597
    5.405864865    0.616081595    0.616081805    0.762066789
    5.415873874    0.623014336    0.623015882    0.736737849
    5.425882883    0.635908869    0.635910999    0.722040615
    5.435891892    0.653506850    0.653510614    0.722812057
    5.445900901    0.675279539    0.675287200    0.741592078
    5.455909910    0.701920358    0.701933382    0.779045670
    5.465918919    0.735164571    0.735181795    0.833732337
    5.475927928    0.776094977    0.776111743    0.901842197
    5.485936937    0.822783319    0.822791596    0.977903884
    5.495945946    0.870419220    0.870410006    1.056879444
    5.505954955    0.914080629    0.914048605    1.136021638
    5.515963964    0.950084899    0.950031945    1.213210848
    5.525972973    0.974672981    0.974608167    1.283644121
    5.535981982    0.983806828    0.983742028    1.342495549
    5.545990991    0.975683962    0.975627748    1.392392666
    5.556000000    0.952672257    0.952628601    1.444802267
    5.566009009    0.920125124    0.920095834    1.512149288
    5.576018018    0.884667608    0.884652531    1.597543693
    5.586027027    0.853314041    0.853310700    1.687955967
    5.596036036    0.831688772    0.831694213    1.754227446
    5.606045045    0.822770136    0.822782536    1.764279125
    5.616054054    0.827976309    0.827994579    1.707477469
    5.626063063    0.848177473    0.848199896    1.605112920
    5.636072072    0.882476098    0.882499632    1.493064302
    5.646081081    0.926686076    0.926707531    1.399931979
    5.656090090    0.974247684    0.974266275    1.340804764
    5.666099099    1.019063664    1.019081800    1.321927309
    5.676108108    1.058065399    1.058086701    1.345201685
    5.686117117    1.093553391    1.093580852    1.408213359
    5.696126126    1.132807302    1.132842478    1.500287302
    5.706135135    1.180855352    1.180897222    1.597065521
    5.716144144    1.231093925    1.231137173    1.660918070
    5.726153153    1.263385201    1.263420117    1.655952698
    5.736162162    1.255396910    1.255414723    1.571748753
    5.746171171    1.201108994    1.201110096    1.431340004
    5.756180180    1.116852459    1.116846753    1.272875340
    5.766189189    1.027699689    1.027698361    1.126861281
    5.776198198    0.951775687    0.951784739    1.008547845
    5.786207207    0.895574680    0.895594047    0.921954088
    5.796216216    0.857150865    0.857176881    0.865796305
    5.806225225    0.831505112    0.831534353    0.837222596
    5.816234234    0.815059268    0.815091458    0.833154011
    5.826243243    0.807073611    0.807112101    0.849761998
    5.836252252    0.808282290    0.808332880    0.880996543
    5.846261261    0.818886712    0.818955684    0.918372370
    5.856270270    0.837753367    0.837845914    0.954422985
    5.866279279    0.862889529    0.863009311    0.987146794
    5.876288288    0.891573239    0.891722644    1.018005255
    5.886297297    0.920568898    0.920749166    1.044333615
    5.896306306    0.947288046    0.947499120    1.057313220
    5.906315315    0.970200956    0.970443035    1.050725583
    5.916324324    0.989469201    0.989747139    1.029901892
    5.926333333    1.008731918    1.009055778    1.007673644
    5.936342342    1.033322080    1.033697146    0.992235036
    5.946351351    1.064383252    1.064796789    0.980528432
    5.956360360    1.095627267    1.096045511    0.962147210
    5.966369369    1.116245542    1.116626970    0.929981216
    5.976378378    1.117909234    1.118226139    0.886785235
    5.986387387    1.101030042    1.101279286    0.840729177
    5.996396396    1.074492552    1.074687239    0.797990462
    6.006405405    1.049575369    1.049731102    0.761755076
    6.016414414    1.034274257    1.034403317    0.735361918
    6.026423423    1.030836121    1.030948145    0.723293817
    6.036432432    1.036960854    1.037063267    0.729653030
    6.046441441    1.050507208    1.050603538    0.756991205
    6.056450450    1.073202459    1.073292268    0.805700151
    6.066459459    1.108336428    1.108418495    0.872420796
    6.076468468    1.155427058    1.155502327    0.947289822
    6.086477477    1.207625613    1.207696377    1.012805557
    6.096486486    1.253539166    1.253604669    1.048941236
    6.106495495    1.282781002    1.282834817    1.044071311
    6.116504505    1.291474075    1.291507868    1.002186871
    6.126513514    1.282697380    1.282706925    0.939114773
    6.136522523    1.262764668    1.262752513    0.871872086
    6.146531532    1.238045967    1.238019753    0.810941096
    6.156540541    1.214347353    1.214315128    0.760506601
    6.166549550    1.198081380    1.198047877    0.722683212
    6.176558559    1.195953798    1.195919989    0.699255650
    6.186567568    1.211890747    1.211855358    0.690000023
    6.196576577    1.245081328    1.245042465    0.690811638
    6.206585586    1.291500581    1.291457322    0.693997619
    6.216594595    1.346200806    1.346154726    0.691340464
    6.226603604    1.404721110    1.404675210    0.678623839
    6.236612613    1.465123286    1.465077515    0.658139970
    6.246621622    1.528059067    1.528008877    0.636223058
    6.256630631    1.591916580    1.591858608    0.618203961
    6.266639640    1.648966383    1.648904299    0.605865238
    6.276648649    1.688366141    1.688309082    0.598710852
    6.286657658    1.702534142    1.702489984    0.596949210
    6.296666667    1.690884175    1.690854673    0.602912966
    6.306675676    1.659550736    1.659532142    0.619493747
    6.316684685    1.617954293    1.617941068    0.647607087
    6.326693694    1.575020508    1.575007396    0.684614745
    6.336702703    1.537500557    1.537483554    0.723934721
    6.346711712    1.508939112    1.508916744    0.756237093
    6.356720721    1.489537510    1.489510792    0.772505681
    6.366729730    1.478528663    1.478499091    0.768097908
    6.376738739    1.477917944    1.477885637    0.745648206
    6.386747748    1.493120711    1.493084900    0.713302809
    6.396756757    1.529268774    1.529229323    0.679316072
    6.406765766    1.588343911    1.588301674    0.649173351
    6.416774775    1.669210823    1.669167551    0.626379182
    6.426783784    1.767893780    1.767851726    0.613032755
    6.436792793    1.878801835    1.878760921    0.609471423
    6.446801802    1.997995292    1.997950408    0.614917393
    6.456810811    2.123313211    2.123257394    0.628888639
    6.466819820    2.248876260    2.248807255    0.651589833
    6.476828829    2.362695083    2.362617451    0.683087787
    6.486837838    2.454478012    2.454398563    0.722303968
    6.496846847    2.525090337    2.525011938    0.766203330
    6.506855856    2.584308170    2.584228006    0.809630009
    6.516864865    2.638532902    2.638446787    0.847415249
    6.526873874    2.682104393    2.682012627    0.877788778
    6.536882883    2.701354466    2.701263218    0.902625049
    6.546891892    2.685731772    2.685649835    0.924116468
    6.556900901    2.633493402    2.633427467    0.942749340
    6.566909910    2.551373836    2.551323833    0.958922912
    6.576918919    2.455023601    2.454982463    0.974534777
    6.586927928    2.365458590    2.365418669    0.990582548
    6.596936937    2.298659091    2.298618057    1.004032794
    6.606945946    2.260516575    2.260476586    1.009966189
    6.616954955    2.253050405    2.253012439    1.007678097
    6.626963964    2.281246388    2.281206581    1.003304753
    6.636972973    2.349378710    2.349331007    1.005156126
    6.646981982    2.450112256    2.450054388    1.016551271
    6.656990991    2.558232503    2.558170398    1.033266034
    6.667000000    2.637266764    2.637213767    1.046968088
    6.677009009    2.658316778    2.658286493    1.051392792
    6.687018018    2.618081317    2.618078193    1.047072976
    6.697027027    2.540625557    2.540641374    1.040619126
    6.707036036    2.461717369    2.461737918    1.038910477
    6.717045045    2.410466818    2.410480653    1.044482159
    6.727054054    2.402228678    2.402228929    1.057146106
    6.737063063    2.439704077    2.439685961    1.078739852
    6.747072072    2.513515401    2.513476410    1.113163585
    6.757081081    2.603752627    2.603695030    1.161060072
    6.767090090    2.689276311    2.689206224    1.216500897
    6.777099099    2.762189091    2.762111828    1.269756776
    6.787108108    2.830742603    2.830662172    1.312626175
    6.797117117    2.903264625    2.903189478    1.341671911
    6.807126126    2.973228654    2.973173046    1.358871380
    6.817135135    3.024217439    3.024191779    1.368909688
    6.827144144    3.045686505    3.045688110    1.374403138
    6.837153153    3.038137650    3.038155165    1.374392370
    6.847162162    3.005705401    3.005729379    1.366830611
    6.857171171    2.950235438    2.950262925    1.351147956
    6.867180180    2.872695577    2.872727521    1.328969047
    6.877189189    2.778741339    2.778776531    1.303589903
    6.887198198    2.680980186    2.681012643    1.279414756
    6.897207207    2.592680493    2.592703571    1.261233944
    6.907216216    2.520694955    2.520705858    1.252782483
    6.917225225    2.464219405    2.464219285    1.255320494
    6.927234234    2.414329949    2.414321489    1.266197818
    6.937243243    2.356474747    2.356459704    1.279377017
    6.947252252    2.281311486    2.281290153    1.290635869
    6.957261261    2.192874217    2.192848126    1.303348632
    6.967270270    2.103423086    2.103397134    1.327087861
    6.977279279    2.022415543    2.022395124    1.369226125
    6.987288288    1.952272235    1.952258757    1.428460268
    6.997297297    1.893494868    1.893485821    1.496467684
    7.007306306    1.850730305    1.850722917    1.564462922
    7.017315315    1.831718618    1.831711376    1.625804722
    7.027324324    1.840849077    1.840840543    1.672735279
    7.037333333    1.874275103    1.874263436    1.694760358
    7.047342342    1.921175712    1.921159835    1.684153283
    7.057351351    1.970320301    1.970302535    1.644399314
    7.067360360    2.013631476    2.013620168    1.588950095
    7.077369369    2.042262419    2.042270716    1.528744110
    7.087378378    2.045087814    2.045127855    1.463986341
    7.097387387    2.015767499    2.015846446    1.389746658
    7.107396396    1.957576556    1.957699065    1.307461174
    7.117405405    1.876999184    1.877170326    1.228327112
    7.127414414    1.775342162    1.775561794    1.166173978
    7.137423423    1.653068190    1.653320280    1.130354007
    7.147432432    1.520206804    1.520460754    1.124665351
    7.157441441    1.394563129    1.394789770    1.148463033
    7.167450450    1.290455484    1.290639425    1.195867991
    7.177459459    1.212482963    1.212622287    1.254621996
    7.187468468    1.157339218    1.157439005    1.308677299
    7.197477477    1.118564453    1.118631343    1.344029527
    7.207486486    1.090049582    1.090089594    1.352048587
    7.217495495    1.067516240    1.067534423    1.329014774
    7.227504505    1.048638237    1.048638471    1.276123775
    7.237513514    1.032583464    1.032568115    1.200201802
    7.247522523    1.020726023    1.020695741    1.112573046
    7.257531532    1.017439286    1.017393403    1.025193113
    7.267540541    1.027700893    1.027638582    0.945940949
    7.277549550    1.053249863    1.053171260    0.877417637
    7.287558559    1.091336996    1.091243541    0.819565737
    7.297567568    1.136531963    1.136426121    0.771440345
    7.307576577    1.183165227    1.183050676    0.730645962
    7.317585586    1.225071009    1.224954140    0.693573074
    7.327594595    1.252571624    1.252461759    0.657791961
    7.337603604    1.252919976    1.252823552    0.623574090
    7.347612613    1.218603757    1.218516720    0.592707541
    7.357621622    1.155553603    1.155462910    0.567339412
    7.367630631    1.080886963    1.080778957    0.550097865
    7.377639640    1.013368342    1.013233308    0.543780525
    7.387648649    0.966044314    0.965875841    0.550529828
    7.397657658    0.944632045    0.944425800    0.571566489
    7.407666667    0.949259617    0.949014141    0.607300679
    7.417675676    0.976087366    0.975807116    0.656812607
    7.427684685    1.017043579    1.016742196    0.716319036
    7.437693694    1.059186809    1.058885762    0.777919127
    7.447702703    1.088145020    1.087864933    0.830938263
    7.457711712    1.095338780    1.095089941    0.865800614
    7.467720721    1.080707047    1.080487504    0.877059577
    7.477729730    1.049093276    1.048893790    0.865063342
    7.487738739    1.007139231    1.006949285    0.836469733
    7.497747748    0.961794366    0.961605301    0.800865523
    7.507756757    0.919107712    0.918912734    0.766492312
    7.517765766    0.883942588    0.883735866    0.739330025
    7.527774775    0.859261403    0.859037513    0.722714988
    7.537783784    0.844455319    0.844208862    0.715126669
    7.547792793    0.834559661    0.834284758    0.708737203
    7.557801802    0.822098986    0.821788409    0.692515540
    7.567810811    0.801987783    0.801631765    0.660192783
    7.577819820    0.775699436    0.775284881    0.615463059
    7.587828829    0.749851014    0.749361245    0.568016253
    7.597837838    0.731466315    0.730880618    0.526469321
    7.607846847    0.725061773    0.724354452    0.495391789
    7.617855856    0.732280343    0.731419999    0.475683039
    7.627864865    0.752161751    0.751112489    0.465799437
    7.637873874    0.780550903    0.779278454    0.462775450
    7.647882883    0.809324483    0.807811324    0.462331095
    7.657891892    0.828683956    0.826954392    0.458774784
    7.667900901    0.833310520    0.831451917    0.446760612
    7.677909910    0.825922430    0.824072296    0.424582310
    7.687918919    0.812964638    0.811255941    0.395598099
    7.697927928    0.797614696    0.796124641    0.365853322
    7.707936937    0.777876595    0.776619966    0.340446357
    7.717945946    0.751128206    0.750082872    0.321838678
    7.727954955    0.719385643    0.718518347    0.309956775
    7.737963964    0.688607163    0.687885726    0.302742924
    7.747972973    0.663876425    0.663272816    0.297088438
    7.757981982    0.646809973    0.646301102    0.290334753
    7.767990991    0.635805769    0.635373795    0.281220224
    7.778000000    0.626952456    0.626584400    0.269588279
    7.788009009    0.615924074    0.615610612    0.256135441
    7.798018018    0.600612424    0.600345869    0.242513237
    7.808027027    0.582442371    0.582215063    0.230770893
    7.818036036    0.565456485    0.565260846    0.222316647
    7.828045045    0.553945620    0.553775030    0.217247270
    7.838054054    0.550118557    0.549967740    0.214349061
    7.848063063    0.553180890    0.553045612    0.211776895
    7.858072072    0.559531445    0.559407833    0.208072176
    7.868081081    0.562750256    0.562634292    0.202665863
    7.878090090    0.554915067    0.554803284    0.195609742
    7.888099099    0.531473257    0.531364341    0.187185964
    7.898108108    0.495276142    0.495171199    0.177742986
    7.908117117    0.454193928    0.454094871    0.167672378
    7.918126126    0.415758156    0.415666190    0.157569441
    7.928135135    0.384421159    0.384336428    0.148290022
    7.938144144    0.361457795    0.361379712    0.140565750
    7.948153153    0.345667847    0.345595526    0.134548823
    7.958162162    0.334459094    0.334391718    0.129777127
    7.968171171    0.325518206    0.325455314    0.125583819
    7.978180180    0.318188960    0.318130485    0.121554189
    7.988189189    0.313061113    0.313007092    0.117562203
    7.998198198    0.310255368    0.310205558    0.113542709
    8.008207207    0.308318937    0.308272593    0.109510311
    8.018216216    0.304651878    0.304607843    0.105743345
    8.028225225    0.297315295    0.297272431    0.102731850
    8.038234234    0.286697396    0.286654985    0.100910722
    8.048243243    0.274949810    0.274907492    0.100458437
    8.058252252    0.263876694    0.263834140    0.101259871
    8.068261261    0.253646235    0.253602979    0.103014584
    8.078270270    0.243195617    0.243151233    0.105506165
    8.088279279    0.231752317    0.231706689    0.108876934
    8.098288288    0.219854632    0.219807788    0.113565940
    8.108297297    0.208652451    0.208604021    0.119898775
    8.118306306    0.198586794    0.198535744    0.127677160
    8.128315315    0.189179866    0.189124821    0.136081700
    8.138324324    0.179990877    0.179930592    0.144166820
    8.148333333    0.171408680    0.171342054    0.151789706
    8.158342342    0.164402324    0.164328174    0.159893064
    8.168351351    0.159809726    0.159727005    0.169521849
    8.178360360    0.157954027    0.157862704    0.180510423
    8.188369369    0.158584063    0.158486304    0.190952203
    8.198378378    0.160866092    0.160766646    0.198057169
    8.208387387    0.163463785    0.163368473    0.200208138
    8.218396396    0.164947882    0.164861073    0.198264708
    8.228405405    0.164488599    0.164411973    0.194647384
    8.238414414    0.162162272    0.162095316    0.191488815
    8.248423423    0.158522236    0.158463307    0.189406740
    8.258432432    0.154226879    0.154174179    0.187368349
    8.268441441    0.150041709    0.149993812    0.183497853
    8.278450450    0.146649386    0.146605271    0.176259045
    8.288459459    0.144377049    0.144336072    0.165590617
    8.298468468    0.143197016    0.143159036    0.153174797
    8.308477477    0.142743012    0.142708459    0.141261767
    8.318486486    0.142243723    0.142213307    0.131272672
    8.328495495    0.140857199    0.140831238    0.123299220
    8.338504505    0.138422393    0.138400311    0.116321472
    8.348513514    0.135740741    0.135721349    0.108935080
    8.358522523    0.134058012    0.134040165    0.100398711
    8.368531532    0.134386128    0.134369099    0.091115415
    8.378540541    0.137030751    0.137014257    0.082056027
    8.388549550    0.141235831    0.141219896    0.073961802
    8.398558559    0.145009465    0.144994241    0.067080810
    8.408567568    0.145696122    0.145681661    0.061318207
    8.418576577    0.141637742    0.141623797    0.056471366
    8.428585586    0.133528290    0.133514373    0.052380154
    8.438594595    0.123722388    0.123708042    0.048950898
    8.448603604    0.114486553    0.114471527    0.046118030
    8.458612613    0.107126152    0.107110386    0.043819628
    8.468621622    0.102128582    0.102112107    0.041998381
    8.478630631    0.099574801    0.099557675    0.040609734
    8.488639640    0.099416562    0.099398825    0.039627251
    8.498648649    0.101570353    0.101552004    0.039044236
    8.508657658    0.105877648    0.105858619    0.038871884
    8.518666667    0.112011761    0.111991889    0.039131578
    8.528675676    0.119460483    0.119439515    0.039834299
    8.538684685    0.127606473    0.127584102    0.040936374
    8.548693694    0.135594664    0.135570593    0.042270617
    8.558702703    0.141915691    0.141889710    0.043501572
    8.568711712    0.144627130    0.144599240    0.044220271
    8.578720721    0.142733960    0.142704433    0.044195571
    8.588729730    0.137085209    0.137054423    0.043503860
    8.598738739    0.129384989    0.129353136    0.042344700
    8.608747748    0.120869607    0.120836517    0.040848513
    8.618756757    0.112225031    0.112190185    0.039136189
    8.628765766    0.103988859    0.103951516    0.037420443
    8.638774775    0.096530705    0.096490051    0.035946039
    8.648783784    0.089989745    0.089944977    0.034888733
    8.658792793    0.084490170    0.084440491    0.034339305
    8.668801802    0.080274342    0.080218853    0.034343311
    8.678810811    0.077586107    0.077523683    0.034939109
    8.688819820    0.076526883    0.076456075    0.036172930
    8.698828829    0.076974095    0.076893071    0.038086266
    8.708837838    0.078477658    0.078384129    0.040669057
    8.718846847    0.080158452    0.080049540    0.043776326
    8.728855856    0.080874335    0.080746293    0.047032773
    8.738864865    0.079848795    0.079696593    0.049783644
    8.748873874    0.077244581    0.077061629    0.051184215
    8.758882883    0.073947131    0.073725484    0.050568106
    8.768891892    0.070870314    0.070601698    0.047965132
    8.778900901    0.068496091    0.068174472    0.044141677
    8.788909910    0.066735822    0.066362258    0.040029011
    8.798918919    0.065008477    0.064596820    0.036230475
    8.808927928    0.062608931    0.062186670    0.032968311
    8.818936937    0.059256158    0.058855326    0.030253497
    8.828945946    0.055283915    0.054927906    0.028031745
    8.838954955    0.051273765    0.050971593    0.026240214
    8.848963964    0.047651372    0.047400990    0.024817486
    8.858972973    0.044600062    0.044394257    0.023707189
    8.868981982    0.042154083    0.041984596    0.022862680
    8.878990991    0.040287045    0.040146442    0.022250012
    8.889000000    0.038957827    0.038840030    0.021848755
    8.899009009    0.038133749    0.038033987    0.021651778
    8.909018018    0.037802821    0.037717406    0.021664759
    8.919027027    0.037978293    0.037904379    0.021905159
    8.929036036    0.038695239    0.038630622    0.022398931
    8.939045045    0.039993621    0.039936582    0.023170662
    8.949054054    0.041874259    0.041823455    0.024219430
    8.959063063    0.044210816    0.044165206    0.025472924
    8.969072072    0.046629172    0.046587953    0.026732068
    8.979081081    0.048459515    0.048422042    0.027670129
    8.989090090    0.048948898    0.048914622    0.027970995
    8.999099099    0.047730510    0.047698996    0.027551487
    9.009108108    0.045120426    0.045091397    0.026638550
    9.019117117    0.041869114    0.041842388    0.025604291
    9.029126126    0.038662301    0.038637705    0.024742599
    9.039135135    0.035864332    0.035841673    0.024162404
    9.049144144    0.033546775    0.033525857    0.023783031
    9.059153153    0.031609965    0.031590603    0.023380530
    9.069162162    0.029904010    0.029886026    0.022709327
    9.079171171    0.028329350    0.028312569    0.021676133
    9.089180180    0.026871244    0.026855506    0.020397595
    9.099189189    0.025557434    0.025542608    0.019075730
    9.109198198    0.024407002    0.024392985    0.017859786
    9.119207207    0.023415732    0.023402447    0.016811542
    9.129216216    0.022564643    0.022552024    0.015934288
    9.139225225    0.021830492    0.021818485    0.015206273
    9.149234234    0.021191551    0.021180108    0.014600041
    9.159243243    0.020629595    0.020618672    0.014090438
    9.169252252    0.020130039    0.020119598    0.013656857
    9.179261261    0.019681434    0.019671439    0.013283186
    9.189270270    0.019274826    0.019265247    0.012957057
    9.199279279    0.018903198    0.018894005    0.012669021
    9.209288288    0.018561007    0.018552174    0.012411835
    9.219297297    0.018243842    0.018235345    0.012179916
    9.229306306    0.017948154    0.017939973    0.011968917
    9.239315315    0.017671067    0.017663180    0.011775426
    9.249324324    0.017410223    0.017402613    0.011596737
    9.259333333    0.017163673    0.017156324    0.011430683
    9.269342342    0.016929795    0.016922690    0.011275512
    9.279351351    0.016707223    0.016700349    0.011129794
    9.289360360    0.016494802    0.016488147    0.010992355
    9.299369369    0.016291548    0.016285099    0.010862216
    9.309378378    0.016096615    0.016090361    0.010738564
    9.319387387    0.015909273    0.015903203    0.010620711
    9.329396396    0.015728886    0.015722992    0.010508073
    9.339405405    0.015554901    0.015549174    0.010400152
    9.349414414    0.015386829    0.015381261    0.010296522
    9.359423423    0.015224242    0.015218825    0.010196812
    9.369432432    0.015066758    0.015061484    0.010100700
    9.379441441    0.014914036    0.014908900    0.010007907
    9.389450450    0.014765774    0.014760768    0.009918185
    9.399459459    0.014621698    0.014616817    0.009831317
    9.409468468    0.014481562    0.014476801    0.009747110
    9.419477477    0.014345144    0.014340497    0.009665393
    9.429486486    0.014212242    0.014207705    0.009586012
    9.439495495    0.014082672    0.014078241    0.009508831
    9.449504505    0.013956267    0.013951937    0.009433724
    9.459513514    0.013832874    0.013828640    0.009360581
    9.469522523    0.013712350    0.013708209    0.009289300
    9.479531532    0.013594567    0.013590516    0.009219790
    9.489540541    0.013479404    0.013475439    0.009151965
    9.499549550    0.013366752    0.013362870    0.009085749
    9.509558559    0.013256507    0.013252705    0.009021073
    9.519567568    0.013148574    0.013144850    0.008957871
    9.529576577    0.013042866    0.013039216    0.008896083
    9.539585586    0.012939299    0.012935721    0.008835655
    9.549594595    0.012837796    0.012834287    0.008776537
    9.559603604    0.012738286    0.012734844    0.008718679
    9.569612613    0.012640701    0.012637324    0.008662040
    9.579621622    0.012544978    0.012541663    0.008606577
    9.589630631    0.012451057    0.012447803    0.008552254
    9.599639640    0.012358883    0.012355688    0.008499035
    9.609648649    0.012268403    0.012265265    0.008446886
    9.619657658    0.012179568    0.012176485    0.008395776
    9.629666667    0.012092330    0.012089301    0.008345677
    9.639675676    0.012006647    0.012003669    0.008296561
    9.649684685    0.011922476    0.011919549    0.008248402
    9.659693694    0.011839778    0.011836900    0.008201176
    9.669702703    0.011758516    0.011755685    0.008154862
    9.679711712    0.011678654    0.011675869    0.008109436
    9.689720721    0.011600160    0.011597420    0.008064880
    9.699729730    0.011523001    0.011520304    0.008021174
    9.709738739    0.011447147    0.011444493    0.007978301
    9.719747748    0.011372571    0.011369958    0.007936242
    9.729756757    0.011299245    0.011296673    0.007894983
    9.739765766    0.011227144    0.011224611    0.007854509
    9.749774775    0.011156244    0.011153748    0.007814805
    9.759783784    0.011086521    0.011084063    0.007775857
    9.769792793    0.011017954    0.011015533    0.007737654
    9.779801802    0.010950523    0.010948137    0.007700183
    9.789810811    0.010884209    0.010881857    0.007663432
    9.799819820    0.010818992    0.010816674    0.007627393
    9.809828829    0.010754856    0.010752571    0.007592053
    9.819837838    0.010691785    0.010689531    0.007557405
    9.829846847    0.010629763    0.010627541    0.007523439
    9.839855856    0.010568777    0.010566585    0.007490148
    9.849864865    0.010508812    0.010506650    0.007457523
    9.859873874    0.010449856    0.010447723    0.007425558
    9.869882883    0.010391899    0.010389795    0.007394245
    9.879891892    0.010334929    0.010332853    0.007363580
    9.889900901    0.010278938    0.010276888    0.007333556
    9.899909910    0.010223915    0.010221892    0.007304169
    9.909918919    0.010169854    0.010167857    0.007275413
    9.919927928    0.010116747    0.010114776    0.007247286
    9.929936937    0.010064589    0.010062643    0.007219783
    9.939945946    0.010013374    0.010011453    0.007192901
    9.949954955    0.009963099    0.009961201    0.007166638
    9.959963964    0.009913760    0.009911886    0.007140992
    9.969972973    0.009865355    0.009863504    0.007115961
    9.979981982    0.009817884    0.009816055    0.007091545
    9.989990991    0.009771346    0.009769539    0.007067742
   10.000000000    0.009725742    0.009723957    0.007044554
