# energy grid [eV]     epsr_x  epsr_y  epsr_z
# plasmon frequences [eV]:     9.734428862    9.734416045    8.674192277
    0.001000000******************************-1809.579941870
    0.011009009-1503.280619151-1503.413773105  -10.284505676
    0.021018018 -387.276431530 -387.313439012    0.578224922
    0.031027027 -158.738141921 -158.755516681    2.800982370
    0.041036036  -75.537704065  -75.548010671    3.608810651
    0.051045045  -36.184852937  -36.191927053    3.990679737
    0.061054054  -14.699551617  -14.705017053    4.201227997
    0.071063063   -2.195094490   -2.199841206    4.329830483
    0.081072072    4.788761144    4.784131204    4.414414978
    0.091081081    7.623322194    7.618410102    4.473308243
    0.101090090    7.000631895    6.995376964    4.516247892
    0.111099099    3.849568217    3.844408004    4.548797185
    0.121108108   -0.301953499   -0.306274117    4.574319895
    0.131117117   -3.864769906   -3.867735993    4.594940257
    0.141126126   -5.991372444   -5.992982816    4.612038405
    0.151135135   -6.686475010   -6.687057549    4.626513504
    0.161144144   -6.365532753   -6.365463156    4.638917723
    0.171153153   -5.472363556   -5.471930203    4.649506575
    0.181162162   -4.341382087   -4.340770416    4.658224710
    0.191171171   -3.201463852   -3.200782396    4.664643832
    0.201180180   -2.217074018   -2.216382663    4.667908965
    0.211189189   -1.515586500   -1.514916697    4.666865617
    0.221198198   -1.174171049   -1.173538244    4.660679798
    0.231207207   -1.164681929   -1.164092573    4.650009784
    0.241216216   -1.321750446   -1.321205738    4.637682611
    0.251225225   -1.424349945   -1.423847996    4.627390986
    0.261234234   -1.334968648   -1.334506009    4.621381508
    0.271243243   -1.043660333   -1.043233088    4.619731914
    0.281252252   -0.610842877   -0.610447254    4.621329684
    0.291261261   -0.104956909   -0.104589506    4.624931693
    0.301270270    0.423685364    0.424027544    4.629608788
    0.311279279    0.944827106    0.945146692    4.634779081
    0.321288288    1.442675125    1.442974426    4.640113252
    0.331297297    1.910288438    1.910569488    4.645439111
    0.341306306    2.345687242    2.345951838    4.650675071
    0.351315315    2.749493573    2.749743306    4.655789501
    0.361324324    3.123589399    3.123825684    4.660777294
    0.371333333    3.470381955    3.470606053    4.665646778
    0.381342342    3.792414504    3.792627540    4.670412527
    0.391351351    4.092168907    4.092371892    4.675091498
    0.401360360    4.371973070    4.372166911    4.679701000
    0.411369369    4.633964837    4.634150352    4.684257684
    0.421378378    4.880085577    4.880263509    4.688777087
    0.431387387    5.112088740    5.112259762    4.693273474
    0.441396396    5.331555328    5.331720057    4.697759842
    0.451405405    5.539911987    5.540070988    4.702247997
    0.461414414    5.738449435    5.738603226    4.706748666
    0.471423423    5.928340117    5.928489181    4.711271625
    0.481432432    6.110654612    6.110799396    4.715825820
    0.491441441    6.286376608    6.286517532    4.720419479
    0.501450450    6.456416515    6.456553973    4.725060225
    0.511459459    6.621623761    6.621758129    4.729755167
    0.521468468    6.782797935    6.782929572    4.734510987
    0.531477477    6.940698815    6.940828069    4.739334016
    0.541486486    7.096055293    7.096182503    4.744230307
    0.551495495    7.249573016    7.249698520    4.749205691
    0.561504505    7.401940266    7.402064406    4.754265839
    0.571513514    7.553831086    7.553954217    4.759416313
    0.581522523    7.705903765    7.706026271    4.764662607
    0.591531532    7.858791411    7.858913726    4.770010198
    0.601540541    8.013079610    8.013202254    4.775464574
    0.611549550    8.169265674    8.169389312    4.781031270
    0.621558559    8.327700997    8.327826531    4.786715876
    0.631567568    8.488549607    8.488678299    4.792524037
    0.641576577    8.651876918    8.652010487    4.798461408
    0.651585586    8.818073683    8.818214247    4.804533535
    0.661594595    8.988636342    8.988785986    4.810745629
    0.671603604    9.166576624    9.166736680    4.817102113
    0.681612613    9.355485821    9.355656477    4.823605851
    0.691621622    9.557947579    9.558128235    4.830256872
    0.701630631    9.774988403    9.775178292    4.837050627
    0.711639640   10.006547157   10.006745581    4.843976260
    0.721648649   10.251823486   10.252029519    4.851016394
    0.731657658   10.508919025   10.509130815    4.858150548
    0.741666667   10.773598293   10.773812024    4.865364530
    0.751675676   11.036876652   11.037084868    4.872669671
    0.761684685   11.280950054   11.281138731    4.880126989
    0.771693694   11.472800656   11.472944554    4.887841801
    0.781702703   11.555265966   11.555322779    4.895910041
    0.791711712   11.438652720   11.438559876    4.904372569
    0.801720721   11.005550211   11.005235882    4.913223294
    0.811729730   10.155619236   10.155045212    4.922441424
    0.821738739    8.905777270    8.905005736    4.932011800
    0.831747748    7.472745680    7.471952248    4.941929371
    0.841756757    6.190951114    6.190321500    4.952196053
    0.851765766    5.298505184    5.298120979    4.962815372
    0.861774775    4.832580776    4.832417371    4.973786650
    0.871783784    4.700160108    4.700150791    4.985098873
    0.881792793    4.782300592    4.782383204    4.996722271
    0.891801802    4.985182316    4.985313383    5.008590178
    0.901810811    5.247614459    5.247767439    5.020561606
    0.911819820    5.532857954    5.533017956    5.032371841
    0.921828829    5.819343047    5.819502467    5.043612108
    0.931837838    6.094680069    6.094836041    5.053821229
    0.941846847    6.353538390    6.353691724    5.062782152
    0.951855856    6.597874416    6.598028617    5.070905189
    0.961864865    6.835454613    6.835613547    5.079169661
    0.971873874    7.074415155    7.074580488    5.088364171
    0.981882883    7.318355072    7.318526067    5.098422211
    0.991891892    7.566155646    7.566330891    5.108619390
    1.001900901    7.814160753    7.814339715    5.118340654
    1.011909910    8.057199553    8.057383191    5.127675081
    1.021918919    8.287587059    8.287777825    5.137313112
    1.031927928    8.492901365    8.493103094    5.148013585
    1.041936937    8.654254898    8.654472402    5.160296305
    1.051945946    8.748434205    8.748671492    5.174310692
    1.061954955    8.759490952    8.759747122    5.189751772
    1.071963964    8.700332789    8.700597776    5.205954738
    1.081972973    8.624154239    8.624411374    5.221928013
    1.091981982    8.598767457    8.599004202    5.236219585
    1.101990991    8.663673750    8.663888593    5.247012023
    1.112000000    8.817691763    8.817890783    5.252860049
    1.122009009    9.037169962    9.037360023    5.253938318
    1.132018018    9.293933791    9.294117575    5.252647979
    1.142027027    9.560122787    9.560294925    5.252501227
    1.152036036    9.804038308    9.804181022    5.256194580
    1.162045045    9.982849647    9.982927578    5.264444214
    1.172054054   10.035893948   10.035851258    5.275707875
    1.182063063    9.885457449    9.885227398    5.286673840
    1.192072072    9.462071793    9.461613859    5.293801509
    1.202081081    8.768483958    8.767843679    5.295822731
    1.212090090    7.940221639    7.939549076    5.295774940
    1.222099099    7.201495064    7.200959773    5.299768698
    1.232108108    6.722112624    6.721797289    5.312707985
    1.242117117    6.535933692    6.535823537    5.335706530
    1.252126126    6.581431842    6.581469366    5.367144179
    1.262135135    6.772719551    6.772847317    5.404720508
    1.272144144    7.036296423    7.036469418    5.446520690
    1.282153153    7.317697265    7.317878163    5.491136135
    1.292162162    7.577771908    7.577921920    5.537371784
    1.302171171    7.787687888    7.787762921    5.583811944
    1.312180180    7.924507607    7.924468520    5.628287862
    1.322189189    7.974800325    7.974639168    5.667216366
    1.332198198    7.952691300    7.952456771    5.694857570
    1.342207207    7.909587792    7.909371327    5.702952563
    1.352216216    7.904972034    7.904849152    5.682241269
    1.362225225    7.965266088    7.965254292    5.627993740
    1.372234234    8.080644291    8.080710085    5.547741991
    1.382243243    8.228851051    8.228938221    5.461030787
    1.392252252    8.388284094    8.388341131    5.385567249
    1.402261261    8.538120103    8.538120368    5.325065477
    1.412270270    8.663103982    8.663051316    5.273782866
    1.422279279    8.757278091    8.757190603    5.229662958
    1.432288288    8.809183201    8.809064143    5.199248931
    1.442297297    8.784953435    8.784780073    5.189992231
    1.452306306    8.643536483    8.643284765    5.202188451
    1.462315315    8.382604244    8.382290810    5.229869141
    1.472324324    8.069919541    8.069612042    5.265846624
    1.482333333    7.809476113    7.809245717    5.304064698
    1.492342342    7.665046486    7.664917513    5.338631102
    1.502351351    7.626609567    7.626559612    5.362947700
    1.512360360    7.639421234    7.639409752    5.371799964
    1.522369369    7.649506167    7.649497141    5.366286184
    1.532378378    7.632064219    7.632034498    5.356783202
    1.542387387    7.589673427    7.589611936    5.357537839
    1.552396396    7.532955280    7.532860179    5.376757866
    1.562405405    7.466677283    7.466549642    5.413237955
    1.572414414    7.388611346    7.388454825    5.460303539
    1.582423423    7.310239410    7.310076834    5.510209206
    1.592432432    7.278708270    7.278584387    5.555473964
    1.602441441    7.351827026    7.351776283    5.587749812
    1.612450450    7.546479236    7.546498563    5.597201564
    1.622459459    7.823477600    7.823530848    5.576204963
    1.632468468    8.107813372    8.107846465    5.527797832
    1.642477477    8.308281974    8.308233949    5.470703969
    1.652486486    8.331921601    8.331739872    5.430067873
    1.662495495    8.117123265    8.116793992    5.420871255
    1.672504505    7.692640392    7.692220014    5.442722903
    1.682513514    7.202687800    7.202287611    5.486686474
    1.692522523    6.824221794    6.823936004    5.541839788
    1.702531532    6.639673984    6.639527695    5.596592087
    1.712540541    6.599665004    6.599625718    5.637570993
    1.722549550    6.575850503    6.575861563    5.649714810
    1.732558559    6.426995288    6.426995657    5.620370140
    1.742567568    6.057473011    6.057410669    5.548299094
    1.752576577    5.470734714    5.470590537    5.451356270
    1.762585586    4.781250013    4.781056656    5.361449457
    1.772594595    4.154458135    4.154281851    5.306929702
    1.782603604    3.718078426    3.717977402    5.298407225
    1.792612613    3.509880955    3.509877217    5.329284226
    1.802621622    3.475344805    3.475423186    5.384999874
    1.812630631    3.503179661    3.503306143    5.450495872
    1.822639640    3.481172608    3.481314623    5.513463329
    1.832648649    3.353981440    3.354118339    5.566064933
    1.842657658    3.153891510    3.154011780    5.606341732
    1.852666667    2.962069531    2.962159777    5.637325232
    1.862675676    2.827611097    2.827652682    5.663239262
    1.872684685    2.739931768    2.739915454    5.686846019
    1.882693694    2.674071571    2.674015625    5.711352023
    1.892702703    2.632799027    2.632741908    5.742774389
    1.902711712    2.624088913    2.624055125    5.786311977
    1.912720721    2.608746262    2.608724671    5.840325919
    1.922729730    2.491946605    2.491901448    5.895650233
    1.932738739    2.174426214    2.174325778    5.940480346
    1.942747748    1.636205880    1.636053668    5.967401120
    1.952756757    0.992227478    0.992072184    5.978795720
    1.962765766    0.436144089    0.436046392    5.986019750
    1.972774775    0.101844799    0.101834859    6.000641423
    1.982783784   -0.006385743   -0.006315103    6.023070028
    1.992792793    0.029075784    0.029197969    6.038044633
    2.002801802    0.110895763    0.111029575    6.020111322
    2.012810811    0.169339221    0.169443124    5.943769693
    2.022819820    0.173101766    0.173150093    5.793418228
    2.032828829    0.125614357    0.125610937    5.573306589
    2.042837838    0.057885004    0.057855831    5.315351873
    2.052846847    0.011821936    0.011794345    5.071469607
    2.062855856    0.017601446    0.017589925    4.887314437
    2.072864865    0.082745837    0.082752290    4.780962823
    2.082873874    0.197780359    0.197801802    4.744222948
    2.092882883    0.347432570    0.347465103    4.756414256
    2.102891892    0.519328335    0.519365284    4.796811207
    2.112900901    0.708158900    0.708190771    4.851664268
    2.122909910    0.912985161    0.913004727    4.913712058
    2.132918919    1.132126968    1.132133045    4.977518982
    2.142927928    1.361987751    1.361983258    5.038147614
    2.152936937    1.597507572    1.597495319    5.092988606
    2.162945946    1.832123050    1.832103983    5.141340923
    2.172954955    2.059888294    2.059862683    5.183024065
    2.182963964    2.279698977    2.279668148    5.221566958
    2.192972973    2.496786342    2.496752907    5.267528567
    2.202981982    2.717809930    2.717776701    5.332517132
    2.212990991    2.944167745    2.944137378    5.419369022
    2.223000000    3.170465834    3.170441796    5.520285265
    2.233009009    3.387790391    3.387777599    5.621767743
    2.243018018    3.588386626    3.588390264    5.709937070
    2.253027027    3.769187643    3.769211075    5.774995002
    2.263036036    3.929980646    3.930026094    5.815552922
    2.273045045    4.065375308    4.065448896    5.839793401
    2.283054054    4.159619631    4.159737349    5.858954229
    2.293063063    4.191346299    4.191536969    5.877581166
    2.303072072    4.142346369    4.142645090    5.890032302
    2.313081081    4.003282127    4.003705093    5.883690215
    2.323090090    3.781420708    3.781932089    5.845430729
    2.333099099    3.508661011    3.509173884    5.769326309
    2.343108108    3.229730089    3.230155703    5.660376526
    2.353117117    2.977229033    2.977519392    5.530342302
    2.363126126    2.761494569    2.761645453    5.386587447
    2.373135135    2.576979443    2.577016304    5.224474383
    2.383144144    2.416436832    2.416398896    5.036846695
    2.393153153    2.281887503    2.281811223    4.833100864
    2.403162162    2.180466866    2.180374535    4.645311245
    2.413171171    2.111960135    2.111861679    4.510190824
    2.423180180    2.066558493    2.066460705    4.445439618
    2.433189189    2.035334552    2.035245787    4.447069124
    2.443198198    2.017195467    2.017124522    4.501057458
    2.453207207    2.014817118    2.014770863    4.590085268
    2.463216216    2.027205652    2.027186073    4.695237293
    2.473225225    2.047345663    2.047347408    4.798912043
    2.483234234    2.068522687    2.068534958    4.889065605
    2.493243243    2.092968830    2.092981294    4.961549542
    2.503252252    2.133155211    2.133162434    5.018546519
    2.513261261    2.203191552    2.203192482    5.064854665
    2.523270270    2.308286937    2.308281935    5.105623203
    2.533279279    2.443088780    2.443077780    5.147018759
    2.543288288    2.597574598    2.597557219    5.195085383
    2.553297297    2.762297169    2.762273576    5.249326788
    2.563306306    2.930496165    2.930467309    5.299608727
    2.573315315    3.098682272    3.098649665    5.333259772
    2.583324324    3.266297617    3.266263357    5.345085134
    2.593333333    3.433967914    3.433934746    5.341433946
    2.603342342    3.601182083    3.601153153    5.338803525
    2.613351351    3.765481628    3.765460181    5.357532840
    2.623360360    3.923541204    3.923529992    5.409215008
    2.633369369    4.072691247    4.072691556    5.488253476
    2.643378378    4.211080100    4.211091837    5.575109692
    2.653387387    4.335505816    4.335529401    5.643505538
    2.663396396    4.439255246    4.439292103    5.667398662
    2.673405405    4.514056558    4.514106281    5.632755911
    2.683414414    4.554396288    4.554455646    5.550956907
    2.693423423    4.556925855    4.556994072    5.455715465
    2.703432432    4.514723282    4.514806494    5.377572930
    2.713441441    4.416444094    4.416551074    5.321417877
    2.723450450    4.256053476    4.256186786    5.270413244
    2.733459459    4.046733697    4.046882826    5.209788881
    2.743468468    3.827201585    3.827342187    5.146518500
    2.753477477    3.649768839    3.649874362    5.105772450
    2.763486486    3.553812078    3.553870483    5.108798369
    2.773495495    3.548013206    3.548030087    5.155166187
    2.783504505    3.614264941    3.614254199    5.221163689
    2.793513514    3.722362351    3.722338142    5.269719542
    2.803522523    3.841846011    3.841820405    5.265070974
    2.813531532    3.947893779    3.947877269    5.187364928
    2.823540541    4.024341875    4.024343882    5.039714562
    2.833549550    4.065425408    4.065453743    4.844860238
    2.843558559    4.075393132    4.075451635    4.639010449
    2.853567568    4.066976081    4.067059415    4.462842918
    2.863576577    4.059580567    4.059671190    4.348131208
    2.873585586    4.072729914    4.072806475    4.308271001
    2.883594595    4.115366813    4.115417530    4.335760723
    2.893603604    4.183141952    4.183167156    4.408040119
    2.903612613    4.266770767    4.266776743    4.500022416
    2.913621622    4.359475819    4.359470700    4.593437508
    2.923630631    4.456944951    4.456937975    4.678224538
    2.933639640    4.553985426    4.553985639    4.750057378
    2.943648649    4.642940857    4.642953767    4.808234969
    2.953657658    4.715679600    4.715703170    4.854951013
    2.963666667    4.766472204    4.766496203    4.894105653
    2.973675676    4.791769928    4.791782086    4.928866418
    2.983684685    4.788756201    4.788751017    4.960118208
    2.993693694    4.757764832    4.757747846    4.985996676
    3.003702703    4.706968253    4.706951951    5.001330063
    3.013711712    4.653338243    4.653331775    5.000908084
    3.023720721    4.616413777    4.616417946    4.984292621
    3.033729730    4.608835938    4.608846923    4.954056306
    3.043738739    4.633358465    4.633371800    4.914087556
    3.053747748    4.686699384    4.686711121    4.874423529
    3.063756757    4.762840467    4.762847140    4.850997661
    3.073765766    4.853993693    4.853992344    4.854004440
    3.083774775    4.949980714    4.949970387    4.879807676
    3.093783784    5.037414313    5.037397150    4.915588627
    3.103792793    5.102193544    5.102173492    4.946014811
    3.113801802    5.136925856    5.136906900    4.958702143
    3.123810811    5.148001739    5.147987475    4.952932313
    3.133819820    5.152920829    5.152914313    4.942710966
    3.143828829    5.168572039    5.168574604    4.946251998
    3.153837838    5.202320060    5.202330540    4.970962663
    3.163846847    5.251720631    5.251736786    5.006665495
    3.173855856    5.308587612    5.308608329    5.030219837
    3.183864865    5.363146203    5.363172456    5.016551124
    3.193873874    5.405726873    5.405762331    4.949435475
    3.203882883    5.425874333    5.425925491    4.826229701
    3.213891892    5.414689838    5.414762406    4.655931659
    3.223900901    5.371925022    5.372017057    4.457021309
    3.233909910    5.309611594    5.309710530    4.258166762
    3.243918919    5.246700397    5.246789630    4.094630965
    3.253927928    5.199753238    5.199822016    3.995425932
    3.263936937    5.178901994    5.178948950    3.973271712
    3.273945946    5.188649436    5.188680359    4.025192869
    3.283954955    5.229610099    5.229635187    4.138410716
    3.293963964    5.299798788    5.299829831    4.296401723
    3.303972973    5.392949858    5.392995054    4.481325151
    3.313981982    5.498298676    5.498357320    4.674311545
    3.323990991    5.604716185    5.604778177    4.857305765
    3.334000000    5.702273236    5.702324644    5.015072614
    3.344009009    5.779755434    5.779785199    5.135172345
    3.354018018    5.826733458    5.826736601    5.206995652
    3.364027027    5.842020357    5.841998795    5.222182701
    3.374036036    5.837530353    5.837493168    5.176924193
    3.384045045    5.829569188    5.829530476    5.074705856
    3.394054054    5.825333846    5.825307007    4.927840987
    3.404063063    5.818720962    5.818714313    4.756311583
    3.414072072    5.798650426    5.798667636    4.583460027
    3.424081081    5.760917318    5.760959511    4.429686558
    3.434090090    5.715194438    5.715259237    4.310723460
    3.444099099    5.680753484    5.680831561    4.239875829
    3.454108108    5.670499112    5.670575542    4.222251611
    3.464117117    5.679408403    5.679470077    4.245495529
    3.474126126    5.688575002    5.688615215    4.282928709
    3.484135135    5.677186340    5.677203877    4.309467356
    3.494144144    5.633486959    5.633483994    4.317204804
    3.504153153    5.561168678    5.561150371    4.315865683
    3.514162162    5.479334296    5.479310861    4.318488211
    3.524171171    5.415318507    5.415305531    4.331156702
    3.534180180    5.390844214    5.390856349    4.354851113
    3.544189189    5.408415419    5.408459937    4.386452991
    3.554198198    5.451605330    5.451683019    4.413185279
    3.564207207    5.498539214    5.498647849    4.413123717
    3.574216216    5.532180156    5.532313421    4.367893956
    3.584225225    5.541220076    5.541364153    4.278269853
    3.594234234    5.517829169    5.517964599    4.167503197
    3.604243243    5.453783296    5.453892449    4.062566966
    3.614252252    5.340399282    5.340472648    3.973468605
    3.624261261    5.181976297    5.182014007    3.899493268
    3.634270270    5.008610931    5.008620823    3.848344484
    3.644279279    4.867080963    4.867074507    3.835707882
    3.654288288    4.795567435    4.795554560    3.868752597
    3.664297297    4.802336685    4.802321996    3.938325488
    3.674306306    4.863984426    4.863968265    4.026877996
    3.684315315    4.942063183    4.942046478    4.120190524
    3.694324324    5.000669465    5.000656782    4.209200844
    3.704333333    5.015327999    5.015325521    4.281846076
    3.714342342    4.973240977    4.973250600    4.315506169
    3.724351351    4.866129862    4.866145624    4.278244101
    3.734360360    4.686768684    4.686780504    4.144211648
    3.744369369    4.434597238    4.434596829    3.917666978
    3.754378378    4.122077134    4.122059808    3.642108500
    3.764387387    3.780568632    3.780534490    3.379032841
    3.774396396    3.461111189    3.461069446    3.173995263
    3.784405405    3.219545667    3.219513462    3.037557181
    3.794414414    3.091093438    3.091084585    2.946972262
    3.804423423    3.077626069    3.077644177    2.865038987
    3.814432432    3.158712618    3.158755935    2.768673952
    3.824441441    3.309708094    3.309775401    2.665898335
    3.834450450    3.508598033    3.508687840    2.582741375
    3.844459459    3.731021002    3.731127976    2.533849793
    3.854468468    3.945490718    3.945604890    2.508433828
    3.864477477    4.119461841    4.119571226    2.484583787
    3.874486486    4.233945898    4.234041003    2.455267967
    3.884495495    4.291244515    4.291321694    2.433544757
    3.894504505    4.304810135    4.304869061    2.430401169
    3.904513514    4.280628015    4.280664569    2.435285227
    3.914522523    4.210683840    4.210688656    2.419238432
    3.924531532    4.086867299    4.086833206    2.352723961
    3.934540541    3.918563044    3.918487502    2.224205400
    3.944549550    3.726433995    3.726307663    2.047138065
    3.954558559    3.514593142    3.514392225    1.850243048
    3.964567568    3.262515851    3.262217148    1.663934901
    3.974576577    2.953501256    2.953107878    1.515084208
    3.984585586    2.603118572    2.602671462    1.423505649
    3.994594595    2.252187503    2.251752763    1.394013012
    4.004603604    1.937179170    1.936817444    1.411759562
    4.014612613    1.675799715    1.675538145    1.449487237
    4.024621622    1.473670696    1.473499913    1.482991943
    4.034630631    1.333431528    1.333326365    1.501113439
    4.044639640    1.255306046    1.255244018    1.504077864
    4.054648649    1.234358990    1.234322680    1.500156865
    4.064657658    1.262730229    1.262702283    1.506456966
    4.074666667    1.329273404    1.329232565    1.544738403
    4.084675676    1.412777001    1.412700267    1.629424476
    4.094684685    1.484172248    1.484048694    1.760561197
    4.104693694    1.525161371    1.525009533    1.927542338
    4.114702703    1.545786864    1.545653105    2.115624245
    4.124711712    1.579576511    1.579505995    2.309875454
    4.134720721    1.655453173    1.655460703    2.496119130
    4.144729730    1.772910949    1.772980173    2.659406586
    4.154738739    1.904069482    1.904170492    2.782891700
    4.164747748    2.014720624    2.014823762    2.849984626
    4.174756757    2.083136863    2.083219117    2.849199159
    4.184765766    2.107162065    2.107212337    2.781999483
    4.194774775    2.102366561    2.102386968    2.671902543
    4.204783784    2.093019544    2.093017932    2.560127789
    4.214792793    2.099890376    2.099872906    2.482434515
    4.224801802    2.134854359    2.134825098    2.452224218
    4.234810811    2.202117402    2.202080658    2.466699733
    4.244819820    2.299486160    2.299446532    2.519840730
    4.254828829    2.417756920    2.417717138    2.604689843
    4.264837838    2.540793452    2.540752205    2.709673785
    4.274846847    2.648386180    2.648336865    2.820057005
    4.284855856    2.721430751    2.721363465    2.924588633
    4.294864865    2.749083607    2.748992327    3.020931377
    4.304873874    2.736142190    2.736033126    3.115041163
    4.314882883    2.704152678    2.704044687    3.215083103
    4.324891892    2.676900554    2.676812326    3.324538751
    4.334900901    2.659915731    2.659851560    3.439682437
    4.344909910    2.638802428    2.638751621    3.552594146
    4.354918919    2.595889719    2.595836551    3.655037142
    4.364927928    2.523535365    2.523468068    3.739412348
    4.374936937    2.423520082    2.423432723    3.799407422
    4.384945946    2.297326180    2.297217545    3.832676561
    4.394954955    2.144399403    2.144277709    3.841932948
    4.404963964    1.979255384    1.979144222    3.831064806
    4.414972973    1.840722531    1.840650856    3.799911502
    4.424981982    1.767458851    1.767440100    3.745774537
    4.434990991    1.770092158    1.770117755    3.673783543
    4.445000000    1.832957283    1.833007405    3.605377488
    4.455009009    1.929624974    1.929681434    3.568595306
    4.465018018    2.032503580    2.032555815    3.576348681
    4.475027027    2.120742824    2.120787492    3.620360183
    4.485036036    2.191336247    2.191374878    3.686034119
    4.495045045    2.262192834    2.262229969    3.764711001
    4.505054054    2.356227120    2.356268371    3.849431899
    4.515063063    2.481386336    2.481435836    3.926843394
    4.525072072    2.628449971    2.628507599    3.979992903
    4.535081081    2.783337088    2.783396994    4.000843632
    4.545090090    2.936781668    2.936835122    3.996730058
    4.555099099    3.082609615    3.082651423    3.975479630
    4.565108108    3.211927620    3.211959365    3.924440798
    4.575117117    3.315786169    3.315813837    3.814834026
    4.585126126    3.395289148    3.395319472    3.630472738
    4.595135135    3.465894373    3.465932047    3.391824108
    4.605144144    3.547893610    3.547939169    3.151883175
    4.615153153    3.650307436    3.650357598    2.961570995
    4.625162162    3.762560679    3.762611492    2.832407634
    4.635171171    3.859448191    3.859497763    2.731093553
    4.645180180    3.913071039    3.913119230    2.606316026
    4.655189189    3.904032965    3.904078191    2.424146681
    4.665198198    3.827373040    3.827410169    2.190958488
    4.675207207    3.691774110    3.691799265    1.946544720
    4.685216216    3.516757762    3.516777243    1.731368643
    4.695225225    3.332213727    3.332242534    1.560160565
    4.705234234    3.174741452    3.174788565    1.422088068
    4.715243243    3.075319736    3.075379331    1.300405538
    4.725252252    3.047049369    3.047107804    1.192784419
    4.735261261    3.084979192    3.085026366    1.115239067
    4.745270270    3.174598742    3.174631979    1.088959078
    4.755279279    3.294899265    3.294917317    1.122509990
    4.765288288    3.413818913    3.413813240    1.203646601
    4.775297297    3.489881680    3.489835815    1.304803209
    4.785306306    3.488121287    3.488022340    1.395185155
    4.795315315    3.401919900    3.401775337    1.455328265
    4.805324324    3.263060358    3.262903432    1.488839442
    4.815333333    3.126695381    3.126567981    1.517941498
    4.825342342    3.037406593    3.037331762    1.561887509
    4.835351351    3.006478104    3.006448353    1.622244181
    4.845360360    3.017780261    3.017769064    1.688088737
    4.855369369    3.042349167    3.042329284    1.748217312
    4.865378378    3.049253076    3.049207146    1.799703915
    4.875387387    3.019542853    3.019467346    1.850120224
    4.885396396    2.960285816    2.960192147    1.910262239
    4.895405405    2.901263524    2.901170267    1.983211549
    4.905414414    2.863653481    2.863570727    2.062448070
    4.915423423    2.828926972    2.828848103    2.138369361
    4.925432432    2.744882894    2.744789023    2.203870262
    4.935441441    2.563160404    2.563031839    2.257533832
    4.945450450    2.275597809    2.275429033    2.304561743
    4.955459459    1.922607739    1.922417471    2.353437601
    4.965468468    1.566268870    1.566091283    2.410798315
    4.975477477    1.249001181    1.248864660    2.476145813
    4.985486486    0.978360837    0.978277759    2.538357254
    4.995495495    0.743969174    0.743936470    2.577260316
    5.005504505    0.538114734    0.538116026    2.571241726
    5.015513514    0.368502314    0.368515668    2.508850755
    5.025522523    0.254039033    0.254047558    2.395388460
    5.035531532    0.203460693    0.203456989    2.246507429
    5.045540541    0.205535566    0.205519816    2.075044958
    5.055549550    0.241892011    0.241867237    1.886479608
    5.065558559    0.301368950    0.301337388    1.688411013
    5.075567568    0.381179676    0.381142510    1.500889323
    5.085576577    0.477738302    0.477694792    1.349516441
    5.095585586    0.578196726    0.578141812    1.245042638
    5.105594595    0.660770714    0.660696160    1.175539876
    5.115603604    0.702875765    0.702775859    1.118671107
    5.125612613    0.695527139    0.695406902    1.054606064
    5.135621622    0.658902855    0.658781700    0.970759445
    5.145630631    0.638101325    0.638001961    0.865278877
    5.155639640    0.672934409    0.672867056    0.748511950
    5.165648649    0.773143567    0.773104245    0.636339838
    5.175657658    0.920968936    0.920948336    0.542760736
    5.185666667    1.087786930    1.087777435    0.481732475
    5.195675676    1.245736833    1.245734489    0.468591401
    5.205684685    1.370547982    1.370551324    0.511649010
    5.215693694    1.443155209    1.443162415    0.604896238
    5.225702703    1.455278176    1.455283183    0.731061217
    5.235711712    1.412144293    1.412135069    0.869102317
    5.245720721    1.325032139    1.324996628    0.998997272
    5.255729730    1.203762116    1.203698935    1.104197712
    5.265738739    1.063254589    1.063176382    1.175431205
    5.275747748    0.932192300    0.932117097    1.215570782
    5.285756757    0.846213965    0.846154847    1.239411415
    5.295765766    0.830778005    0.830740664    1.264901309
    5.305774775    0.887002932    0.886989006    1.302691948
    5.315783784    0.992368532    0.992378808    1.352736883
    5.325792793    1.114300297    1.114334366    1.407847036
    5.335801802    1.224441212    1.224494689    1.458540085
    5.345810811    1.306668297    1.306732169    1.495040053
    5.355819820    1.356927558    1.356991045    1.508480166
    5.365828829    1.379031979    1.379084802    1.494885319
    5.375837838    1.382483643    1.382516737    1.459614391
    5.385846847    1.379796102    1.379804973    1.417381001
    5.395855856    1.380985318    1.380973774    1.385766507
    5.405864865    1.391498633    1.391475752    1.374874996
    5.415873874    1.414943751    1.414915818    1.381521495
    5.425882883    1.454172277    1.454138622    1.394693770
    5.435891892    1.509724458    1.509680206    1.407860127
    5.445900901    1.579577330    1.579518297    1.425118462
    5.455909910    1.661702380    1.661627575    1.454177201
    5.465918919    1.756568241    1.756479152    1.496536288
    5.475927928    1.864765672    1.864664648    1.546914826
    5.485936937    1.983401466    1.983292430    1.599167597
    5.495945946    2.106922352    2.106811865    1.648540494
    5.505954955    2.228368807    2.228264275    1.688142687
    5.515963964    2.338828511    2.338736692    1.709066906
    5.525972973    2.428133234    2.428060449    1.707878726
    5.535981982    2.486941107    2.486891812    1.690941594
    5.545990991    2.510607800    2.510582077    1.668160730
    5.556000000    2.503804738    2.503798066    1.644789647
    5.566009009    2.478047770    2.478054104    1.621668373
    5.576018018    2.443884611    2.443898411    1.602134117
    5.586027027    2.410891125    2.410904728    1.597001622
    5.596036036    2.393149557    2.393151644    1.619364252
    5.606045045    2.406323008    2.406303732    1.673826779
    5.616054054    2.455273259    2.455231467    1.753134753
    5.626063063    2.526571457    2.526515395    1.843336713
    5.636072072    2.594717782    2.594658051    1.930524616
    5.646081081    2.634600609    2.634541340    2.005087278
    5.656090090    2.630107972    2.630043426    2.062894771
    5.666099099    2.577483780    2.577403783    2.105244875
    5.676108108    2.488143536    2.488042168    2.138769551
    5.686117117    2.387743803    2.387624154    2.172621648
    5.696126126    2.303414616    2.303289748    2.213174486
    5.706135135    2.247149301    2.247038061    2.262426855
    5.716144144    2.209771626    2.209687928    2.320102148
    5.726153153    2.168829727    2.168774941    2.384033184
    5.736162162    2.105630755    2.105597990    2.450184336
    5.746171171    2.020540782    2.020525972    2.515222519
    5.756180180    1.933981508    1.933987021    2.578550634
    5.766189189    1.871613455    1.871639084    2.641330958
    5.776198198    1.848161806    1.848197507    2.705159362
    5.786207207    1.863741848    1.863772074    2.772951675
    5.796216216    1.909160989    1.909174885    2.850169701
    5.806225225    1.972201639    1.972200425    2.942794867
    5.816234234    2.045277502    2.045273447    3.053429713
    5.826243243    2.128389296    2.128397773    3.179684936
    5.836252252    2.220248048    2.220279882    3.315560558
    5.846261261    2.309144103    2.309202655    3.454242891
    5.856270270    2.376566475    2.376646570    3.590122593
    5.866279279    2.408581292    2.408669506    3.718778263
    5.876288288    2.403148280    2.403227296    3.836222671
    5.886297297    2.370333753    2.370388363    3.938476960
    5.896306306    2.328986785    2.329008371    4.021328913
    5.906315315    2.299488015    2.299477839    4.080384366
    5.916324324    2.292702781    2.292672413    4.111108848
    5.926333333    2.303362914    2.303329865    4.109786528
    5.936342342    2.315560404    2.315541146    4.078787979
    5.946351351    2.315403965    2.315408309    4.032544706
    5.956360360    2.298052058    2.298080785    3.992495011
    5.966369369    2.263988458    2.264033444    3.970574134
    5.976378378    2.211650776    2.211698853    3.959962454
    5.986387387    2.133614544    2.133656658    3.944899295
    5.996396396    2.017835763    2.017874095    3.917165754
    6.006405405    1.856173336    1.856217655    3.883238843
    6.016414414    1.656595014    1.656652582    3.856618632
    6.026423423    1.443945187    1.444014600    3.840416528
    6.036432432    1.246192348    1.246264677    3.817435801
    6.046441441    1.081928372    1.081992979    3.759110992
    6.056450450    0.956298432    0.956348895    3.644528511
    6.066459459    0.861391702    0.861428214    3.473633281
    6.076468468    0.780391534    0.780419293    3.264013528
    6.086477477    0.697365181    0.697389876    3.039656686
    6.096486486    0.608306977    0.608331462    2.829861317
    6.106495495    0.522464507    0.522489351    2.666141271
    6.116504505    0.451050819    0.451076065    2.562065382
    6.126513514    0.393879097    0.393904129    2.502070155
    6.136522523    0.336440919    0.336464067    2.457747256
    6.146531532    0.258795028    0.258816195    2.412193366
    6.156540541    0.147742569    0.147765155    2.369031155
    6.166549550    0.004962936    0.004991654    2.342528072
    6.176558559   -0.153708155   -0.153668585    2.342825195
    6.186567568   -0.309850896   -0.309794235    2.369975412
    6.196576577   -0.452831641   -0.452753069    2.416842596
    6.206585586   -0.575817339   -0.575720558    2.472382633
    6.216594595   -0.670313957   -0.670209861    2.519933054
    6.226603604   -0.732212019   -0.732108547    2.535441733
    6.236612613   -0.767478246   -0.767375309    2.492722871
    6.246621622   -0.789025581   -0.788919398    2.373684762
    6.256630631   -0.811575512   -0.811464797    2.179018897
    6.266639640   -0.848429171   -0.848316724    1.931846530
    6.276648649   -0.908465266   -0.908356086    1.661683861
    6.286657658   -0.989376753   -0.989277926    1.384528880
    6.296666667   -1.070747883   -1.070667847    1.109341155
    6.306675676   -1.122040161   -1.121982854    0.854597539
    6.316684685   -1.124644314   -1.124605483    0.641778551
    6.326693694   -1.085266386   -1.085237744    0.478457068
    6.336702703   -1.027335505   -1.027309899    0.359671352
    6.346711712   -0.970799660   -0.970772735    0.281379957
    6.356720721   -0.918896877   -0.918867687    0.245150811
    6.366729730   -0.861691018   -0.861661703    0.250763560
    6.376738739   -0.789469840   -0.789442645    0.290619901
    6.386747748   -0.701401190   -0.701376178    0.353571809
    6.396756757   -0.604178879   -0.604155356    0.429049667
    6.406765766   -0.505927703   -0.505905918    0.506731552
    6.416774775   -0.412333289   -0.412314048    0.577138884
    6.426783784   -0.325958872   -0.325943611    0.632356840
    6.436792793   -0.245450638   -0.245442036    0.663902380
    6.446801802   -0.166111854   -0.166111791    0.663810593
    6.456810811   -0.084472332   -0.084478344    0.632519665
    6.466819820   -0.001342748   -0.001348324    0.582342354
    6.476828829    0.081995798    0.081996364    0.530227852
    6.486837838    0.169929503    0.169936854    0.492009083
    6.496846847    0.270880560    0.270890348    0.480104724
    6.506855856    0.387775503    0.387782196    0.496436212
    6.516864865    0.512930466    0.512931723    0.530070604
    6.526873874    0.630524714    0.630523047    0.567707312
    6.536882883    0.720114570    0.720115017    0.604473273
    6.546891892    0.761114297    0.761120853    0.641425223
    6.556900901    0.741455235    0.741469440    0.675649861
    6.566909910    0.665940930    0.665962972    0.699483953
    6.576918919    0.553540361    0.553570466    0.709793099
    6.586927928    0.423542122    0.423580405    0.712709676
    6.596936937    0.285194574    0.285240859    0.715959287
    6.606945946    0.140048483    0.140103372    0.718203457
    6.616954955   -0.010385121   -0.010319633    0.710278637
    6.626963964   -0.162899804   -0.162821498    0.685996801
    6.636972973   -0.313620424   -0.313530284    0.647897196
    6.646981982   -0.454687551   -0.454593189    0.602291153
    6.656990991   -0.573167307   -0.573081367    0.549157598
    6.667000000   -0.657820944   -0.657754666    0.479032610
    6.677009009   -0.705533774   -0.705490986    0.386028727
    6.687018018   -0.719245698   -0.719222000    0.285656952
    6.697027027   -0.703064487   -0.703052383    0.210559906
    6.707036036   -0.663303225   -0.663297365    0.182878437
    6.717045045   -0.611384270   -0.611381195    0.198038384
    6.727054054   -0.561961651   -0.561957107    0.234665866
    6.737063063   -0.528644769   -0.528634156    0.273155756
    6.747072072   -0.521307441   -0.521288760    0.307931883
    6.757081081   -0.544270169   -0.544245407    0.347386307
    6.767090090   -0.592715444   -0.592688378    0.403950052
    6.777099099   -0.651350486   -0.651323350    0.485156870
    6.787108108   -0.703036251   -0.703009336    0.591043511
    6.797117117   -0.740284509   -0.740258154    0.714852604
    6.807126126   -0.765706922   -0.765682983    0.844459627
    6.817135135   -0.784790397   -0.784772593    0.964955413
    6.827144144   -0.801169802   -0.801162635    1.063106784
    6.837153153   -0.816023931   -0.816030034    1.132176749
    6.847162162   -0.831265569   -0.831283576    1.173233048
    6.857171171   -0.854078158   -0.854103626    1.189759789
    6.867180180   -0.896458697   -0.896485997    1.179619547
    6.877189189   -0.966406995   -0.966430059    1.135378300
    6.887198198   -1.056423556   -1.056438373    1.056200824
    6.897207207   -1.142901896   -1.142910102    0.957107213
    6.907216216   -1.200254752   -1.200262423    0.860998715
    6.917225225   -1.216270635   -1.216282878    0.781690538
    6.927234234   -1.196116280   -1.196134091    0.719723474
    6.937243243   -1.155442377   -1.155463271    0.674598983
    6.947252252   -1.110526693   -1.110546425    0.655053014
    6.957261261   -1.071576567   -1.071590711    0.674308428
    6.967270270   -1.041061832   -1.041067566    0.738633379
    6.977279279   -1.016563760   -1.016561431    0.843146598
    6.987288288   -0.995500756   -0.995493658    0.975946645
    6.997297297   -0.977155773   -0.977147842    1.122290530
    7.007306306   -0.960804180   -0.960797928    1.265163948
    7.017315315   -0.944607211   -0.944603613    1.385712035
    7.027324324   -0.926722845   -0.926721767    1.467406125
    7.037333333   -0.904737359   -0.904737422    1.503751707
    7.047342342   -0.873878937   -0.873878176    1.503216910
    7.057351351   -0.829338672   -0.829336087    1.482767663
    7.067360360   -0.772392212   -0.772388346    1.452872663
    7.077369369   -0.711931974   -0.711928546    1.412316930
    7.087378378   -0.657797054   -0.657796334    1.361487732
    7.097387387   -0.613374822   -0.613378148    1.316503651
    7.107396396   -0.574267887   -0.574274602    1.304051737
    7.117405405   -0.531719803   -0.531728466    1.341944565
    7.127414414   -0.478006953   -0.478017365    1.427495759
    7.137423423   -0.411947142   -0.411960532    1.541154262
    7.147432432   -0.339886821   -0.339903980    1.655922267
    7.157441441   -0.270136459   -0.270155869    1.745815154
    7.167450450   -0.206236070   -0.206253893    1.792747505
    7.177459459   -0.146027226   -0.146039623    1.792562330
    7.187468468   -0.086556807   -0.086562476    1.756341922
    7.197477477   -0.027731777   -0.027732061    1.703521123
    7.207486486    0.030109762    0.030112949    1.655459831
    7.217495495    0.090558728    0.090564646    1.632165128
    7.227504505    0.159276665    0.159285417    1.643210361
    7.237513514    0.237100384    0.237111371    1.679646342
    7.247522523    0.317763168    0.317774403    1.718488001
    7.257531532    0.392057262    0.392065905    1.733973939
    7.267540541    0.452286593    0.452290053    1.707285094
    7.277549550    0.493183605    0.493181043    1.630848154
    7.287558559    0.509825318    0.509818957    1.503169779
    7.297567568    0.496807746    0.496802490    1.321407858
    7.307576577    0.450373899    0.450374767    1.084805050
    7.317585586    0.370125659    0.370134848    0.803130767
    7.327594595    0.260381659    0.260397239    0.496537031
    7.337603604    0.132266303    0.132283339    0.188719153
    7.347612613    0.000452922    0.000466470   -0.100147568
    7.357621622   -0.125269319   -0.125261470   -0.357533780
    7.367630631   -0.242244932   -0.242241383   -0.576399327
    7.377639640   -0.348349898   -0.348347276   -0.749392142
    7.387648649   -0.435548975   -0.435545364   -0.867503729
    7.397657658   -0.493326237   -0.493323057   -0.925762052
    7.407666667   -0.518594752   -0.518595339   -0.929493590
    7.417675676   -0.518109867   -0.518116390   -0.893558090
    7.427684685   -0.501828297   -0.501839317   -0.834227767
    7.437693694   -0.477427609   -0.477438157   -0.761839222
    7.447702703   -0.450248009   -0.450252134   -0.680069509
    7.457711712   -0.425865122   -0.425859043   -0.590542114
    7.467720721   -0.411932614   -0.411916993   -0.498131521
    7.477729730   -0.415100953   -0.415081471   -0.411248621
    7.487738739   -0.434236458   -0.434221798   -0.336461388
    7.497747748   -0.459755213   -0.459752830   -0.273449302
    7.507756757   -0.481162262   -0.481174884   -0.215732665
    7.517765766   -0.493117014   -0.493142238   -0.156340443
    7.527774775   -0.496767731   -0.496800337   -0.093628429
    7.537783784   -0.499979542   -0.500014225   -0.034315858
    7.547792793   -0.514471859   -0.514503983    0.007445856
    7.557801802   -0.548424699   -0.548449260    0.016167466
    7.567810811   -0.600464453   -0.600475154   -0.016480053
    7.577819820   -0.661016419   -0.661007148   -0.086894190
    7.587828829   -0.719215614   -0.719184857   -0.180197550
    7.597837838   -0.766898075   -0.766851456   -0.275420462
    7.607846847   -0.798425720   -0.798373381   -0.356563643
    7.617855856   -0.812326970   -0.812279813   -0.421722841
    7.627864865   -0.812766358   -0.812733200   -0.478268678
    7.637873874   -0.806374404   -0.806358385   -0.530137009
    7.647882883   -0.798118910   -0.798115878   -0.573627833
    7.657891892   -0.790771204   -0.790773561   -0.605096014
    7.667900901   -0.786924094   -0.786926204   -0.629880927
    7.677909910   -0.790427216   -0.790426631   -0.661819423
    7.687918919   -0.804521371   -0.804516758   -0.713226733
    7.697927928   -0.826735619   -0.826725517   -0.785706130
    7.707936937   -0.847060988   -0.847044974   -0.868548631
    7.717945946   -0.853841929   -0.853822039   -0.944966288
    7.727954955   -0.842071913   -0.842051774   -1.005021767
    7.737963964   -0.816116131   -0.816098891   -1.054851109
    7.747972973   -0.785042957   -0.785029639   -1.110248012
    7.757981982   -0.755782736   -0.755772041   -1.179876365
    7.767990991   -0.729853625   -0.729844113   -1.254463405
    7.778000000   -0.704173658   -0.704165925   -1.312568925
    7.788009009   -0.673009929   -0.673005623   -1.335879138
    7.798018018   -0.631414332   -0.631414287   -1.318483616
    7.808027027   -0.580331212   -0.580335738   -1.266072073
    7.818036036   -0.528375898   -0.528385645   -1.190644062
    7.828045045   -0.487497293   -0.487512672   -1.105724334
    7.838054054   -0.466865100   -0.466885179   -1.023964314
    7.848063063   -0.469648398   -0.469670857   -0.955164181
    7.858072072   -0.492649576   -0.492671874   -0.902564461
    7.868081081   -0.527343102   -0.527364069   -0.860199737
    7.878090090   -0.561381111   -0.561401117   -0.815899318
    7.888099099   -0.581662791   -0.581682399   -0.758604192
    7.898108108   -0.579918135   -0.579937185   -0.683624141
    7.908117117   -0.556820034   -0.556837707   -0.593059377
    7.918126126   -0.520632619   -0.520648009   -0.493228911
    7.928135135   -0.482364231   -0.482377152   -0.391556845
    7.938144144   -0.452056027   -0.452067651   -0.295053525
    7.948153153   -0.437251778   -0.437264244   -0.210516774
    7.958162162   -0.441577855   -0.441592847   -0.144234866
    7.968171171   -0.463262401   -0.463280114   -0.099550217
    7.978180180   -0.495460069   -0.495479735   -0.073924687
    7.988189189   -0.528685317   -0.528706274   -0.059411397
    7.998198198   -0.553391762   -0.553413559   -0.047131161
    8.008207207   -0.562589622   -0.562611438   -0.032197726
    8.018216216   -0.554889413   -0.554910102   -0.015139074
    8.028225225   -0.534385932   -0.534405021    0.001575270
    8.038234234   -0.505692136   -0.505710364    0.018093681
    8.048243243   -0.469807501   -0.469826187    0.038007718
    8.058252252   -0.426131171   -0.426151630    0.065307268
    8.068261261   -0.376419098   -0.376442201    0.100933299
    8.078270270   -0.324520939   -0.324546023    0.140551852
    8.088279279   -0.273675972   -0.273700261    0.173869924
    8.098288288   -0.225490051   -0.225509889    0.188397050
    8.108297297   -0.179860564   -0.179873474    0.177948580
    8.118306306   -0.134063195   -0.134069322    0.149311950
    8.128315315   -0.082659055   -0.082660884    0.119577350
    8.138324324   -0.020098305   -0.020098787    0.105957357
    8.148333333    0.055835705    0.055834824    0.117964747
    8.158342342    0.143276293    0.143274910    0.156265523
    8.168351351    0.238183881    0.238182929    0.215334570
    8.178360360    0.335808592    0.335808905    0.286400482
    8.188369369    0.430749998    0.430751385    0.359674883
    8.198378378    0.517392965    0.517394017    0.426037768
    8.208387387    0.591167441    0.591166200    0.476498194
    8.218396396    0.649164933    0.649160277    0.500233963
    8.228405405    0.690260910    0.690253570    0.487164842
    8.238414414    0.716719470    0.716711132    0.436933326
    8.248423423    0.735675880    0.735667022    0.365306490
    8.258432432    0.755980774    0.755969874    0.296972422
    8.268441441    0.782618986    0.782604104    0.249455694
    8.278450450    0.815462979    0.815443926    0.225335319
    8.288459459    0.851211763    0.851190592    0.217141635
    8.298468468    0.884450789    0.884430387    0.216102023
    8.308477477    0.910047453    0.910029854    0.218246179
    8.318486486    0.928004968    0.927990687    0.225657108
    8.328495495    0.945240086    0.945228747    0.243371201
    8.338504505    0.969468218    0.969459697    0.274200761
    8.348513514    0.999798193    0.999792861    0.314926353
    8.358522523    1.024271075    1.024268955    0.356411372
    8.368531532    1.027247843    1.027247674    0.387222894
    8.378540541    0.998183875    0.998183224    0.397842621
    8.388549550    0.933374650    0.933371780    0.381921499
    8.398558559    0.834938779    0.834934848    0.336377723
    8.408567568    0.714739318    0.714738294    0.265228347
    8.418576577    0.594931621    0.594938189    0.181950575
    8.428585586    0.495716163    0.495734126    0.101838460
    8.438594595    0.423052038    0.423083434    0.031811781
    8.448603604    0.371481018    0.371524921   -0.029194085
    8.458612613    0.334323487    0.334376008   -0.082641214
    8.468621622    0.305969753    0.306026046   -0.128097782
    8.478630631    0.278797636    0.278853203   -0.165475922
    8.488639640    0.243950407    0.244001167   -0.194814127
    8.498648649    0.194795709    0.194838373   -0.215902242
    8.508657658    0.130013162    0.130045485   -0.229802167
    8.518666667    0.054054420    0.054075580   -0.239967148
    8.528675676   -0.026729592   -0.026718161   -0.251370571
    8.538684685   -0.107551026   -0.107545749   -0.266880592
    8.548693694   -0.186273166   -0.186269154   -0.285198715
    8.558702703   -0.262882198   -0.262873680   -0.303614258
    8.568711712   -0.334463765   -0.334445222   -0.320023976
    8.578720721   -0.393326883   -0.393295755   -0.332148039
    8.588729730   -0.434827287   -0.434786601   -0.337834143
    8.598738739   -0.461544199   -0.461502774   -0.335880539
    8.608747748   -0.477695219   -0.477663468   -0.326188543
    8.618756757   -0.484916223   -0.484899682   -0.310883906
    8.628765766   -0.482871859   -0.482868443   -0.295145222
    8.638774775   -0.469614175   -0.469616864   -0.285174968
    8.648783784   -0.442427590   -0.442428812   -0.284873657
    8.658792793   -0.401444493   -0.401439186   -0.294319344
    8.668801802   -0.352002585   -0.351989468   -0.308869343
    8.678810811   -0.303281173   -0.303261976   -0.319471227
    8.688819820   -0.265132747   -0.265110300   -0.317417808
    8.698828829   -0.243450904   -0.243428283   -0.299366845
    8.708837838   -0.236027275   -0.236008390   -0.267048182
    8.718846847   -0.235239138   -0.235228139   -0.225408107
    8.728855856   -0.236965622   -0.236964785   -0.182315084
    8.738864865   -0.244645366   -0.244654442   -0.147049020
    8.748873874   -0.264398819   -0.264416112   -0.128566767
    8.758882883   -0.300062489   -0.300085646   -0.135118072
    8.768891892   -0.353610561   -0.353637148   -0.172206225
    8.778900901   -0.424673887   -0.424702095   -0.238662438
    8.788909910   -0.505899507   -0.505927512   -0.324564379
    8.798918919   -0.582723421   -0.582748285   -0.413510601
    8.808927928   -0.641970567   -0.641989346   -0.489082658
    8.818936937   -0.678678782   -0.678689993   -0.540399518
    8.828945946   -0.694405365   -0.694408287   -0.563513204
    8.838954955   -0.693674571   -0.693669097   -0.562210160
    8.848963964   -0.682540845   -0.682529208   -0.547875216
    8.858972973   -0.667821060   -0.667808083   -0.534984885
    8.868981982   -0.656403118   -0.656393570   -0.534379030
    8.878990991   -0.653339776   -0.653335356   -0.548582207
    8.889000000   -0.659747045   -0.659746112   -0.571161044
    8.899009009   -0.673972939   -0.673973127   -0.590476883
    8.909018018   -0.695225424   -0.695225060   -0.595681819
    8.919027027   -0.724832815   -0.724830112   -0.581560872
    8.929036036   -0.763044143   -0.763037368   -0.550440587
    8.939045045   -0.805255954   -0.805244649   -0.510477110
    8.949054054   -0.843538910   -0.843524584   -0.471431177
    8.959063063   -0.872600147   -0.872586075   -0.440606903
    8.969072072   -0.892586831   -0.892577063   -0.421111959
    8.979081081   -0.906195056   -0.906192598   -0.412028447
    8.989090090   -0.914000575   -0.914005442   -0.408073435
    8.999099099   -0.912015701   -0.912024550   -0.400499383
    9.009108108   -0.894573217   -0.894581471   -0.382348313
    9.019117117   -0.861169569   -0.861174310   -0.353698587
    9.029126126   -0.820305034   -0.820306010   -0.321708749
    9.039135135   -0.785918208   -0.785916748   -0.296823719
    9.049144144   -0.769066494   -0.769063971   -0.288221277
    9.059153153   -0.771020297   -0.771017215   -0.300005169
    9.069162162   -0.783124208   -0.783120029   -0.329678381
    9.079171171   -0.793133350   -0.793127096   -0.370072497
    9.089180180   -0.792236788   -0.792227950   -0.412988289
    9.099189189   -0.777335984   -0.777324871   -0.450593903
    9.109198198   -0.748568377   -0.748556073   -0.474818705
    9.119207207   -0.707909401   -0.707897522   -0.479579155
    9.129216216   -0.660929641   -0.660919648   -0.464836041
    9.139225225   -0.617055933   -0.617048337   -0.436849463
    9.149234234   -0.585852615   -0.585846774   -0.403995056
    9.159243243   -0.571695157   -0.571689677   -0.372222508
    9.169252252   -0.570536821   -0.570529990   -0.343574668
    9.179261261   -0.572319997   -0.572310552   -0.318364547
    9.189270270   -0.568647640   -0.568635938   -0.298028990
    9.199279279   -0.558194338   -0.558182641   -0.284839665
    9.209288288   -0.545076622   -0.545068357   -0.279738382
    9.219297297   -0.534746003   -0.534744349   -0.282197328
    9.229306306   -0.531049936   -0.531055538   -0.290797355
    9.239315315   -0.533446510   -0.533455953   -0.302042729
    9.249324324   -0.536044469   -0.536051832   -0.311068824
    9.259333333   -0.531342014   -0.531342538   -0.315694272
    9.269342342   -0.516048087   -0.516040639   -0.317818110
    9.279351351   -0.492791571   -0.492778231   -0.319315206
    9.289360360   -0.466804326   -0.466788525   -0.318130262
    9.299369369   -0.442625702   -0.442610553   -0.309972379
    9.309378378   -0.423038262   -0.423025663   -0.292554755
    9.319387387   -0.409275987   -0.409266926   -0.266811620
    9.329396396   -0.402194670   -0.402189955   -0.235265774
    9.339405405   -0.402974671   -0.402974723   -0.200459699
    9.349414414   -0.412031219   -0.412035161   -0.164166738
    9.359423423   -0.427359366   -0.427364398   -0.127201758
    9.369432432   -0.443620325   -0.443622358   -0.090075625
    9.379441441   -0.453107573   -0.453103368   -0.053651459
    9.389450450   -0.449634156   -0.449622935   -0.019013906
    9.399459459   -0.432410524   -0.432393625    0.013052128
    9.409468468   -0.405485188   -0.405464974    0.042510399
    9.419477477   -0.373776845   -0.373755881    0.070168640
    9.429486486   -0.339742582   -0.339722845    0.097562976
    9.439495495   -0.303128313   -0.303110461    0.126520720
    9.449504505   -0.263587650   -0.263571317    0.157777888
    9.459513514   -0.222912339   -0.222897405    0.189833124
    9.469522523   -0.184790853   -0.184778212    0.219517622
    9.479531532   -0.153048724   -0.153039601    0.243572958
    9.489540541   -0.129512920   -0.129507480    0.260073802
    9.499549550   -0.112733526   -0.112730271    0.269377141
    9.509558559   -0.099336832   -0.099333432    0.274309429
    9.519567568   -0.087146044   -0.087140920    0.279286936
    9.529576577   -0.076853361   -0.076846689    0.288573269
    9.539585586   -0.070577351   -0.070570494    0.304676306
    9.549594595   -0.068438721   -0.068432562    0.328185412
    9.559603604   -0.067435466   -0.067429374    0.358418622
    9.569612613   -0.064953445   -0.064945956    0.393259073
    9.579621622   -0.061463693   -0.061453872    0.428764541
    9.589630631   -0.057947318   -0.057935311    0.460004193
    9.599639640   -0.052688935   -0.052675659    0.482996693
    9.609648649   -0.042080488   -0.042067220    0.496391483
    9.619657658   -0.024006610   -0.023994946    0.501541341
    9.629666667   -0.000939445   -0.000931474    0.500901468
    9.639675676    0.019202342    0.019204022    0.496325925
    9.649684685    0.025499484    0.025492307    0.489284428
    9.659693694    0.009329267    0.009312231    0.482211099
    9.669702703   -0.030512055   -0.030536418    0.477491561
    9.679711712   -0.086858418   -0.086883949    0.474897768
    9.689720721   -0.148188868   -0.148208845    0.471611593
    9.699729730   -0.203785099   -0.203795754    0.465115938
    9.709738739   -0.246042855   -0.246044370    0.455875040
    9.719747748   -0.270598315   -0.270593622    0.447604632
    9.729756757   -0.276989530   -0.276982334    0.444884892
    9.739765766   -0.269120616   -0.269113673    0.450250257
    9.749774775   -0.252881040   -0.252875448    0.464158070
    9.759783784   -0.232500502   -0.232495976    0.486784544
    9.769792793   -0.209312839   -0.209308321    0.518057332
    9.779801802   -0.183002517   -0.182996849    0.556295011
    9.789810811   -0.153408296   -0.153400872    0.597563021
    9.799819820   -0.121631536   -0.121622402    0.636296082
    9.809828829   -0.089913255   -0.089902906    0.666875372
    9.819837838   -0.061090578   -0.061080041    0.685038967
    9.829846847   -0.038614157   -0.038604906    0.687452735
    9.839855856   -0.027123592   -0.027116974    0.669971600
    9.849864865   -0.032422338   -0.032419110    0.628337671
    9.859873874   -0.058599278   -0.058599521    0.562982526
    9.869882883   -0.103108558   -0.103111375    0.483237708
    9.879891892   -0.155396414   -0.155399775    0.404970575
    9.889900901   -0.202344500   -0.202346207    0.342816160
    9.899909910   -0.235112274   -0.235110971    0.304344455
    9.909918919   -0.250654565   -0.250649674    0.290048949
    9.919927928   -0.249310985   -0.249302359    0.296133572
    9.929936937   -0.233240060   -0.233228171    0.316677651
    9.939945946   -0.205994287   -0.205980431    0.345333915
    9.949954955   -0.171074783   -0.171060543    0.376965682
    9.959963964   -0.130496688   -0.130482997    0.408106267
    9.969972973   -0.085234205   -0.085221025    0.436791057
    9.979981982   -0.036546982   -0.036533797    0.463029987
    9.989990991    0.012977110    0.012990726    0.488175955
   10.000000000    0.058721862    0.058736139    0.512218173
