# energy grid [eV]     epsr_x  epsr_y  epsr_z
# plasmon frequences [eV]:     6.032070257    6.031850694    4.894473291
    0.011009009 1683.106106553 1683.194570083   10.803816172
    0.021018018  465.232907489  465.257135463    4.687756133
    0.031027027  216.072000786  216.083086979    3.436541137
    0.041036036  125.569092639  125.575405300    2.982120709
    0.051045045   82.843758810   82.847817908    2.767659144
    0.061054054   59.347229363   59.350049090    2.649786023
    0.071063063   45.059807672   45.061873742    2.578182969
    0.081072072   35.730070828   35.731644717    2.531499582
    0.091081081   29.304307917   29.305542779    2.499422259
    0.101090090   24.691816522   24.692807983    2.476473577
    0.111099099   21.269774565   21.270585402    2.459525792
    0.121108108   18.661533731   18.662206854    2.446687430
    0.131117117   16.628459085   16.629024818    2.436760121
    0.141126126   15.013408871   15.013889248    2.428954750
    0.151135135   13.709484939   13.709896358    2.422734529
    0.161144144   12.641919779   12.642274692    2.417724028
    0.171153153   11.757148016   11.757456051    2.413654302
    0.181162162   11.015980936   11.016249654    2.410328604
    0.191171171   10.389213504   10.389448924    2.407600330
    0.201180180    9.854721300    9.854928276    2.405358439
    0.211189189    9.395496663    9.395679148    2.403517588
    0.221198198    8.998292164    8.998453416    2.402011323
    0.231207207    8.652665887    8.652808612    2.400787281
    0.241216216    8.350298033    8.350424495    2.399803763
    0.251225225    8.084494171    8.084606285    2.399027233
    0.261234234    7.849819091    7.849918482    2.398430487
    0.271243243    7.641823425    7.641911483    2.397991270
    0.281252252    7.456837131    7.456915053    2.397691250
    0.291261261    7.291811783    7.291880606    2.397515218
    0.301270270    7.144198924    7.144259547    2.397450480
    0.311279279    7.011855347    7.011908558    2.397486383
    0.321288288    6.892968723    6.893015213    2.397613938
    0.331297297    6.785998721    6.786039099    2.397825527
    0.341306306    6.689630049    6.689664855    2.398114667
    0.351315315    6.602734737    6.602764450    2.398475818
    0.361324324    6.524341647    6.524366694    2.398904234
    0.371333333    6.453611673    6.453632437    2.399395836
    0.381342342    6.389817458    6.389834282    2.399947110
    0.391351351    6.332326714    6.332339907    2.400555025
    0.401360360    6.280588439    6.280598280    2.401216961
    0.411369369    6.234121478    6.234128221    2.401930657
    0.421378378    6.192504993    6.192508866    2.402694156
    0.431387387    6.155370485    6.155371698    2.403505769
    0.441396396    6.122395108    6.122393853    2.404364043
    0.451405405    6.093296041    6.093292492    2.405267730
    0.461414414    6.067825748    6.067820066    2.406215764
    0.471423423    6.045767973    6.045760305    2.407207240
    0.481432432    6.026934367    6.026924851    2.408241399
    0.491441441    6.011161643    6.011150404    2.409317614
    0.501450450    5.998309183    5.998296337    2.410435374
    0.511459459    5.988257035    5.988242691    2.411594280
    0.521468468    5.980904262    5.980888521    2.412794030
    0.531477477    5.976167576    5.976150533    2.414034420
    0.541486486    5.973980255    5.973961998    2.415315329
    0.551495495    5.974291298    5.974271911    2.416636725
    0.561504505    5.977064805    5.977044365    2.417998652
    0.571513514    5.982279571    5.982258151    2.419401235
    0.581522523    5.989928882    5.989906554    2.420844676
    0.591531532    6.000020522    5.999997351    2.422329253
    0.601540541    6.012576966    6.012553016    2.423855324
    0.611549550    6.027635798    6.027611129    2.425423325
    0.621558559    6.045250339    6.045225010    2.427033774
    0.631567568    6.065490515    6.065464581    2.428687276
    0.641576577    6.088443983    6.088417499    2.430384528
    0.651585586    6.114217539    6.114190558    2.432126323
    0.661594595    6.142938846    6.142911421    2.433913561
    0.671603604    6.174758526    6.174730707    2.435747257
    0.681612613    6.209852643    6.209824480    2.437628551
    0.691621622    6.248425664    6.248397208    2.439558724
    0.701630631    6.290713928    6.290685229    2.441539211
    0.711639640    6.336989695    6.336960802    2.443571624
    0.721648649    6.387565831    6.387536797    2.445657767
    0.731657658    6.442801177    6.442772053    2.447799664
    0.741666667    6.503106587    6.503077427    2.449999585
    0.751675676    6.568951579    6.568922439    2.452260079
    0.761684685    6.640871372    6.640842310    2.454584001
    0.771693694    6.719473839    6.719444915    2.456974547
    0.781702703    6.805445415    6.805416695    2.459435280
    0.791711712    6.899554206    6.899525756    2.461970144
    0.801720721    7.002647035    7.002618928    2.464583454
    0.811729730    7.115634617    7.115606931    2.467279826
    0.821738739    7.239454408    7.239427225    2.470064023
    0.831747748    7.374992495    7.374965903    2.472940598
    0.841756757    7.522931174    7.522905263    2.475913234
    0.851765766    7.683462514    7.683437376    2.478983464
    0.861774775    7.855761272    7.855736994    2.482148348
    0.871783784    8.037028602    8.037005252    2.485396235
    0.881792793    8.220782180    8.220759791    2.488699195
    0.891801802    8.393870451    8.393848974    2.491999798
    0.901810811    8.531499957    8.531479199    2.495189097
    0.911819820    8.589769750    8.589749260    2.498073570
    0.921828829    8.497090909    8.497069818    2.500337125
    0.931837838    8.152300798    8.152277658    2.501532755
    0.941846847    7.449962282    7.449935063    2.501194569
    0.951855856    6.356584484    6.356551003    2.499175330
    0.961864865    5.006587322    5.006546172    2.496071416
    0.971873874    3.689322408    3.689273791    2.493165348
    0.981882883    2.673078612    2.673024227    2.491646440
    0.991891892    2.053556284    2.053498401    2.491939805
    1.001900901    1.774217398    1.774157999    2.493796476
    1.011909910    1.726160256    1.726100718    2.496735687
    1.021918919    1.813482714    1.813423861    2.500334334
    1.031927928    1.970799265    1.970741544    2.504304548
    1.041936937    2.158815120    2.158758745    2.508474116
    1.051945946    2.355645855    2.355590912    2.512748044
    1.061954955    2.549849730    2.549796241    2.517077723
    1.071963964    2.735917605    2.735865559    2.521440970
    1.081972973    2.911599080    2.911548456    2.525830203
    1.091981982    3.076380699    3.076331474    2.530245729
    1.101990991    3.230637895    3.230590051    2.534692005
    1.112000000    3.375169021    3.375122550    2.539175609
    1.122009009    3.510943265    3.510898166    2.543704148
    1.132018018    3.638967574    3.638923856    2.548285714
    1.142027027    3.760219566    3.760177249    2.552928619
    1.152036036    3.875616795    3.875575909    2.557641314
    1.162045045    3.986005796    3.985966381    2.562432392
    1.172054054    4.092161664    4.092123772    2.567310646
    1.182063063    4.194792999    4.194756693    2.572285161
    1.192072072    4.294549359    4.294514714    2.577365417
    1.202081081    4.392029681    4.391996782    2.582561397
    1.212090090    4.487790866    4.487759815    2.587883694
    1.222099099    4.582356152    4.582327064    2.593343591
    1.232108108    4.676223107    4.676196113    2.598953088
    1.242117117    4.769871241    4.769846490    2.604724836
    1.252126126    4.863769255    4.863746916    2.610671874
    1.262135135    4.958382002    4.958362264    2.616807033
    1.272144144    5.054177188    5.054160267    2.623141703
    1.282153153    5.151631815    5.151617952    2.629683483
    1.292162162    5.251238225    5.251227693    2.636431796
    1.302171171    5.353509425    5.353502527    2.643369897
    1.312180180    5.458982986    5.458980059    2.650450469
    1.322189189    5.568222267    5.568223681    2.657570256
    1.332198198    5.681813006    5.681819161    2.664526999
    1.342207207    5.800353131    5.800364449    2.670952018
    1.352216216    5.924436384    5.924453302    2.676223000
    1.362225225    6.054642248    6.054665236    2.679407092
    1.372234234    6.191572708    6.191602355    2.679391474
    1.382243243    6.335999008    6.336036203    2.675453456
    1.392252252    6.489095880    6.489141965    2.668231342
    1.402261261    6.652491333    6.652547870    2.660152037
    1.412270270    6.827835913    6.827904059    2.654255679
    1.422279279    7.016112943    7.016192901    2.652350227
    1.432288288    7.217101615    7.217192399    2.654462015
    1.442297297    7.428812596    7.428911616    2.659626359
    1.452306306    7.646328840    7.646430747    2.666762295
    1.462315315    7.859516327    7.859610674    2.675054385
    1.472324324    8.048997559    8.049064852    2.683987411
    1.482333333    8.179756921    8.179762763    2.693267409
    1.492342342    8.192732220    8.192620766    2.702739599
    1.502351351    7.998974544    7.998667707    2.712330500
    1.512360360    7.491399830    7.490818747    2.722012317
    1.522369369    6.599727344    6.598853887    2.731782346
    1.532378378    5.387403004    5.386351373    2.741651419
    1.542387387    4.094617288    4.093610554    2.751637566
    1.552396396    3.015075896    3.014302575    2.761762613
    1.562405405    2.311064246    2.310577405    2.772050433
    1.572414414    1.971712173    1.971461288    2.782526108
    1.582423423    1.899292979    1.899198892    2.793215631
    1.592432432    1.991652841    1.991649738    2.804145889
    1.602441441    2.174004463    2.174048709    2.815344823
    1.612450450    2.399734160    2.399799944    2.826841693
    1.622459459    2.642315948    2.642389060    2.838667401
    1.632468468    2.887655066    2.887728175    2.850854845
    1.642477477    3.128846131    3.128915799    2.863439282
    1.652486486    3.362989137    3.363054070    2.876458674
    1.662495495    3.589356921    3.589416972    2.889953935
    1.672504505    3.808368168    3.808423789    2.903969020
    1.682513514    4.021020511    4.021072448    2.918550638
    1.692522523    4.228580750    4.228629874    2.933747306
    1.702531532    4.432415768    4.432462988    2.949607155
    1.712540541    4.633896673    4.633942873    2.966173485
    1.722549550    4.834334317    4.834380314    2.983476230
    1.732558559    5.034915492    5.034961970    3.001516099
    1.742567568    5.236609735    5.236657152    3.020235630
    1.752576577    5.440008656    5.440057070    3.039467332
    1.762585586    5.645045115    5.645093904    3.058843247
    1.772594595    5.850531538    5.850578971    3.077645199
    1.782603604    6.053506301    6.053549080    3.094583197
    1.792612613    6.248633317    6.248666636    3.107550236
    1.802621622    6.428618522    6.428638132    3.113595410
    1.812630631    6.587620595    6.587628752    3.109701530
    1.822639640    6.728602954    6.728615933    3.094950337
    1.832648649    6.868837908    6.868884009    3.073104906
    1.842657658    7.032857897    7.032960159    3.052315783
    1.852666667    7.236122419    7.236283480    3.040581885
    1.862675676    7.476915906    7.477119501    3.041341685
    1.872684685    7.739931416    7.740150384    3.053360525
    1.882693694    8.000401431    8.000600131    3.073299989
    1.892702703    8.222700335    8.222830776    3.097721197
    1.902711712    8.356288603    8.356286445    3.123678208
    1.912720721    8.337925426    8.337718501    3.148588108
    1.922729730    8.114419246    8.113965125    3.170183722
    1.932738739    7.691371772    7.690715298    3.187147910
    1.942747748    7.167620537    7.166899447    3.200362334
    1.952756757    6.686636824    6.685984115    3.213239896
    1.962765766    6.333289976    6.332738765    3.229702148
    1.972774775    6.097564368    6.097074314    3.251746697
    1.982783784    5.931133813    5.930684198    3.279438010
    1.992792793    5.807484917    5.807108855    3.312424623
    2.002801802    5.718684112    5.718415994    3.350625503
    2.012810811    5.641211392    5.641045492    3.393875814
    2.022819820    5.540879159    5.540798126    3.441666584
    2.032828829    5.409762282    5.409770106    3.493274247
    2.042837838    5.270899384    5.270995210    3.547856871
    2.052846847    5.139621971    5.139753924    3.604287032
    2.062855856    4.992411759    4.992481542    3.660717536
    2.072864865    4.769200406    4.769116382    3.713879286
    2.082873874    4.410875817    4.410610081    3.758127844
    2.092882883    3.917311559    3.916921819    3.784568301
    2.102891892    3.358634190    3.358218307    3.781533430
    2.112900901    2.810871155    2.810495206    3.739016326
    2.122909910    2.312842491    2.312528903    3.658233108
    2.132918919    1.894670320    1.894424352    3.558565560
    2.142927928    1.583982648    1.583788469    3.467965067
    2.152936937    1.355876740    1.355681622    3.401918424
    2.162945946    1.114148739    1.113877093    3.355168638
    2.172954955    0.743394116    0.742987911    3.311548728
    2.182963964    0.185923162    0.185381370    3.256023832
    2.192972973   -0.521989979   -0.522610863    3.177832549
    2.202981982   -1.281316556   -1.281937335    3.069339230
    2.212990991   -1.973075815   -1.973616322    2.932708066
    2.223000000   -2.482031321   -2.482428199    2.790330230
    2.233009009   -2.739534117   -2.739769262    2.677458942
    2.243018018   -2.754692715   -2.754793673    2.618170707
    2.253027027   -2.589463055   -2.589474920    2.613699697
    2.263036036   -2.313962807   -2.313925221    2.651035967
    2.273045045   -1.982243012   -1.982183052    2.714968742
    2.283054054   -1.628905623   -1.628839392    2.793661077
    2.293063063   -1.273990989   -1.273927182    2.879112282
    2.303072072   -0.928671129   -0.928613955    2.965782868
    2.313081081   -0.599556301   -0.599507363    3.049032685
    2.323090090   -0.291418275   -0.291377589    3.123975807
    2.333099099   -0.008214367   -0.008180737    3.185335717
    2.343108108    0.248100883    0.248129919    3.229181763
    2.353117117    0.480524174    0.480552227    3.256326703
    2.363126126    0.698152534    0.698183159    3.273874009
    2.373135135    0.912335296    0.912369740    3.291719788
    2.383144144    1.131679851    1.131715993    3.317769818
    2.393153153    1.360422884    1.360457286    3.355650299
    2.403162162    1.598298033    1.598329032    3.402792233
    2.413171171    1.840597377    1.840625736    3.449274843
    2.423180180    2.079076453    2.079103494    3.479688506
    2.433189189    2.303062465    2.303087307    3.477805526
    2.443198198    2.499981587    2.499998775    3.432952222
    2.453207207    2.654990601    2.654990143    3.344484552
    2.463216216    2.751565523    2.751536740    3.220664754
    2.473225225    2.778641179    2.778578918    3.075954727
    2.483234234    2.742797919    2.742706026    2.931157569
    2.493243243    2.666918361    2.666803437    2.810278846
    2.503252252    2.567555941    2.567417319    2.728579778
    2.513261261    2.443494452    2.443328946    2.684415910
    2.523270270    2.300146453    2.299966168    2.667848658
    2.533279279    2.176077244    2.175913573    2.674890348
    2.543288288    2.126282281    2.126164150    2.709552421
    2.553297297    2.178794467    2.178726955    2.774724631
    2.563306306    2.317342774    2.317307311    2.866532217
    2.573315315    2.495988466    2.495952302    2.976549180
    2.583324324    2.656338953    2.656259362    3.095331955
    2.593333333    2.735083620    2.734909554    3.213297157
    2.603342342    2.669630420    2.669314349    3.319477967
    2.613351351    2.413564841    2.413090167    3.399781753
    2.623360360    1.962658318    1.962060800    3.436443997
    2.633369369    1.366853870    1.366206994    3.410781174
    2.643378378    0.710117304    0.709498348    3.311196721
    2.653387387    0.086061496    0.085535009    3.145126466
    2.663396396   -0.418806696   -0.419202013    2.945299092
    2.673405405   -0.755696736   -0.755964820    2.755454435
    2.683414414   -0.937052310   -0.937229657    2.600612799
    2.693423423   -1.023184106   -1.023310410    2.473777338
    2.703432432   -1.085522652   -1.085624374    2.350947785
    2.713441441   -1.168390868   -1.168481094    2.216321158
    2.723450450   -1.264255592   -1.264338482    2.079804885
    2.733459459   -1.325691819   -1.325767684    1.970606735
    2.743468468   -1.311615374   -1.311685397    1.908951076
    2.753477477   -1.218028986   -1.218096468    1.888130263
    2.763486486   -1.069053050   -1.069121690    1.882503115
    2.773495495   -0.893817598   -0.893890026    1.866663364
    2.783504505   -0.711439967   -0.711517611    1.831812172
    2.793513514   -0.528033273   -0.528116681    1.789732586
    2.803522523   -0.343558180   -0.343647083    1.758404695
    2.813531532   -0.160105496   -0.160199015    1.744238222
    2.823540541    0.017120493    0.017022950    1.741686689
    2.833549550    0.183929887    0.183827830    1.745613210
    2.843558559    0.338991466    0.338884389    1.758820258
    2.853567568    0.481850630    0.481741452    1.788734062
    2.863576577    0.609635641    0.609534877    1.839975181
    2.873585586    0.712181459    0.712109523    1.910728841
    2.883594595    0.767895065    0.767879985    1.994577959
    2.893603604    0.748448714    0.748515565    2.083981271
    2.903612613    0.636479800    0.636631656    2.172322242
    2.913621622    0.446324105    0.446531407    2.254652674
    2.923630631    0.223248872    0.223471381    2.327932342
    2.933639640    0.013380108    0.013606571    2.390400791
    2.943648649   -0.165897215   -0.165637017    2.439845384
    2.953657658   -0.328098782   -0.327765060    2.473076824
    2.963666667   -0.492323750   -0.491920221    2.489756100
    2.973675676   -0.651859306   -0.651459666    2.498127945
    2.983684685   -0.771587541   -0.771289537    2.513806504
    2.993693694   -0.819607823   -0.819461306    2.549781783
    3.003702703   -0.791687483   -0.791680016    2.609261277
    3.013711712   -0.705343718   -0.705434108    2.687728863
    3.023720721   -0.583097223   -0.583245196    2.778057867
    3.033729730   -0.442875435   -0.443052022    2.873161813
    3.043738739   -0.296050934   -0.296238130    2.966102269
    3.053747748   -0.148673329   -0.148861058    3.049464184
    3.063756757   -0.003460530   -0.003643851    3.115941416
    3.073765766    0.138556198    0.138379099    3.161944263
    3.083774775    0.277353053    0.277182081    3.193281961
    3.093783784    0.413639118    0.413473113    3.225748691
    3.103792793    0.548056716    0.547894209    3.275110528
    3.113801802    0.680155703    0.679995322    3.345706793
    3.123810811    0.807839037    0.807679478    3.428859690
    3.133819820    0.927083035    0.926922989    3.507892431
    3.143828829    1.031595044    1.031433473    3.563108318
    3.153837838    1.112749219    1.112586086    3.576068595
    3.163846847    1.160730024    1.160567277    3.533258416
    3.173855856    1.168260762    1.168103404    3.427452204
    3.183864865    1.137036699    1.136893448    3.259205937
    3.193873874    1.080969060    1.080849557    3.039258258
    3.203882883    1.019873787    1.019780565    2.786717951
    3.213891892    0.971728735    0.971651056    2.530339752
    3.223900901    0.951219377    0.951138958    2.311754983
    3.233909910    0.966564396    0.966468967    2.167504143
    3.243918919    1.014190282    1.014079848    2.101942329
    3.253927928    1.079566427    1.079449395    2.085104678
    3.263936937    1.142982437    1.142869450    2.071663981
    3.273945946    1.185433036    1.185332079    2.022079916
    3.283954955    1.194037740    1.193950546    1.920822589
    3.293963964    1.165708683    1.165630708    1.783544305
    3.303972973    1.105942333    1.105866632    1.640385717
    3.313981982    1.025138411    1.025058325    1.509965683
    3.323990991    0.936007327    0.935917380    1.393045158
    3.334000000    0.851547460    0.851445269    1.285696421
    3.344009009    0.786266189    0.786153041    1.194929697
    3.354018018    0.756486631    0.756365653    1.140349951
    3.364027027    0.772299347    0.772173666    1.137875709
    3.374036036    0.831096027    0.830968106    1.186779931
    3.384045045    0.921490719    0.921362461    1.273718919
    3.394054054    1.030539447    1.030412565    1.382733177
    3.404063063    1.147349343    1.147225669    1.500663425
    3.414072072    1.263400585    1.263282064    1.618001265
    3.424081081    1.372196756    1.372084754    1.728557005
    3.434090090    1.469790609    1.469684670    1.829996363
    3.444099099    1.555252557    1.555150195    1.924551942
    3.454108108    1.628234373    1.628133126    2.017066106
    3.464117117    1.684418239    1.684316985    2.110361423
    3.474126126    1.715289941    1.715185640    2.202544851
    3.484135135    1.715117053    1.714999611    2.288436876
    3.494144144    1.688506394    1.688360109    2.363102989
    3.504153153    1.649792573    1.649607461    2.425815741
    3.514162162    1.616019599    1.615801404    2.482779398
    3.524171171    1.600167913    1.599933981    2.544961243
    3.534180180    1.604523424    1.604288976    2.620761920
    3.544189189    1.617524345    1.617295508    2.710320299
    3.554198198    1.620143067    1.619921696    2.805942698
    3.564207207    1.598105195    1.597896097    2.895731949
    3.574216216    1.549699114    1.549510434    2.967382178
    3.584225225    1.484272208    1.484108828    3.012106145
    3.594234234    1.417624157    1.417482256    3.026790855
    3.604243243    1.366874696    1.366744885    3.009758844
    3.614252252    1.339924004    1.339800716    2.953154759
    3.624261261    1.326176044    1.326063078    2.845763342
    3.634270270    1.299667708    1.299575037    2.690027651
    3.644279279    1.234823596    1.234757574    2.513521261
    3.654288288    1.128093012    1.128045504    2.357719144
    3.664297297    1.009669747    1.009617796    2.258031488
    3.674306306    0.925990477    0.925911677    2.232885757
    3.684315315    0.906373655    0.906260022    2.281152872
    3.694324324    0.950839500    0.950696058    2.387262852
    3.704333333    1.042435916    1.042272432    2.530632583
    3.714342342    1.161480828    1.161306703    2.691603043
    3.724351351    1.291197671    1.291020894    2.851653196
    3.734360360    1.417328922    1.417156564    2.990348000
    3.744369369    1.526071635    1.525909801    3.081946059
    3.754378378    1.603146918    1.602999313    3.094817776
    3.764387387    1.635918323    1.635784672    2.997868990
    3.774396396    1.619518247    1.619394777    2.777538415
    3.784405405    1.564632156    1.564513190    2.460159621
    3.794414414    1.497416458    1.497295750    2.113620528
    3.804423423    1.444768332    1.444640898    1.807242371
    3.814432432    1.419687235    1.419549845    1.569024527
    3.824441441    1.421515002    1.421366165    1.389370326
    3.834450450    1.441917739    1.441760119    1.250296266
    3.844459459    1.468215753    1.468058312    1.140947447
    3.854468468    1.487183758    1.487040258    1.059082834
    3.864477477    1.489475200    1.489358014    1.009417357
    3.874486486    1.473139216    1.473049752    0.997717517
    3.884495495    1.447683880    1.447607280    1.025557820
    3.894504505    1.432573886    1.432487409    1.089257953
    3.904513514    1.443385558    1.443274965    1.177321432
    3.914522523    1.477937498    1.477804075    1.268874645
    3.924531532    1.516721048    1.516576130    1.337820864
    3.934540541    1.533368175    1.533225234    1.361000514
    3.944549550    1.505117047    1.504986284    1.326677235
    3.954558559    1.419939570    1.419823283    1.238708367
    3.964567568    1.280813968    1.280704390    1.115219167
    3.974576577    1.105037456    1.104921658    0.983380031
    3.984585586    0.919623808    0.919490060    0.870292139
    3.994594595    0.759080067    0.758919790    0.796936571
    4.004603604    0.657230405    0.657040107    0.776335616
    4.014612613    0.629554217    0.629336767    0.808998496
    4.024621622    0.666702457    0.666464485    0.881358003
    4.034630631    0.745319096    0.745067566    0.971642607
    4.044639640    0.841149542    0.840890465    1.056788725
    4.054648649    0.936171589    0.935909852    1.116901608
    4.064657658    1.021343675    1.021081811    1.139845565
    4.074666667    1.096558112    1.096295051    1.127853145
    4.084675676    1.166667878    1.166401048    1.100477401
    4.094684685    1.234068203    1.233797945    1.084234263
    4.104693694    1.294238242    1.293970355    1.096128831
    4.114702703    1.339227412    1.338972159    1.139435415
    4.124711712    1.364650227    1.364417534    1.209884545
    4.134720721    1.372648640    1.372441558    1.300139730
    4.144729730    1.369388901    1.369200611    1.401761828
    4.154738739    1.361978073    1.361795029    1.507375104
    4.164747748    1.355989953    1.355800479    1.611283847
    4.174756757    1.349867491    1.349671131    1.707150655
    4.184765766    1.330831792    1.330639165    1.785833539
    4.194774775    1.282013774    1.281835179    1.837617459
    4.204783784    1.200102023    1.199934673    1.859257560
    4.214792793    1.107016752    1.106844040    1.859771394
    4.224801802    1.036993185    1.036798877    1.855899095
    4.234810811    1.010401792    1.010182089    1.861022122
    4.244819820    1.025384267    1.025145381    1.882560389
    4.254828829    1.069874462    1.069623058    1.926516004
    4.264837838    1.134065633    1.133802625    1.996414295
    4.274846847    1.213032447    1.212754467    2.088323296
    4.284855856    1.301918134    1.301623309    2.189760799
    4.294864865    1.391729330    1.391419771    2.281638662
    4.304873874    1.471194518    1.470874145    2.340758786
    4.314882883    1.532766680    1.532437944    2.345458090
    4.324891892    1.578211129    1.577873074    2.288663033
    4.334900901    1.619864138    1.619512936    2.192386171
    4.344909910    1.674637170    1.674268960    2.102229446
    4.354918919    1.752867660    1.752481118    2.056551379
    4.364927928    1.851218657    1.850814852    2.063220151
    4.374936937    1.954532205    1.954112912    2.105114634
    4.384945946    2.041748649    2.041315351    2.157084453
    4.394954955    2.091377598    2.090931408    2.197067736
    4.404963964    2.085402008    2.084943155    2.211028549
    4.414972973    2.010332589    2.009859237    2.193191132
    4.424981982    1.860096460    1.859605732    2.144699769
    4.434990991    1.648388619    1.647880132    2.078481467
    4.445000000    1.415527473    1.415003485    2.020745117
    4.455009009    1.209232100    1.208693397    1.994041583
    4.465018018    1.058876650    1.058320801    1.998594558
    4.475027027    0.969032616    0.968455739    2.011982950
    4.485036036    0.926885872    0.926284403    1.998918370
    4.495045045    0.913503107    0.912874449    1.918848352
    4.505054054    0.913257038    0.912599188    1.734130169
    4.515063063    0.917008027    0.916318315    1.429868897
    4.525072072    0.920001957    0.919276251    1.040540071
    4.535081081    0.919066172    0.918300664    0.649437598
    4.545090090    0.909491702    0.908686208    0.339797652
    4.555099099    0.881768730    0.880927658    0.143995253
    4.565108108    0.824877088    0.824008280    0.046698326
    4.575117117    0.739327597    0.738441215    0.021623169
    4.585126126    0.647391971    0.646497544    0.052157943
    4.595135135    0.583904501    0.583007957    0.126350585
    4.605144144    0.573062483    0.572169632    0.227879233
    4.615153153    0.613252764    0.612379669    0.336923545
    4.625162162    0.679974050    0.679159135    0.436152451
    4.635171171    0.738445977    0.737758227    0.512905244
    4.645180180    0.756898822    0.756433070    0.555947776
    4.655189189    0.718996248    0.718843762    0.552421192
    4.665198198    0.630417456    0.630618258    0.490702785
    4.675207207    0.511716657    0.512233081    0.368873530
    4.685216216    0.383551003    0.384288833    0.204205315
    4.695225225    0.258030438    0.258882565    0.031801122
    4.705234234    0.138115026    0.138995325   -0.115793560
    4.715243243    0.020087559    0.020946144   -0.228765053
    4.725252252   -0.101400906   -0.100580245   -0.316538918
    4.735261261   -0.228692849   -0.227908640   -0.388835224
    4.745270270   -0.358430369   -0.357680086   -0.443735820
    4.755279279   -0.475943663   -0.475229477   -0.470107548
    4.765288288   -0.556094756   -0.555420347   -0.458409323
    4.775297297   -0.578667792   -0.578034536   -0.409923969
    4.785306306   -0.540994889   -0.540401465   -0.336025365
    4.795315315   -0.455169934   -0.454613913   -0.249113582
    4.805324324   -0.338359117   -0.337838229   -0.155622587
    4.815333333   -0.206317499   -0.205829937   -0.058162378
    4.825342342   -0.071918618   -0.071462978    0.037750060
    4.835351351    0.053946720    0.054371437    0.121819166
    4.845360360    0.161580779    0.161975230    0.183514711
    4.855369369    0.243095062    0.243459832    0.217429671
    4.865378378    0.295034939    0.295371302    0.224082527
    4.875387387    0.321428011    0.321739082    0.206072633
    4.885396396    0.331793301    0.332083989    0.162835440
    4.895405405    0.332852284    0.333127548    0.088314617
    4.905414414    0.323131945    0.323395608   -0.022022326
    4.915423423    0.296502395    0.296757782   -0.158428926
    4.925432432    0.251154049    0.251405466   -0.294202204
    4.935441441    0.196556822    0.196809392   -0.399419039
    4.945450450    0.149891066    0.150148439   -0.456530930
    4.955459459    0.123594092    0.123858332   -0.464230407
    4.965468468    0.116498302    0.116772460   -0.433109994
    4.975477477    0.116366576    0.116654464   -0.380045219
    4.985486486    0.111531060    0.111832499   -0.322937623
    4.995495495    0.102055461    0.102362621   -0.276094505
    5.005504505    0.099366389    0.099667787   -0.246695660
    5.015513514    0.114273225    0.114561239   -0.233200823
    5.025522523    0.148226897    0.148498994   -0.226893986
    5.035531532    0.195330212    0.195585781   -0.216465412
    5.045540541    0.246143791    0.246383765   -0.193638374
    5.055549550    0.287628441    0.287856706   -0.157244097
    5.065558559    0.303715775    0.303938348   -0.113478732
    5.075567568    0.280545318    0.280767256   -0.072321170
    5.085576577    0.215066538    0.215288502   -0.042058327
    5.095585586    0.121431266    0.121648825   -0.024006225
    5.105594595    0.027022834    0.027230420   -0.011276915
    5.115603604   -0.042979896   -0.042784746    0.005582030
    5.125612613   -0.078382017   -0.078198712    0.031604855
    5.135621622   -0.082578964   -0.082406014    0.066154088
    5.145630631   -0.063613485   -0.063449685    0.106276504
    5.155639640   -0.028238252   -0.028082769    0.150342974
    5.165648649    0.019006827    0.019154602    0.198950018
    5.175657658    0.073771404    0.073911837    0.252700017
    5.185666667    0.129868505    0.130001679    0.310006528
    5.195675676    0.179302682    0.179428271    0.367095881
    5.205684685    0.214000522    0.214117782    0.419164636
    5.215693694    0.229454327    0.229562917    0.461779528
    5.225702703    0.229449494    0.229550564    0.492731813
    5.235711712    0.225916414    0.226012310    0.513537916
    5.245720721    0.230582106    0.230674904    0.528823587
    5.255729730    0.246661301    0.246751996    0.544499347
    5.265738739    0.268912826    0.269001684    0.566547948
    5.275747748    0.289454111    0.289541550    0.599105786
    5.285756757    0.303305105    0.303392269    0.642438111
    5.295765766    0.310176055    0.310264141    0.693361014
    5.305774775    0.312558461    0.312647045    0.747153132
    5.315783784    0.314288885    0.314375366    0.798811985
    5.325792793    0.320783662    0.320865660    0.843158621
    5.335801802    0.337363907    0.337442386    0.874539960
    5.345810811    0.366224249    0.366302904    0.887842984
    5.355819820    0.405708253    0.405790149    0.881958385
    5.365828829    0.452029928    0.452115767    0.862983938
    5.375837838    0.501508727    0.501597262    0.841859167
    5.385846847    0.552089825    0.552178775    0.828270954
    5.395855856    0.603306548    0.603393576    0.828592496
    5.405864865    0.654704724    0.654788369    0.846814333
    5.415873874    0.704861959    0.704942152    0.883661613
    5.425882883    0.752312497    0.752390398    0.936071268
    5.435891892    0.796658938    0.796735682    0.998827798
    5.445900901    0.838350172    0.838425059    1.066080379
    5.455909910    0.877768664    0.877838506    1.131723078
    5.465918919    0.913949135    0.914009304    1.189672679
    5.475927928    0.943533248    0.943579550    1.234852391
    5.485936937    0.962060569    0.962091794    1.264636047
    5.495945946    0.967039809    0.967060462    1.279410026
    5.505954955    0.958990581    0.959010970    1.280665170
    5.515963964    0.939587435    0.939619950    1.268399648
    5.525972973    0.910910971    0.910964654    1.243193361
    5.535981982    0.877174084    0.877250467    1.211150843
    5.545990991    0.845399935    0.845494358    1.182001912
    5.556000000    0.822940286    0.823046916    1.159828947
    5.566009009    0.814855779    0.814969297    1.136594020
    5.576018018    0.823510357    0.823625387    1.094106215
    5.586027027    0.848298898    0.848411416    1.012793497
    5.596036036    0.885603478    0.885711899    0.885386658
    5.606045045    0.930648417    0.930752380    0.730257295
    5.616054054    0.979056537    0.979155346    0.587742397
    5.626063063    1.026107101    1.026199569    0.493967124
    5.636072072    1.065982211    1.066067987    0.459852993
    5.646081081    1.093396549    1.093477710    0.474764290
    5.656090090    1.106290762    1.106371343    0.520632663
    5.666099099    1.106718397    1.106801558    0.579892960
    5.676108108    1.099813542    1.099899723    0.635594172
    5.686117117    1.091117522    1.091204812    0.669086730
    5.696126126    1.080802058    1.080886760    0.659641827
    5.706135135    1.059568477    1.059645515    0.589789751
    5.716144144    1.013500691    1.013565322    0.458103294
    5.726153153    0.936830473    0.936882577    0.290782761
    5.736162162    0.843055300    0.843103445    0.134628136
    5.746171171    0.760764255    0.760822094    0.030049459
    5.756180180    0.713923033    0.713999277   -0.009446900
    5.766189189    0.707808918    0.707902896    0.006368687
    5.776198198    0.732611965    0.732717418    0.059364816
    5.786207207    0.774230867    0.774341481    0.133144043
    5.796216216    0.821808782    0.821921874    0.215833113
    5.806225225    0.870326717    0.870444139    0.299182562
    5.816234234    0.919167102    0.919293270    0.376718872
    5.826243243    0.968747257    0.968886318    0.442377872
    5.836252252    1.018182315    1.018336112    0.490833354
    5.846261261    1.065152464    1.065319838    0.520001835
    5.856270270    1.107157951    1.107335469    0.533070892
    5.866279279    1.142273190    1.142456323    0.535239559
    5.876288288    1.169247237    1.169431060    0.527341868
    5.886297297    1.188227542    1.188406966    0.506090014
    5.896306306    1.200887777    1.201058308    0.472516663
    5.906315315    1.209769819    1.209929160    0.437175836
    5.916324324    1.218396468    1.218542924    0.412596281
    5.926333333    1.229453835    1.229578279    0.401460733
    5.936342342    1.240674431    1.240754271    0.395361502
    5.946351351    1.244774828    1.244780672    0.384034778
    5.956360360    1.235167838    1.235080734    0.365483523
    5.966369369    1.212151274    1.211977591    0.348016331
    5.976378378    1.184706519    1.184476182    0.341925559
    5.986387387    1.165775060    1.165522992    0.351139248
    5.996396396    1.164236567    1.163986004    0.374109498
    6.006405405    1.180945421    1.180706177    0.408924989
    6.016414414    1.210454832    1.210229588    0.454551393
    6.026423423    1.245323130    1.245111386    0.508661557
    6.036432432    1.280743078    1.280541413    0.566518414
    6.046441441    1.316306444    1.316109511    0.621397575
    6.056450450    1.352282747    1.352086569    0.664747970
    6.066459459    1.384776014    1.384579794    0.686196733
    6.076468468    1.405956509    1.405760587    0.675477527
    6.086477477    1.408618260    1.408420468    0.628018959
    6.096486486    1.391283614    1.391078690    0.551667008
    6.106495495    1.360442991    1.360227374    0.466711724
    6.116504505    1.327321373    1.327098096    0.395925326
    6.126513514    1.301892036    1.301669818    0.352861735
    6.136522523    1.289857811    1.289646211    0.338225723
    6.146531532    1.293447878    1.293252333    0.345337830
    6.156540541    1.313307865    1.313127902    0.367288895
    6.166549550    1.348761757    1.348593288    0.399001265
    6.176558559    1.395905911    1.395744616    0.435159849
    6.186567568    1.447267900    1.447111141    0.469047307
    6.196576577    1.494875644    1.494722943    0.494193035
    6.206585586    1.533233242    1.533086080    0.507501950
    6.216594595    1.559740671    1.559600825    0.511596178
    6.226603604    1.574447239    1.574313673    0.513994354
    6.236612613    1.578956987    1.578825909    0.522514997
    6.246621622    1.572618500    1.572488868    0.540399768
    6.256630631    1.550790177    1.550667240    0.565865371
    6.266639640    1.509628583    1.509519480    0.595502990
    6.276648649    1.451955354    1.451861830    0.627511014
    6.286657658    1.387619672    1.387536031    0.662053957
    6.296666667    1.329231748    1.329148944    0.698844047
    6.306675676    1.287154399    1.287065496    0.734932068
    6.316684685    1.266374289    1.266276272    0.764839884
    6.326693694    1.266928454    1.266821267    0.782282063
    6.336702703    1.285637476    1.285523456    0.782547654
    6.346711712    1.317714497    1.317597227    0.765122489
    6.356720721    1.359335690    1.359217774    0.735295135
    6.366729730    1.409876049    1.409757903    0.703352260
    6.376738739    1.470849244    1.470730308    0.680404566
    6.386747748    1.541623263    1.541503858    0.672863897
    6.396756757    1.617257725    1.617139047    0.681124176
    6.406765766    1.690544765    1.690427891    0.702702095
    6.416774775    1.754186175    1.754071469    0.734484053
    6.426783784    1.802024047    1.801909865    0.772839776
    6.436792793    1.830863575    1.830745572    0.814199331
    6.446801802    1.839973939    1.839848810    0.856176586
    6.456810811    1.826848933    1.826719424    0.897446532
    6.466819820    1.786450058    1.786323987    0.936519891
    6.476828829    1.718278831    1.718162622    0.970982177
    6.486837838    1.631967277    1.631861141    0.997674586
    6.496846847    1.540963889    1.540863334    1.013528158
    6.506855856    1.450356697    1.450258473    1.017379101
    6.516864865    1.353510070    1.353416559    1.011825791
    6.526873874    1.241431411    1.241348947    1.001947661
    6.536882883    1.114546905    1.114480188    0.991358839
    6.546891892    0.984592593    0.984540764    0.980655909
    6.556900901    0.868015283    0.867971257    0.969673289
    6.566909910    0.781079727    0.781033321    0.959295734
    6.576918919    0.735927620    0.735872431    0.949678698
    6.586927928    0.733621554    0.733558705    0.938285103
    6.596936937    0.763484690    0.763418927    0.922635614
    6.606945946    0.812433033    0.812366392    0.905064677
    6.616954955    0.871817252    0.871747339    0.892463258
    6.626963964    0.933103331    0.933027826    0.890001038
    6.636972973    0.979913215    0.979835094    0.895585738
    6.646981982    0.988965214    0.988893185    0.901241334
    6.656990991    0.942105763    0.942049526    0.899592577
    6.667000000    0.841468177    0.841430987    0.889383822
    6.677009009    0.714994598    0.714968403    0.876379609
    6.687018018    0.604055256    0.604023524    0.869123171
    6.697027027    0.540976654    0.540924520    0.872440887
    6.707036036    0.534260283    0.534182754    0.884765020
    6.717045045    0.571273830    0.571174257    0.901796717
    6.727054054    0.629790417    0.629674661    0.921481249
    6.737063063    0.685636806    0.685511458    0.943465872
    6.747072072    0.717136022    0.717009748    0.964196541
    6.757081081    0.712237443    0.712119535    0.975704673
    6.767090090    0.675243460    0.675139745    0.970497846
    6.777099099    0.621936589    0.621849214    0.946795564
    6.787108108    0.561862025    0.561794173    0.909029793
    6.797117117    0.488158781    0.488114918    0.864854130
    6.807126126    0.388762217    0.388740106    0.821144471
    6.817135135    0.263203161    0.263189013    0.780346706
    6.827144144    0.123625974    0.123603009    0.740932757
    6.837153153   -0.017378914   -0.017418782    0.701512601
    6.847162162   -0.153363362   -0.153418745    0.663369531
    6.857171171   -0.280497277   -0.280564122    0.629774279
    6.867180180   -0.392463224   -0.392540923    0.604209564
    6.877189189   -0.480470390   -0.480562359    0.589162897
    6.887198198   -0.539924109   -0.540032433    0.585578384
    6.897207207   -0.575773859   -0.575895356    0.592155500
    6.907216216   -0.599316774   -0.599445150    0.605174539
    6.917225225   -0.623045155   -0.623174971    0.619204166
    6.927234234   -0.656750017   -0.656878471    0.628913588
    6.937243243   -0.700499368   -0.700625624    0.632956121
    6.947252252   -0.742147160   -0.742269814    0.636314621
    6.957261261   -0.767230975   -0.767346778    0.645898485
    6.967270270   -0.770387777   -0.770494654    0.662280314
    6.977279279   -0.755793341   -0.755893759    0.676863885
    6.987288288   -0.728962633   -0.729061821    0.677673208
    6.997297297   -0.691055578   -0.691156875    0.657169523
    7.007306306   -0.641818683   -0.641922247    0.613936135
    7.017315315   -0.586040200   -0.586145167    0.548383686
    7.027324324   -0.535198635   -0.535303997    0.460991363
    7.037333333   -0.502704215   -0.502807701    0.356496983
    7.047342342   -0.496971652   -0.497068506    0.247979800
    7.057351351   -0.519190999   -0.519273998    0.152048376
    7.067360360   -0.568110900   -0.568173391    0.076855403
    7.077369369   -0.642652554   -0.642693708    0.018279563
    7.087378378   -0.736790679   -0.736817410   -0.030203067
    7.097387387   -0.837249805   -0.837272649   -0.066724082
    7.107396396   -0.931139423   -0.931168875   -0.081970131
    7.117405405   -1.013188289   -1.013238012   -0.069529571
    7.127414414   -1.080850207   -1.080942075   -0.032419408
    7.137423423   -1.125243831   -1.125401976    0.019484300
    7.147432432   -1.135066126   -1.135300907    0.074151754
    7.157441441   -1.108444512   -1.108745961    0.118991057
    7.167450450   -1.055262439   -1.055609614    0.141424660
    7.177459459   -0.989728170   -0.990101156    0.132025555
    7.187468468   -0.923159635   -0.923544930    0.088954475
    7.197477477   -0.861484160   -0.861874200    0.018571321
    7.207486486   -0.806198797   -0.806589717   -0.068397047
    7.217495495   -0.756215077   -0.756605283   -0.159757048
    7.227504505   -0.709445914   -0.709835438   -0.242789042
    7.237513514   -0.663326363   -0.663716252   -0.306381261
    7.247522523   -0.614921452   -0.615312864   -0.344325111
    7.257531532   -0.563113812   -0.563506930   -0.357444371
    7.267540541   -0.511193222   -0.511586693   -0.351875888
    7.277549550   -0.465938458   -0.466329841   -0.334421864
    7.287558559   -0.434133114   -0.434519793   -0.310013414
    7.297567568   -0.419997737   -0.420377390   -0.282500575
    7.307576577   -0.425507514   -0.425877933   -0.254961041
    7.317585586   -0.452382197   -0.452742048   -0.228148779
    7.327594595   -0.501049318   -0.501402102   -0.200019879
    7.337603604   -0.564796285   -0.565153794   -0.167926965
    7.347612613   -0.626693088   -0.627070325   -0.130450684
    7.357621622   -0.666947031   -0.667352350   -0.087124125
    7.367630631   -0.674193046   -0.674625470   -0.038271387
    7.377639640   -0.649578945   -0.650032388    0.014443522
    7.387648649   -0.602881720   -0.603348323    0.068086966
    7.397657658   -0.546708224   -0.547178503    0.118983366
    7.407666667   -0.493099821   -0.493561598    0.162753160
    7.417675676   -0.452809371   -0.453248064    0.193891564
    7.427684685   -0.434984125   -0.435386873    0.206099313
    7.437693694   -0.444381298   -0.444744607    0.194564988
    7.447702703   -0.477168882   -0.477503217    0.159282241
    7.457711712   -0.521861198   -0.522186392    0.106139881
    7.467720721   -0.566267830   -0.566603552    0.045103987
    7.477729730   -0.601942334   -0.602301892   -0.012249239
    7.487738739   -0.624207460   -0.624597363   -0.056680811
    7.497747748   -0.631785382   -0.632208242   -0.084875374
    7.507756757   -0.626056253   -0.626513453   -0.098547990
    7.517765766   -0.610390305   -0.610883031   -0.102195247
    7.527774775   -0.590238194   -0.590767747   -0.102835245
    7.537783784   -0.572194996   -0.572763063   -0.109047688
    7.547792793   -0.561244983   -0.561853937   -0.126927464
    7.557801802   -0.557387630   -0.558040720   -0.154749503
    7.567810811   -0.554639307   -0.555340219   -0.182296055
    7.577819820   -0.545160429   -0.545912125   -0.198291286
    7.587828829   -0.524968872   -0.525772449   -0.198193830
    7.597837838   -0.495479807   -0.496333468   -0.184517201
    7.607846847   -0.461451389   -0.462348616   -0.162989460
    7.617855856   -0.428874249   -0.429800169   -0.139601740
    7.627864865   -0.404109846   -0.405035130   -0.119270613
    7.637873874   -0.393305133   -0.394177921   -0.105627845
    7.647882883   -0.400082849   -0.400822481   -0.101077632
    7.657891892   -0.421846406   -0.422349528   -0.105722042
    7.667900901   -0.449705609   -0.449878010   -0.115809737
    7.677909910   -0.474891963   -0.474698037   -0.124536169
    7.687918919   -0.494980458   -0.494466618   -0.125805472
    7.697927928   -0.512817725   -0.512082485   -0.117594092
    7.707936937   -0.530372696   -0.529516171   -0.101918084
    7.717945946   -0.544725505   -0.543820694   -0.082679493
    7.727954955   -0.550774421   -0.549865812   -0.063872142
    7.737963964   -0.546865327   -0.545978150   -0.048466949
    7.747972973   -0.536084458   -0.535232018   -0.037520904
    7.757981982   -0.523466730   -0.522654572   -0.030076401
    7.767990991   -0.513518560   -0.512747560   -0.024258015
    7.778000000   -0.508600491   -0.507869494   -0.018219573
    7.788009009   -0.507706735   -0.507014646   -0.010284888
    7.798018018   -0.507067264   -0.506413991    0.000604018
    7.808027027   -0.502640645   -0.502026314    0.014190853
    7.818036036   -0.492695998   -0.492119713    0.028933444
    7.828045045   -0.478934134   -0.478393829    0.042764572
    7.838054054   -0.465659168   -0.465152263    0.054069901
    7.848063063   -0.457865372   -0.457389402    0.062429487
    7.858072072   -0.459799771   -0.459352523    0.068589067
    7.868081081   -0.473557349   -0.473136185    0.073700753
    7.878090090   -0.496355333   -0.495956227    0.078702753
    7.888099099   -0.519623322   -0.519241322    0.084236819
    7.898108108   -0.533805288   -0.533436505    0.090752300
    7.908117117   -0.534315536   -0.533958291    0.098629639
    7.918126126   -0.522349813   -0.522004046    0.108198945
    7.928135135   -0.502152339   -0.501818498    0.119440095
    7.938144144   -0.478551468   -0.478229829    0.131749085
    7.948153153   -0.455475348   -0.455165781    0.144203177
    7.958162162   -0.434932325   -0.434634302    0.156101733
    7.968171171   -0.416775142   -0.416487949    0.167299894
    7.978180180   -0.399966879   -0.399689990    0.178051191
    7.988189189   -0.384420071   -0.384153415    0.188627305
    7.998198198   -0.371414017   -0.371157911    0.199250246
    8.008207207   -0.362369860   -0.362124691    0.210239383
    8.018216216   -0.357224372   -0.356990175    0.221920722
    8.028225225   -0.353799380   -0.353575629    0.234364916
    8.038234234   -0.349244158   -0.349030047    0.247307779
    8.048243243   -0.342281614   -0.342076478    0.260300796
    8.058252252   -0.333694694   -0.333498108    0.272929117
    8.068261261   -0.324951482   -0.324763040    0.285012367
    8.078270270   -0.316585470   -0.316404590    0.296684774
    8.088279279   -0.307744634   -0.307570746    0.308175155
    8.098288288   -0.297355072   -0.297188026    0.319400986
    8.108297297   -0.285410890   -0.285250951    0.329796811
    8.118306306   -0.272752250   -0.272599564    0.338555594
    8.128315315   -0.259875736   -0.259729846    0.345178865
    8.138324324   -0.246375932   -0.246235837    0.350008110
    8.148333333   -0.231584871   -0.231449304    0.354019190
    8.158342342   -0.215435367   -0.215302646    0.357691804
    8.168351351   -0.198605519   -0.198473031    0.360152402
    8.178360360   -0.182169793   -0.182033742    0.359576380
    8.188369369   -0.167277324   -0.167133426    0.354567026
    8.198378378   -0.154898308   -0.154743637    0.345657034
    8.208387387   -0.145473235   -0.145308041    0.335483656
    8.218396396   -0.138570143   -0.138397675    0.326936768
    8.228405405   -0.132997455   -0.132822030    0.321182074
    8.238414414   -0.127516240   -0.127341542    0.317347870
    8.248423423   -0.121354565   -0.121182928    0.313522070
    8.258432432   -0.114098124   -0.113930584    0.308153210
    8.268441441   -0.105649222   -0.105485998    0.301042890
    8.278450450   -0.096349480   -0.096190397    0.293557001
    8.288459459   -0.086809092   -0.086653715    0.287966351
    8.298468468   -0.077660676   -0.077508437    0.285934822
    8.308477477   -0.069472580   -0.069323145    0.287420581
    8.318486486   -0.062498117   -0.062351824    0.291020849
    8.328495495   -0.056258318   -0.056116243    0.295000103
    8.338504505   -0.049669143   -0.049532493    0.298200134
    8.348513514   -0.041864147   -0.041733528    0.300640473
    8.358522523   -0.032836200   -0.032711484    0.303378003
    8.368531532   -0.023467372   -0.023348036    0.307513534
    8.378540541   -0.015248281   -0.015133763    0.313364489
    8.388549550   -0.009837283   -0.009727197    0.320540355
    8.398558559   -0.008281534   -0.008175778    0.328444519
    8.408567568   -0.009950690   -0.009849452    0.336619376
    8.418576577   -0.012242935   -0.012146504    0.344831050
    8.428585586   -0.012104360   -0.012012825    0.352993486
    8.438594595   -0.007983276   -0.007896439    0.361064252
    8.448603604   -0.000131468   -0.000049000    0.369000887
    8.458612613    0.010354121    0.010432505    0.376765919
    8.468621622    0.022353438    0.022427917    0.384336175
    8.478630631    0.034996091    0.035066732    0.391701569
    8.488639640    0.047615700    0.047682484    0.398857422
    8.498648649    0.059618711    0.059681546    0.405794334
    8.508657658    0.070388495    0.070447235    0.412485939
    8.518666667    0.079294282    0.079348766    0.418873324
    8.528675676    0.085788163    0.085838271    0.424847170
    8.538684685    0.089404634    0.089450339    0.430238662
    8.548693694    0.089627014    0.089668402    0.434851339
    8.558702703    0.086178205    0.086215482    0.438576513
    8.568711712    0.079946391    0.079979822    0.441554971
    8.578720721    0.073218825    0.073248526    0.444181861
    8.588729730    0.068252750    0.068278463    0.446850165
    8.598738739    0.065921439    0.065942538    0.449748352
    8.608747748    0.066064914    0.066080597    0.452959952
    8.618756757    0.068382608    0.068392122    0.456602263
    8.628765766    0.072577618    0.072580385    0.460764798
    8.638774775    0.078238016    0.078233633    0.465410689
    8.648783784    0.085010174    0.084998330    0.470404154
    8.658792793    0.092698753    0.092679101    0.475589761
    8.668801802    0.101084616    0.101056696    0.480831345
    8.678810811    0.109773937    0.109737188    0.486005235
    8.688819820    0.118217481    0.118171306    0.490970675
    8.698828829    0.125772540    0.125716374    0.495532855
    8.708837838    0.131786019    0.131719378    0.499412815
    8.718846847    0.135831205    0.135753728    0.502252148
    8.728855856    0.138117207    0.138028767    0.503690191
    8.738864865    0.139647979    0.139549095    0.503533581
    8.748873874    0.141657381    0.141550104    0.502006180
    8.758882883    0.144802640    0.144691877    0.499933033
    8.768891892    0.148952778    0.148847950    0.498475918
    8.778900901    0.153490689    0.153407370    0.498444691
    8.788909910    0.157708896    0.157668823    0.499937813
    8.798918919    0.161205325    0.161231705    0.502594896
    8.808927928    0.164185261    0.164292509    0.505986511
    8.818936937    0.167343487    0.167528433    0.509799518
    8.828945946    0.171305193    0.171549152    0.513840480
    8.838954955    0.176235094    0.176514423    0.517987629
    8.848963964    0.181941530    0.182236379    0.522161381
    8.858972973    0.188143952    0.188441035    0.526312599
    8.868981982    0.194612056    0.194903723    0.530414501
    8.878990991    0.201186104    0.201468491    0.534454657
    8.889000000    0.207761590    0.208033082    0.538427989
    8.899009009    0.214270253    0.214530477    0.542330918
    8.909018018    0.220660359    0.220909588    0.546155754
    8.919027027    0.226875438    0.227114259    0.549883912
    8.929036036    0.232829771    0.233058903    0.553476428
    8.939045045    0.238378883    0.238599086    0.556861211
    8.949054054    0.243289793    0.243501818    0.559920860
    8.959063063    0.247237032    0.247441593    0.562496971
    8.969072072    0.249886520    0.250084262    0.564443995
    8.979081081    0.251126404    0.251317885    0.565752128
    8.989090090    0.251345840    0.251531571    0.566660613
    8.999099099    0.251427677    0.251608170    0.567594894
    9.009108108    0.252280294    0.252456009    0.568916805
    9.019117117    0.254326135    0.254497412    0.570725557
    9.029126126    0.257445823    0.257612898    0.572872763
    9.039135135    0.261263841    0.261426905    0.575098078
    9.049144144    0.265408595    0.265567830    0.577157619
    9.059153153    0.269632536    0.269788111    0.578933240
    9.069162162    0.273841124    0.273993203    0.580512806
    9.079171171    0.278052607    0.278201350    0.582142556
    9.089180180    0.282308937    0.282454520    0.584040122
    9.099189189    0.286613917    0.286756519    0.586263864
    9.109198198    0.290936385    0.291076177    0.588745920
    9.119207207    0.295238183    0.295375322    0.591383281
    9.129216216    0.299490574    0.299625199    0.594090890
    9.139225225    0.303676845    0.303809082    0.596813114
    9.149234234    0.307789375    0.307919337    0.599517980
    9.159243243    0.311826176    0.311953966    0.602188855
    9.169252252    0.315788376    0.315914088    0.604818116
    9.179261261    0.319678656    0.319802379    0.607403139
    9.189270270    0.323500365    0.323622180    0.609943950
    9.199279279    0.327257038    0.327377020    0.612441899
    9.209288288    0.330952144    0.331070364    0.614898940
    9.219297297    0.334588968    0.334705492    0.617317235
    9.229306306    0.338170562    0.338285452    0.619698949
    9.239315315    0.341699733    0.341813047    0.622046155
    9.249324324    0.345179049    0.345290841    0.624360780
    9.259333333    0.348610855    0.348721176    0.626644600
    9.269342342    0.351997293    0.352106193    0.628899231
    9.279351351    0.355340323    0.355447846    0.631126147
    9.289360360    0.358641739    0.358747929    0.633326686
    9.299369369    0.361903190    0.362008087    0.635502066
    9.309378378    0.365126193    0.365229836    0.637653395
    9.319387387    0.368312149    0.368414576    0.639781687
    9.329396396    0.371462357    0.371563602    0.641887870
    9.339405405    0.374578021    0.374678117    0.643972796
    9.349414414    0.377660263    0.377759241    0.646037251
    9.359423423    0.380710129    0.380808020    0.648081960
    9.369432432    0.383728599    0.383825432    0.650107596
    9.379441441    0.386716593    0.386812394    0.652114784
    9.389450450    0.389674974    0.389769769    0.654104108
    9.399459459    0.392604557    0.392698372    0.656076113
    9.409468468    0.395506111    0.395598970    0.658031311
    9.419477477    0.398380365    0.398472290    0.659970181
    9.429486486    0.401228008    0.401319022    0.661893179
    9.439495495    0.404049697    0.404139821    0.663800731
    9.449504505    0.406846055    0.406935309    0.665693243
    9.459513514    0.409617678    0.409706081    0.667571099
    9.469522523    0.412365134    0.412452704    0.669434666
    9.479531532    0.415088965    0.415175721    0.671284293
    9.489540541    0.417789691    0.417875651    0.673120310
    9.499549550    0.420467813    0.420552992    0.674943038
    9.509558559    0.423123808    0.423208222    0.676752780
    9.519567568    0.425758136    0.425841802    0.678549828
    9.529576577    0.428371241    0.428454173    0.680334464
    9.539585586    0.430963551    0.431045763    0.682106958
    9.549594595    0.433535476    0.433616982    0.683867569
    9.559603604    0.436087414    0.436168229    0.685616550
    9.569612613    0.438619751    0.438699886    0.687354143
    9.579621622    0.441132858    0.441212327    0.689080583
    9.589630631    0.443627095    0.443705910    0.690796096
    9.599639640    0.446102813    0.446180985    0.692500904
    9.609648649    0.448560349    0.448637890    0.694195220
    9.619657658    0.451000034    0.451076955    0.695879252
    9.629666667    0.453422186    0.453498498    0.697553202
    9.639675676    0.455827118    0.455902831    0.699217266
    9.649684685    0.458215131    0.458290255    0.700871637
    9.659693694    0.460586521    0.460661067    0.702516500
    9.669702703    0.462941576    0.463015552    0.704152037
    9.679711712    0.465280576    0.465353992    0.705778428
    9.689720721    0.467603795    0.467676659    0.707395846
    9.699729730    0.469911500    0.469983823    0.709004460
    9.709738739    0.472203954    0.472275742    0.710604439
    9.719747748    0.474481411    0.474552674    0.712195944
    9.729756757    0.476744123    0.476814868    0.713779137
    9.739765766    0.478992334    0.479062570    0.715354173
    9.749774775    0.481226286    0.481296020    0.716921208
    9.759783784    0.483446214    0.483515454    0.718480393
    9.769792793    0.485652349    0.485721102    0.720031876
    9.779801802    0.487844920    0.487913193    0.721575805
    9.789810811    0.490024149    0.490091949    0.723112324
    9.799819820    0.492190256    0.492257590    0.724641574
    9.809828829    0.494343458    0.494410332    0.726163696
    9.819837838    0.496483968    0.496550388    0.727678829
    9.829846847    0.498611995    0.498677968    0.729187108
    9.839855856    0.500727746    0.500793278    0.730688669
    9.849864865    0.502831425    0.502896523    0.732183645
    9.859873874    0.504923235    0.504987904    0.733672167
    9.869882883    0.507003375    0.507067620    0.735154367
    9.879891892    0.509072042    0.509135869    0.736630373
    9.889900901    0.511129430    0.511192845    0.738100314
    9.899909910    0.513175733    0.513238742    0.739564316
    9.909918919    0.515211144    0.515273751    0.741022506
    9.919927928    0.517235851    0.517298062    0.742475009
    9.929936937    0.519250045    0.519311864    0.743921949
    9.939945946    0.521253912    0.521315344    0.745363451
    9.949954955    0.523247639    0.523308690    0.746799637
    9.959963964    0.525231412    0.525292087    0.748230631
    9.969972973    0.527205418    0.527265720    0.749656554
    9.979981982    0.529169840    0.529229774    0.751077530
    9.989990991    0.531124864    0.531184435    0.752493679
   10.000000000    0.533070675    0.533129887    0.753905125
