# energy grid [eV]     ieps_x  ieps_y  ieps_z
#
    0.001000000   33.306638491   33.305983800    4.221341895
    0.011009009   32.089041149   32.088332383    4.220572350
    0.021018018   30.412004720   30.411236070    4.219405280
    0.031027027   28.743206972   28.742396548    4.218089873
    0.041036036   27.137400196   27.136566289    4.216647246
    0.051045045   25.621745779   25.620904581    4.215090999
    0.061054054   24.210578069   24.209742887    4.213433630
    0.071063063   22.909351640   22.908532770    4.211686723
    0.081072072   21.717520280   21.716725239    4.209860845
    0.091081081   20.630733324   20.629967258    4.207965444
    0.101090090   19.642439336   19.641705471    4.206008808
    0.111099099   18.745001736   18.744301805    4.203998062
    0.121108108   17.930438822   17.929773435    4.201939218
    0.131117117   17.190889851   17.190258805    4.199837237
    0.141126126   16.518889680   16.518292199    4.197696132
    0.151135135   15.907514472   15.906949395    4.195519059
    0.161144144   15.350443571   15.349909494    4.193308430
    0.171153153   14.841969018   14.841464397    4.191066017
    0.181162162   14.376973965   14.376497191    4.188793046
    0.191171171   13.950894024   13.950443479    4.186490295
    0.201180180   13.559670552   13.559244644    4.184158172
    0.211189189   13.199701470   13.199298655    4.181796791
    0.221198198   12.867792954   12.867411759    4.179406037
    0.231207207   12.561113886   12.560752910    4.176985615
    0.241216216   12.277153972   12.276811897    4.174535105
    0.251225225   12.013685915   12.013361505    4.172053994
    0.261234234   11.768731626   11.768423723    4.169541711
    0.271243243   11.540532287   11.540239814    4.166997654
    0.281252252   11.327521980   11.327243934    4.164421209
    0.291261261   11.128304533   11.128039981    4.161811770
    0.301270270   10.941633242   10.941381320    4.159168748
    0.311279279   10.766393138   10.766153043    4.156491585
    0.321288288   10.601585488   10.601356477    4.153779757
    0.331297297   10.446314251   10.446095633    4.151032786
    0.341306306   10.299774233   10.299565367    4.148250236
    0.351315315   10.161240728   10.161041021    4.145431721
    0.361324324   10.030060451   10.029869350    4.142576903
    0.371333333    9.905643581    9.905460576    4.139685496
    0.381342342    9.787456789    9.787281404    4.136757259
    0.391351351    9.675017101    9.674848893    4.133792001
    0.401360360    9.567886503    9.567725061    4.130789580
    0.411369369    9.465667183    9.465512125    4.127749894
    0.421378378    9.367997334    9.367848304    4.124672888
    0.431387387    9.274547442    9.274404106    4.121558548
    0.441396396    9.185016997    9.184879046    4.118406896
    0.451405405    9.099131584    9.098998728    4.115217995
    0.461414414    9.016640292    9.016512261    4.111991940
    0.471423423    8.937313413    8.937189953    4.108728861
    0.481432432    8.860940391    8.860821267    4.105428915
    0.491441441    8.787327998    8.787212987    4.102092292
    0.501450450    8.716298693    8.716187588    4.098719207
    0.511459459    8.647689167    8.647581773    4.095309898
    0.521468468    8.581349030    8.581245165    4.091864628
    0.531477477    8.517139638    8.517039131    4.088383681
    0.541486486    8.454933040    8.454835728    4.084867360
    0.551495495    8.394611022    8.394516755    4.081315988
    0.561504505    8.336064263    8.335972897    4.077729902
    0.571513514    8.279191554    8.279102954    4.074109456
    0.581522523    8.223899109    8.223813150    4.070455018
    0.591531532    8.170099933    8.170016495    4.066766966
    0.601540541    8.117713256    8.117632226    4.063045694
    0.611549550    8.066664013    8.066585285    4.059291602
    0.621558559    8.016882378    8.016805851    4.055505103
    0.631567568    7.968303341    7.968228920    4.051686616
    0.641576577    7.920866321    7.920793916    4.047836568
    0.651585586    7.874514811    7.874444337    4.043955394
    0.661594595    7.829196065    7.829127442    4.040043532
    0.671603604    7.784860801    7.784793951    4.036101428
    0.681612613    7.741462934    7.741397785    4.032129531
    0.691621622    7.698959336    7.698895821    4.028128294
    0.701630631    7.657309614    7.657247667    4.024098173
    0.711639640    7.616475902    7.616415460    4.020039626
    0.721648649    7.576422677    7.576363682    4.015953113
    0.731657658    7.537116589    7.537058985    4.011839098
    0.741666667    7.498526302    7.498470035    4.007698043
    0.751675676    7.460622349    7.460567370    4.003530410
    0.761684685    7.423377005    7.423323264    3.999336665
    0.771693694    7.386764156    7.386711608    3.995117271
    0.781702703    7.350759194    7.350707796    3.990872690
    0.791711712    7.315338912    7.315288622    3.986603384
    0.801720721    7.280481406    7.280432184    3.982309815
    0.811729730    7.246165989    7.246117797    3.977992442
    0.821738739    7.212373110    7.212325911    3.973651722
    0.831747748    7.179084276    7.179038036    3.969288111
    0.841756757    7.146281986    7.146236672    3.964902061
    0.851765766    7.113949664    7.113905245    3.960494025
    0.861774775    7.082071602    7.082028048    3.956064450
    0.871783784    7.050632902    7.050590183    3.951613782
    0.881792793    7.019619424    7.019577513    3.947142462
    0.891801802    6.989017743    6.988976613    3.942650931
    0.901810811    6.958815101    6.958774728    3.938139625
    0.911819820    6.928999367    6.928959725    3.933608975
    0.921828829    6.899558998    6.899520064    3.929059411
    0.931837838    6.870483004    6.870444757    3.924491359
    0.941846847    6.841760917    6.841723335    3.919905239
    0.951855856    6.813382756    6.813345818    3.915301471
    0.961864865    6.785339002    6.785302689    3.910680468
    0.971873874    6.757620569    6.757584862    3.906042639
    0.981882883    6.730218779    6.730183660    3.901388392
    0.991891892    6.703125341    6.703090793    3.896718128
    1.001900901    6.676332327    6.676298332    3.892032244
    1.011909910    6.649832149    6.649798692    3.887331134
    1.021918919    6.623617548    6.623584613    3.882615188
    1.031927928    6.597681568    6.597649140    3.877884791
    1.041936937    6.572017541    6.571985606    3.873140323
    1.051945946    6.546619077    6.546587621    3.868382161
    1.061954955    6.521480041    6.521449051    3.863610677
    1.071963964    6.496594545    6.496564008    3.858826239
    1.081972973    6.471956934    6.471926838    3.854029211
    1.091981982    6.447561770    6.447532103    3.849219951
    1.101990991    6.423403827    6.423374578    3.844398815
    1.112000000    6.399478076    6.399449233    3.839566153
    1.122009009    6.375779675    6.375751228    3.834722312
    1.132018018    6.352303962    6.352275901    3.829867632
    1.142027027    6.329046443    6.329018758    3.825002451
    1.152036036    6.306002786    6.305975468    3.820127103
    1.162045045    6.283168813    6.283141851    3.815241916
    1.172054054    6.260540490    6.260513877    3.810347215
    1.182063063    6.238113923    6.238087649    3.805443321
    1.192072072    6.215885350    6.215859408    3.800530548
    1.202081081    6.193851135    6.193825516    3.795609210
    1.212090090    6.172007761    6.171982458    3.790679613
    1.222099099    6.150351827    6.150326832    3.785742061
    1.232108108    6.128880040    6.128855347    3.780796854
    1.242117117    6.107589213    6.107564813    3.775844286
    1.252126126    6.086476255    6.086452142    3.770884650
    1.262135135    6.065538174    6.065514342    3.765918230
    1.272144144    6.044772066    6.044748508    3.760945312
    1.282153153    6.024175116    6.024151826    3.755966173
    1.292162162    6.003744590    6.003721562    3.750981090
    1.302171171    5.983477835    5.983455064    3.745990332
    1.312180180    5.963372274    5.963349754    3.740994168
    1.322189189    5.943425402    5.943403128    3.735992860
    1.332198198    5.923634786    5.923612751    3.730986668
    1.342207207    5.903998057    5.903976257    3.725975849
    1.352216216    5.884512912    5.884491342    3.720960653
    1.362225225    5.865177110    5.865155766    3.715941330
    1.372234234    5.845988468    5.845967345    3.710918124
    1.382243243    5.826944861    5.826923954    3.705891276
    1.392252252    5.808044218    5.808023523    3.700861023
    1.402261261    5.789284521    5.789264033    3.695827600
    1.412270270    5.770663800    5.770643516    3.690791236
    1.422279279    5.752180137    5.752160053    3.685752159
    1.432288288    5.733831660    5.733811771    3.680710591
    1.442297297    5.715616539    5.715596842    3.675666754
    1.452306306    5.697532991    5.697513481    3.670620863
    1.462315315    5.679579272    5.679559947    3.665573133
    1.472324324    5.661753680    5.661734536    3.660523772
    1.482333333    5.644054551    5.644035585    3.655472987
    1.492342342    5.626480258    5.626461466    3.650420983
    1.502351351    5.609029211    5.609010591    3.645367960
    1.512360360    5.591699855    5.591681403    3.640314114
    1.522369369    5.574490667    5.574472380    3.635259640
    1.532378378    5.557400158    5.557382033    3.630204730
    1.542387387    5.540426869    5.540408904    3.625149570
    1.552396396    5.523569374    5.523551565    3.620094347
    1.562405405    5.506826274    5.506808619    3.615039242
    1.572414414    5.490196199    5.490178695    3.609984434
    1.582423423    5.473677807    5.473660451    3.604930100
    1.592432432    5.457269782    5.457252571    3.599876413
    1.602441441    5.440970833    5.440953767    3.594823544
    1.612450450    5.424779697    5.424762772    3.589771661
    1.622459459    5.408695133    5.408678346    3.584720929
    1.632468468    5.392715923    5.392699273    3.579671511
    1.642477477    5.376840874    5.376824358    3.574623565
    1.652486486    5.361068813    5.361052429    3.569577250
    1.662495495    5.345398589    5.345382335    3.564532721
    1.672504505    5.329829073    5.329812947    3.559490128
    1.682513514    5.314359155    5.314343155    3.554449622
    1.692522523    5.298987745    5.298971869    3.549411349
    1.702531532    5.283713773    5.283698019    3.544375454
    1.712540541    5.268536187    5.268520553    3.539342080
    1.722549550    5.253453952    5.253438436    3.534311366
    1.732558559    5.238466053    5.238450654    3.529283449
    1.742567568    5.223571490    5.223556206    3.524258464
    1.752576577    5.208769281    5.208754110    3.519236545
    1.762585586    5.194058460    5.194043400    3.514217821
    1.772594595    5.179438076    5.179423126    3.509202421
    1.782603604    5.164907195    5.164892353    3.504190470
    1.792612613    5.150464897    5.150450161    3.499182094
    1.802621622    5.136110276    5.136095646    3.494177413
    1.812630631    5.121842443    5.121827916    3.489176547
    1.822639640    5.107660519    5.107646094    3.484179613
    1.832648649    5.093563642    5.093549318    3.479186728
    1.842657658    5.079550962    5.079536737    3.474198004
    1.852666667    5.065621643    5.065607515    3.469213552
    1.862675676    5.051774859    5.051760828    3.464233483
    1.872684685    5.038009800    5.037995864    3.459257904
    1.882693694    5.024325665    5.024311823    3.454286920
    1.892702703    5.010721667    5.010707918    3.449320635
    1.902711712    4.997197029    4.997183372    3.444359151
    1.912720721    4.983750988    4.983737420    3.439402568
    1.922729730    4.970382788    4.970369310    3.434450983
    1.932738739    4.957091688    4.957078297    3.429504494
    1.942747748    4.943876954    4.943863650    3.424563195
    1.952756757    4.930737865    4.930724646    3.419627179
    1.962765766    4.917673708    4.917660575    3.414696537
    1.972774775    4.904683784    4.904670733    3.409771359
    1.982783784    4.891767398    4.891754430    3.404851732
    1.992792793    4.878923869    4.878910982    3.399937742
    2.002801802    4.866152523    4.866139716    3.395029474
    2.012810811    4.853452697    4.853439970    3.390127012
    2.022819820    4.840823735    4.840811086    3.385230435
    2.032828829    4.828264992    4.828252421    3.380339825
    2.042837838    4.815775830    4.815763335    3.375455260
    2.052846847    4.803355620    4.803343200    3.370576816
    2.062855856    4.791003741    4.790991396    3.365704568
    2.072864865    4.778719582    4.778707310    3.360838591
    2.082873874    4.766502536    4.766490337    3.355978957
    2.092882883    4.754352008    4.754339882    3.351125736
    2.102891892    4.742267409    4.742255354    3.346279000
    2.112900901    4.730248158    4.730236173    3.341438815
    2.122909910    4.718293680    4.718281764    3.336605248
    2.132918919    4.706403410    4.706391562    3.331778366
    2.142927928    4.694576787    4.694565007    3.326958231
    2.152936937    4.682813259    4.682801547    3.322144908
    2.162945946    4.671112282    4.671100636    3.317338458
    2.172954955    4.659473316    4.659461736    3.312538941
    2.182963964    4.647895830    4.647884314    3.307746415
    2.192972973    4.636379298    4.636367847    3.302960940
    2.202981982    4.624923201    4.624911814    3.298182572
    2.212990991    4.613527028    4.613515703    3.293411366
    2.223000000    4.602190271    4.602179009    3.288647376
    2.233009009    4.590912432    4.590901230    3.283890655
    2.243018018    4.579693015    4.579681874    3.279141256
    2.253027027    4.568531533    4.568520452    3.274399230
    2.263036036    4.557427504    4.557416482    3.269664625
    2.273045045    4.546380451    4.546369488    3.264937492
    2.283054054    4.535389903    4.535378999    3.260217877
    2.293063063    4.524455396    4.524444549    3.255505826
    2.303072072    4.513576469    4.513565679    3.250801386
    2.313081081    4.502752669    4.502741936    3.246104601
    2.323090090    4.491983547    4.491972869    3.241415514
    2.333099099    4.481268658    4.481258035    3.236734168
    2.343108108    4.470607564    4.470596996    3.232060604
    2.353117117    4.459999832    4.459989318    3.227394862
    2.363126126    4.449445033    4.449434572    3.222736982
    2.373135135    4.438942744    4.438932336    3.218087004
    2.383144144    4.428492546    4.428482191    3.213444963
    2.393153153    4.418094025    4.418083722    3.208810898
    2.403162162    4.407746772    4.407736520    3.204184844
    2.413171171    4.397450383    4.397440182    3.199566835
    2.423180180    4.387204457    4.387194306    3.194956907
    2.433189189    4.377008599    4.376998498    3.190355092
    2.443198198    4.366862417    4.366852366    3.185761422
    2.453207207    4.356765526    4.356755524    3.181175929
    2.463216216    4.346717543    4.346707589    3.176598644
    2.473225225    4.336718089    4.336708183    3.172029597
    2.483234234    4.326766792    4.326756933    3.167468817
    2.493243243    4.316863280    4.316853469    3.162916332
    2.503252252    4.307007188    4.306997424    3.158372169
    2.513261261    4.297198155    4.297188437    3.153836356
    2.523270270    4.287435823    4.287426150    3.149308919
    2.533279279    4.277719838    4.277710210    3.144789882
    2.543288288    4.268049849    4.268040267    3.140279271
    2.553297297    4.258425511    4.258415973    3.135777108
    2.563306306    4.248846482    4.248836988    3.131283418
    2.573315315    4.239312421    4.239302971    3.126798223
    2.583324324    4.229822995    4.229813588    3.122321544
    2.593333333    4.220377871    4.220368507    3.117853403
    2.603342342    4.210976721    4.210967400    3.113393820
    2.613351351    4.201619222    4.201609942    3.108942814
    2.623360360    4.192305051    4.192295813    3.104500406
    2.633369369    4.183033891    4.183024695    3.100066612
    2.643378378    4.173805428    4.173796273    3.095641452
    2.653387387    4.164619351    4.164610236    3.091224942
    2.663396396    4.155475351    4.155466277    3.086817099
    2.673405405    4.146373125    4.146364090    3.082417939
    2.683414414    4.137312370    4.137303375    3.078027477
    2.693423423    4.128292789    4.128283833    3.073645729
    2.703432432    4.119314086    4.119305169    3.069272708
    2.713441441    4.110375969    4.110367091    3.064908428
    2.723450450    4.101478149    4.101469309    3.060552903
    2.733459459    4.092620340    4.092611538    3.056206145
    2.743468468    4.083802259    4.083793494    3.051868166
    2.753477477    4.075023625    4.075014897    3.047538978
    2.763486486    4.066284161    4.066275470    3.043218591
    2.773495495    4.057583591    4.057574937    3.038907017
    2.783504505    4.048921645    4.048913028    3.034604265
    2.793513514    4.040298053    4.040289472    3.030310344
    2.803522523    4.031712549    4.031704003    3.026025265
    2.813531532    4.023164868    4.023156358    3.021749035
    2.823540541    4.014654751    4.014646275    3.017481662
    2.833549550    4.006181937    4.006173497    3.013223155
    2.843558559    3.997746173    3.997737767    3.008973519
    2.853567568    3.989347203    3.989338831    3.004732763
    2.863576577    3.980984777    3.980976439    3.000500891
    2.873585586    3.972658647    3.972650343    2.996277911
    2.883594595    3.964368567    3.964360297    2.992063827
    2.893603604    3.956114294    3.956106056    2.987858644
    2.903612613    3.947895585    3.947887381    2.983662367
    2.913621622    3.939712203    3.939704032    2.979475001
    2.923630631    3.931563911    3.931555772    2.975296547
    2.933639640    3.923450476    3.923442368    2.971127011
    2.943648649    3.915371664    3.915363589    2.966966395
    2.953657658    3.907327246    3.907319203    2.962814702
    2.963666667    3.899316996    3.899308984    2.958671933
    2.973675676    3.891340687    3.891332706    2.954538091
    2.983684685    3.883398097    3.883390147    2.950413177
    2.993693694    3.875489005    3.875481086    2.946297192
    3.003702703    3.867613193    3.867605304    2.942190137
    3.013711712    3.859770442    3.859762583    2.938092011
    3.023720721    3.851960539    3.851952710    2.934002816
    3.033729730    3.844183271    3.844175472    2.929922551
    3.043738739    3.836438428    3.836430658    2.925851215
    3.053747748    3.828725800    3.828718060    2.921788808
    3.063756757    3.821045182    3.821037471    2.917735327
    3.073765766    3.813396367    3.813388685    2.913690771
    3.083774775    3.805779155    3.805771501    2.909655140
    3.093783784    3.798193343    3.798185718    2.905628429
    3.103792793    3.790638732    3.790631136    2.901610637
    3.113801802    3.783115126    3.783107557    2.897601760
    3.123810811    3.775622329    3.775614788    2.893601797
    3.133819820    3.768160147    3.768152634    2.889610742
    3.143828829    3.760728389    3.760720903    2.885628594
    3.153837838    3.753326864    3.753319405    2.881655347
    3.163846847    3.745955384    3.745947952    2.877690997
    3.173855856    3.738613763    3.738606358    2.873735540
    3.183864865    3.731301815    3.731294437    2.869788972
    3.193873874    3.724019358    3.724012007    2.865851286
    3.203882883    3.716766210    3.716758885    2.861922479
    3.213891892    3.709542191    3.709534892    2.858002544
    3.223900901    3.702347122    3.702339849    2.854091475
    3.233909910    3.695180828    3.695173580    2.850189266
    3.243918919    3.688043132    3.688035910    2.846295912
    3.253927928    3.680933862    3.680926665    2.842411406
    3.263936937    3.673852845    3.673845673    2.838535741
    3.273945946    3.666799911    3.666792764    2.834668909
    3.283954955    3.659774890    3.659767769    2.830810905
    3.293963964    3.652777616    3.652770519    2.826961720
    3.303972973    3.645807923    3.645800850    2.823121347
    3.313981982    3.638865645    3.638858597    2.819289778
    3.323990991    3.631950620    3.631943596    2.815467006
    3.334000000    3.625062686    3.625055687    2.811653021
    3.344009009    3.618201683    3.618194707    2.807847815
    3.354018018    3.611367452    3.611360500    2.804051380
    3.364027027    3.604559836    3.604552907    2.800263708
    3.374036036    3.597778678    3.597771772    2.796484788
    3.384045045    3.591023823    3.591016941    2.792714612
    3.394054054    3.584295119    3.584288260    2.788953171
    3.404063063    3.577592412    3.577585576    2.785200454
    3.414072072    3.570915553    3.570908740    2.781456452
    3.424081081    3.564264392    3.564257601    2.777721156
    3.434090090    3.557638780    3.557632011    2.773994555
    3.444099099    3.551038570    3.551031824    2.770276639
    3.454108108    3.544463617    3.544456893    2.766567398
    3.464117117    3.537913776    3.537907074    2.762866821
    3.474126126    3.531388904    3.531382224    2.759174897
    3.484135135    3.524888858    3.524882200    2.755491615
    3.494144144    3.518413498    3.518406862    2.751816965
    3.504153153    3.511962684    3.511956070    2.748150935
    3.514162162    3.505536278    3.505529685    2.744493514
    3.524171171    3.499134142    3.499127569    2.740844691
    3.534180180    3.492756139    3.492749588    2.737204453
    3.544189189    3.486402135    3.486395605    2.733572790
    3.554198198    3.480071995    3.480065486    2.729949689
    3.564207207    3.473765587    3.473759099    2.726335138
    3.574216216    3.467482779    3.467476311    2.722729125
    3.584225225    3.461223440    3.461216992    2.719131639
    3.594234234    3.454987439    3.454981012    2.715542666
    3.604243243    3.448774650    3.448768243    2.711962194
    3.614252252    3.442584943    3.442578556    2.708390210
    3.624261261    3.436418193    3.436411826    2.704826702
    3.634270270    3.430274273    3.430267926    2.701271657
    3.644279279    3.424153060    3.424146732    2.697725062
    3.654288288    3.418054429    3.418048121    2.694186904
    3.664297297    3.411978259    3.411971970    2.690657169
    3.674306306    3.405924427    3.405918157    2.687135844
    3.684315315    3.399892813    3.399886563    2.683622917
    3.694324324    3.393883297    3.393877066    2.680118372
    3.704333333    3.387895760    3.387889549    2.676622198
    3.714342342    3.381930086    3.381923893    2.673134380
    3.724351351    3.375986156    3.375979982    2.669654904
    3.734360360    3.370063856    3.370057700    2.666183757
    3.744369369    3.364163069    3.364156932    2.662720924
    3.754378378    3.358283682    3.358277564    2.659266392
    3.764387387    3.352425582    3.352419482    2.655820146
    3.774396396    3.346588656    3.346582574    2.652382172
    3.784405405    3.340772792    3.340766729    2.648952456
    3.794414414    3.334977881    3.334971836    2.645530983
    3.804423423    3.329203812    3.329197785    2.642117739
    3.814432432    3.323450477    3.323444467    2.638712709
    3.824441441    3.317717767    3.317711775    2.635315880
    3.834450450    3.312005574    3.311999600    2.631927235
    3.844459459    3.306313794    3.306307837    2.628546760
    3.854468468    3.300642319    3.300636380    2.625174441
    3.864477477    3.294991045    3.294985123    2.621810263
    3.874486486    3.289359869    3.289353964    2.618454210
    3.884495495    3.283748686    3.283742798    2.615106267
    3.894504505    3.278157394    3.278151523    2.611766420
    3.904513514    3.272585892    3.272580038    2.608434653
    3.914522523    3.267034078    3.267028242    2.605110951
    3.924531532    3.261501853    3.261496033    2.601795299
    3.934540541    3.255989117    3.255983313    2.598487681
    3.944549550    3.250495770    3.250489984    2.595188082
    3.954558559    3.245021716    3.245015946    2.591896486
    3.964567568    3.239566857    3.239561103    2.588612879
    3.974576577    3.234131096    3.234125359    2.585337244
    3.984585586    3.228714338    3.228708617    2.582069566
    3.994594595    3.223316487    3.223310782    2.578809828
    4.004603604    3.217937448    3.217931760    2.575558017
    4.014612613    3.212577129    3.212571456    2.572314115
    4.024621622    3.207235436    3.207229779    2.569078107
    4.034630631    3.201912277    3.201906635    2.565849977
    4.044639640    3.196607559    3.196601933    2.562629709
    4.054648649    3.191321192    3.191315582    2.559417287
    4.064657658    3.186053085    3.186047491    2.556212696
    4.074666667    3.180803149    3.180797571    2.553015919
    4.084675676    3.175571294    3.175565731    2.549826940
    4.094684685    3.170357433    3.170351885    2.546645744
    4.104693694    3.165161476    3.165155943    2.543472313
    4.114702703    3.159983337    3.159977819    2.540306632
    4.124711712    3.154822929    3.154817427    2.537148686
    4.134720721    3.149680166    3.149674679    2.533998456
    4.144729730    3.144554963    3.144549491    2.530855928
    4.154738739    3.139447235    3.139441777    2.527721086
    4.164747748    3.134356897    3.134351454    2.524593911
    4.174756757    3.129283866    3.129278438    2.521474390
    4.184765766    3.124228060    3.124222646    2.518362504
    4.194774775    3.119189394    3.119183996    2.515258238
    4.204783784    3.114167788    3.114162404    2.512161576
    4.214792793    3.109163161    3.109157791    2.509072500
    4.224801802    3.104175430    3.104170075    2.505990995
    4.234810811    3.099204517    3.099199176    2.502917044
    4.244819820    3.094250341    3.094245015    2.499850631
    4.254828829    3.089312824    3.089307512    2.496791738
    4.264837838    3.084391886    3.084386588    2.493740351
    4.274846847    3.079487450    3.079482166    2.490696451
    4.284855856    3.074599439    3.074594168    2.487660023
    4.294864865    3.069727774    3.069722517    2.484631049
    4.304873874    3.064872380    3.064867137    2.481609514
    4.314882883    3.060033180    3.060027951    2.478595401
    4.324891892    3.055210100    3.055204884    2.475588693
    4.334900901    3.050403063    3.050397862    2.472589373
    4.344909910    3.045611997    3.045606809    2.469597426
    4.354918919    3.040836826    3.040831652    2.466612833
    4.364927928    3.036077478    3.036072317    2.463635580
    4.374936937    3.031333879    3.031328731    2.460665648
    4.384945946    3.026605956    3.026600822    2.457703022
    4.394954955    3.021893639    3.021888517    2.454747685
    4.404963964    3.017196854    3.017191746    2.451799619
    4.414972973    3.012515532    3.012510437    2.448858809
    4.424981982    3.007849601    3.007844519    2.445925238
    4.434990991    3.003198992    3.003193923    2.442998888
    4.445000000    2.998563634    2.998558578    2.440079744
    4.455009009    2.993943458    2.993938415    2.437167788
    4.465018018    2.989338396    2.989333366    2.434263005
    4.475027027    2.984748379    2.984743362    2.431365376
    4.485036036    2.980173340    2.980168335    2.428474887
    4.495045045    2.975613210    2.975608218    2.425591519
    4.505054054    2.971067923    2.971062943    2.422715256
    4.515063063    2.966537412    2.966532445    2.419846082
    4.525072072    2.962021611    2.962016656    2.416983979
    4.535081081    2.957520454    2.957515512    2.414128932
    4.545090090    2.953033876    2.953028946    2.411280923
    4.555099099    2.948561811    2.948556894    2.408439936
    4.565108108    2.944104196    2.944099291    2.405605954
    4.575117117    2.939660966    2.939656073    2.402778960
    4.585126126    2.935232058    2.935227177    2.399958938
    4.595135135    2.930817407    2.930812538    2.397145871
    4.605144144    2.926416952    2.926412095    2.394339743
    4.615153153    2.922030629    2.922025784    2.391540536
    4.625162162    2.917658377    2.917653544    2.388748235
    4.635171171    2.913300133    2.913295312    2.385962822
    4.645180180    2.908955836    2.908951027    2.383184281
    4.655189189    2.904625426    2.904620629    2.380412595
    4.665198198    2.900308842    2.900304056    2.377647749
    4.675207207    2.896006023    2.896001249    2.374889724
    4.685216216    2.891716909    2.891712147    2.372138505
    4.695225225    2.887441442    2.887436691    2.369394075
    4.705234234    2.883179561    2.883174822    2.366656417
    4.715243243    2.878931208    2.878926480    2.363925515
    4.725252252    2.874696325    2.874691609    2.361201353
    4.735261261    2.870474853    2.870470148    2.358483913
    4.745270270    2.866266736    2.866262042    2.355773180
    4.755279279    2.862071914    2.862067232    2.353069137
    4.765288288    2.857890332    2.857885661    2.350371767
    4.775297297    2.853721932    2.853717272    2.347681054
    4.785306306    2.849566659    2.849562010    2.344996982
    4.795315315    2.845424456    2.845419818    2.342319534
    4.805324324    2.841295267    2.841290641    2.339648693
    4.815333333    2.837179038    2.837174423    2.336984444
    4.825342342    2.833075713    2.833071108    2.334326770
    4.835351351    2.828985237    2.828980644    2.331675654
    4.845360360    2.824907556    2.824902974    2.329031080
    4.855369369    2.820842617    2.820838045    2.326393032
    4.865378378    2.816790364    2.816785803    2.323761494
    4.875387387    2.812750746    2.812746195    2.321136449
    4.885396396    2.808723708    2.808719168    2.318517881
    4.895405405    2.804709198    2.804704669    2.315905774
    4.905414414    2.800707163    2.800702645    2.313300111
    4.915423423    2.796717551    2.796713044    2.310700877
    4.925432432    2.792740311    2.792735814    2.308108055
    4.935441441    2.788775391    2.788770904    2.305521629
    4.945450450    2.784822739    2.784818262    2.302941582
    4.955459459    2.780882304    2.780877838    2.300367899
    4.965468468    2.776954036    2.776949580    2.297800564
    4.975477477    2.773037884    2.773033439    2.295239560
    4.985486486    2.769133798    2.769129363    2.292684872
    4.995495495    2.765241729    2.765237304    2.290136483
    5.005504505    2.761361626    2.761357212    2.287594377
    5.015513514    2.757493441    2.757489037    2.285058539
    5.025522523    2.753637125    2.753632730    2.282528952
    5.035531532    2.749792628    2.749788243    2.280005601
    5.045540541    2.745959902    2.745955528    2.277488469
    5.055549550    2.742138899    2.742134535    2.274977540
    5.065558559    2.738329572    2.738325218    2.272472799
    5.075567568    2.734531872    2.734527528    2.269974231
    5.085576577    2.730745752    2.730741418    2.267481818
    5.095585586    2.726971166    2.726966841    2.264995545
    5.105594595    2.723208065    2.723203751    2.262515397
    5.115603604    2.719456405    2.719452100    2.260041357
    5.125612613    2.715716137    2.715711842    2.257573411
    5.135621622    2.711987217    2.711982932    2.255111541
    5.145630631    2.708269598    2.708265323    2.252655734
    5.155639640    2.704563236    2.704558970    2.250205972
    5.165648649    2.700868083    2.700863827    2.247762240
    5.175657658    2.697184097    2.697179850    2.245324523
    5.185666667    2.693511231    2.693506993    2.242892805
    5.195675676    2.689849441    2.689845213    2.240467071
    5.205684685    2.686198682    2.686194464    2.238047305
    5.215693694    2.682558912    2.682554703    2.235633491
    5.225702703    2.678930085    2.678925886    2.233225614
    5.235711712    2.675312159    2.675307969    2.230823659
    5.245720721    2.671705089    2.671700909    2.228427610
    5.255729730    2.668108834    2.668104662    2.226037452
    5.265738739    2.664523349    2.664519186    2.223653169
    5.275747748    2.660948592    2.660944439    2.221274747
    5.285756757    2.657384520    2.657380377    2.218902169
    5.295765766    2.653831093    2.653826958    2.216535421
    5.305774775    2.650288266    2.650284141    2.214174487
    5.315783784    2.646756000    2.646751883    2.211819352
    5.325792793    2.643234251    2.643230144    2.209470002
    5.335801802    2.639722979    2.639718881    2.207126419
    5.345810811    2.636222143    2.636218054    2.204788591
    5.355819820    2.632731702    2.632727622    2.202456501
    5.365828829    2.629251615    2.629247543    2.200130134
    5.375837838    2.625781841    2.625777779    2.197809476
    5.385846847    2.622322341    2.622318287    2.195494511
    5.395855856    2.618873074    2.618869029    2.193185225
    5.405864865    2.615434001    2.615429965    2.190881602
    5.415873874    2.612005082    2.612001054    2.188583627
    5.425882883    2.608586277    2.608582258    2.186291286
    5.435891892    2.605177547    2.605173537    2.184004564
    5.445900901    2.601778853    2.601774852    2.181723446
    5.455909910    2.598390157    2.598386165    2.179447917
    5.465918919    2.595011420    2.595007436    2.177177962
    5.475927928    2.591642603    2.591638628    2.174913567
    5.485936937    2.588283669    2.588279702    2.172654716
    5.495945946    2.584934578    2.584930620    2.170401396
    5.505954955    2.581595294    2.581591344    2.168153591
    5.515963964    2.578265779    2.578261837    2.165911288
    5.525972973    2.574945995    2.574942062    2.163674470
    5.535981982    2.571635905    2.571631980    2.161443125
    5.545990991    2.568335472    2.568331556    2.159217236
    5.556000000    2.565044659    2.565040751    2.156996791
    5.566009009    2.561763430    2.561759530    2.154781773
    5.576018018    2.558491747    2.558487856    2.152572170
    5.586027027    2.555229576    2.555225693    2.150367966
    5.596036036    2.551976879    2.551973004    2.148169146
    5.606045045    2.548733620    2.548729754    2.145975698
    5.616054054    2.545499765    2.545495906    2.143787606
    5.626063063    2.542275276    2.542271426    2.141604856
    5.636072072    2.539060120    2.539056278    2.139427434
    5.646081081    2.535854260    2.535850426    2.137255326
    5.656090090    2.532657662    2.532653836    2.135088517
    5.666099099    2.529470290    2.529466472    2.132926994
    5.676108108    2.526292111    2.526288301    2.130770741
    5.686117117    2.523123089    2.523119287    2.128619746
    5.696126126    2.519963190    2.519959396    2.126473994
    5.706135135    2.516812380    2.516808594    2.124333470
    5.716144144    2.513670625    2.513666847    2.122198162
    5.726153153    2.510537891    2.510534121    2.120068055
    5.736162162    2.507414144    2.507410382    2.117943135
    5.746171171    2.504299352    2.504295597    2.115823388
    5.756180180    2.501193479    2.501189733    2.113708801
    5.766189189    2.498096494    2.498092755    2.111599359
    5.776198198    2.495008364    2.495004633    2.109495049
    5.786207207    2.491929054    2.491925331    2.107395856
    5.796216216    2.488858534    2.488854818    2.105301768
    5.806225225    2.485796770    2.485793061    2.103212771
    5.816234234    2.482743729    2.482740029    2.101128850
    5.826243243    2.479699380    2.479695687    2.099049993
    5.836252252    2.476663690    2.476660005    2.096976185
    5.846261261    2.473636628    2.473632950    2.094907413
    5.856270270    2.470618162    2.470614492    2.092843663
    5.866279279    2.467608259    2.467604597    2.090784923
    5.876288288    2.464606890    2.464603235    2.088731178
    5.886297297    2.461614021    2.461610374    2.086682414
    5.896306306    2.458629623    2.458625983    2.084638620
    5.906315315    2.455653664    2.455650032    2.082599781
    5.916324324    2.452686114    2.452682489    2.080565883
    5.926333333    2.449726941    2.449723323    2.078536914
    5.936342342    2.446776115    2.446772504    2.076512860
    5.946351351    2.443833605    2.443830002    2.074493709
    5.956360360    2.440899382    2.440895786    2.072479446
    5.966369369    2.437973415    2.437969826    2.070470058
    5.976378378    2.435055674    2.435052092    2.068465533
    5.986387387    2.432146129    2.432142555    2.066465857
    5.996396396    2.429244751    2.429241184    2.064471018
    6.006405405    2.426351510    2.426347950    2.062481001
    6.016414414    2.423466376    2.423462824    2.060495795
    6.026423423    2.420589320    2.420585775    2.058515386
    6.036432432    2.417720314    2.417716776    2.056539761
    6.046441441    2.414859328    2.414855797    2.054568907
    6.056450450    2.412006333    2.412002809    2.052602811
    6.066459459    2.409161300    2.409157783    2.050641461
    6.076468468    2.406324201    2.406320691    2.048684843
    6.086477477    2.403495007    2.403491504    2.046732945
    6.096486486    2.400673690    2.400670194    2.044785755
    6.106495495    2.397860222    2.397856733    2.042843258
    6.116504505    2.395054574    2.395051093    2.040905443
    6.126513514    2.392256719    2.392253245    2.038972297
    6.136522523    2.389466629    2.389463161    2.037043807
    6.146531532    2.386684276    2.386680815    2.035119961
    6.156540541    2.383909632    2.383906178    2.033200746
    6.166549550    2.381142670    2.381139223    2.031286149
    6.176558559    2.378383363    2.378379923    2.029376158
    6.186567568    2.375631684    2.375628250    2.027470761
    6.196576577    2.372887605    2.372884178    2.025569945
    6.206585586    2.370151099    2.370147679    2.023673697
    6.216594595    2.367422140    2.367418727    2.021782006
    6.226603604    2.364700701    2.364697294    2.019894858
    6.236612613    2.361986755    2.361983355    2.018012242
    6.246621622    2.359280276    2.359276883    2.016134146
    6.256630631    2.356581237    2.356577851    2.014260556
    6.266639640    2.353889612    2.353886233    2.012391461
    6.276648649    2.351205376    2.351202003    2.010526849
    6.286657658    2.348528502    2.348525135    2.008666707
    6.296666667    2.345858964    2.345855604    2.006811023
    6.306675676    2.343196736    2.343193383    2.004959786
    6.316684685    2.340541793    2.340538447    2.003112982
    6.326693694    2.337894110    2.337890770    2.001270601
    6.336702703    2.335253660    2.335250327    1.999432630
    6.346711712    2.332620419    2.332617092    1.997599056
    6.356720721    2.329994361    2.329991041    1.995769869
    6.366729730    2.327375462    2.327372148    1.993945056
    6.376738739    2.324763696    2.324760388    1.992124606
    6.386747748    2.322159038    2.322155737    1.990308506
    6.396756757    2.319561464    2.319558169    1.988496744
    6.406765766    2.316970949    2.316967661    1.986689310
    6.416774775    2.314387469    2.314384186    1.984886191
    6.426783784    2.311810998    2.311807722    1.983087374
    6.436792793    2.309241514    2.309238244    1.981292850
    6.446801802    2.306678991    2.306675727    1.979502606
    6.456810811    2.304123405    2.304120148    1.977716630
    6.466819820    2.301574733    2.301571482    1.975934911
    6.476828829    2.299032950    2.299029706    1.974157437
    6.486837838    2.296498034    2.296494796    1.972384197
    6.496846847    2.293969959    2.293966727    1.970615179
    6.506855856    2.291448703    2.291445478    1.968850371
    6.516864865    2.288934242    2.288931023    1.967089763
    6.526873874    2.286426553    2.286423340    1.965333343
    6.536882883    2.283925612    2.283922405    1.963581099
    6.546891892    2.281431397    2.281428196    1.961833020
    6.556900901    2.278943883    2.278940688    1.960089095
    6.566909910    2.276463049    2.276459860    1.958349313
    6.576918919    2.273988871    2.273985689    1.956613661
    6.586927928    2.271521327    2.271518150    1.954882130
    6.596936937    2.269060394    2.269057223    1.953154708
    6.606945946    2.266606049    2.266602884    1.951431383
    6.616954955    2.264158269    2.264155111    1.949712144
    6.626963964    2.261717034    2.261713881    1.947996981
    6.636972973    2.259282319    2.259279173    1.946285882
    6.646981982    2.256854104    2.256850963    1.944578836
    6.656990991    2.254432365    2.254429230    1.942875833
    6.667000000    2.252017081    2.252013953    1.941176860
    6.677009009    2.249608231    2.249605108    1.939481908
    6.687018018    2.247205791    2.247202674    1.937790965
    6.697027027    2.244809741    2.244806630    1.936104021
    6.707036036    2.242420059    2.242416954    1.934421064
    6.717045045    2.240036723    2.240033624    1.932742084
    6.727054054    2.237659712    2.237656618    1.931067070
    6.737063063    2.235289004    2.235285917    1.929396010
    6.747072072    2.232924579    2.232921497    1.927728895
    6.757081081    2.230566415    2.230563339    1.926065714
    6.767090090    2.228214490    2.228211420    1.924406456
    6.777099099    2.225868785    2.225865721    1.922751110
    6.787108108    2.223529278    2.223526219    1.921099665
    6.797117117    2.221195948    2.221192895    1.919452112
    6.807126126    2.218868775    2.218865727    1.917808439
    6.817135135    2.216547737    2.216544695    1.916168635
    6.827144144    2.214232815    2.214229779    1.914532692
    6.837153153    2.211923988    2.211920958    1.912900597
    6.847162162    2.209621235    2.209618210    1.911272340
    6.857171171    2.207324537    2.207321518    1.909647912
    6.867180180    2.205033872    2.205030859    1.908027301
    6.877189189    2.202749221    2.202746214    1.906410497
    6.887198198    2.200470565    2.200467562    1.904797490
    6.897207207    2.198197881    2.198194885    1.903188270
    6.907216216    2.195931152    2.195928161    1.901582826
    6.917225225    2.193670358    2.193667372    1.899981148
    6.927234234    2.191415477    2.191412497    1.898383225
    6.937243243    2.189166492    2.189163517    1.896789049
    6.947252252    2.186923381    2.186920412    1.895198607
    6.957261261    2.184686127    2.184683163    1.893611891
    6.967270270    2.182454709    2.182451750    1.892028890
    6.977279279    2.180229108    2.180226155    1.890449595
    6.987288288    2.178009304    2.178006357    1.888873994
    6.997297297    2.175795280    2.175792338    1.887302078
    7.007306306    2.173587015    2.173584079    1.885733837
    7.017315315    2.171384491    2.171381560    1.884169261
    7.027324324    2.169187689    2.169184763    1.882608340
    7.037333333    2.166996589    2.166993669    1.881051064
    7.047342342    2.164811174    2.164808259    1.879497423
    7.057351351    2.162631424    2.162628514    1.877947408
    7.067360360    2.160457321    2.160454416    1.876401008
    7.077369369    2.158288846    2.158285947    1.874858214
    7.087378378    2.156125981    2.156123087    1.873319016
    7.097387387    2.153968708    2.153965819    1.871783404
    7.107396396    2.151817007    2.151814124    1.870251369
    7.117405405    2.149670862    2.149667984    1.868722900
    7.127414414    2.147530253    2.147527380    1.867197989
    7.137423423    2.145395163    2.145392296    1.865676624
    7.147432432    2.143265574    2.143262712    1.864158798
    7.157441441    2.141141467    2.141138610    1.862644500
    7.167450450    2.139022826    2.139019974    1.861133720
    7.177459459    2.136909631    2.136906784    1.859626450
    7.187468468    2.134801866    2.134799024    1.858122679
    7.197477477    2.132699512    2.132696675    1.856622399
    7.207486486    2.130602552    2.130599721    1.855125599
    7.217495495    2.128510969    2.128508143    1.853632270
    7.227504505    2.126424746    2.126421924    1.852142404
    7.237513514    2.124343864    2.124341047    1.850655989
    7.247522523    2.122268306    2.122265495    1.849173018
    7.257531532    2.120198056    2.120195250    1.847693481
    7.267540541    2.118133095    2.118130294    1.846217368
    7.277549550    2.116073408    2.116070612    1.844744671
    7.287558559    2.114018977    2.114016186    1.843275379
    7.297567568    2.111969785    2.111966999    1.841809485
    7.307576577    2.109925814    2.109923033    1.840346978
    7.317585586    2.107887050    2.107884274    1.838887849
    7.327594595    2.105853473    2.105850702    1.837432090
    7.337603604    2.103825069    2.103822303    1.835979691
    7.347612613    2.101801819    2.101799058    1.834530643
    7.357621622    2.099783709    2.099780952    1.833084937
    7.367630631    2.097770720    2.097767969    1.831642564
    7.377639640    2.095762837    2.095760091    1.830203515
    7.387648649    2.093760044    2.093757302    1.828767781
    7.397657658    2.091762324    2.091759587    1.827335353
    7.407666667    2.089769660    2.089766928    1.825906222
    7.417675676    2.087782037    2.087779310    1.824480380
    7.427684685    2.085799439    2.085796717    1.823057817
    7.437693694    2.083821849    2.083819132    1.821638524
    7.447702703    2.081849252    2.081846540    1.820222494
    7.457711712    2.079881631    2.079878924    1.818809716
    7.467720721    2.077918972    2.077916269    1.817400182
    7.477729730    2.075961257    2.075958559    1.815993883
    7.487738739    2.074008471    2.074005778    1.814590811
    7.497747748    2.072060599    2.072057910    1.813190957
    7.507756757    2.070117625    2.070114941    1.811794312
    7.517765766    2.068179533    2.068176854    1.810400868
    7.527774775    2.066246308    2.066243634    1.809010616
    7.537783784    2.064317935    2.064315265    1.807623547
    7.547792793    2.062394398    2.062391733    1.806239653
    7.557801802    2.060475681    2.060473021    1.804858925
    7.567810811    2.058561771    2.058559115    1.803481355
    7.577819820    2.056652650    2.056649999    1.802106934
    7.587828829    2.054748305    2.054745659    1.800735654
    7.597837838    2.052848720    2.052846078    1.799367506
    7.607846847    2.050953880    2.050951243    1.798002481
    7.617855856    2.049063771    2.049061138    1.796640572
    7.627864865    2.047178376    2.047175748    1.795281771
    7.637873874    2.045297682    2.045295059    1.793926067
    7.647882883    2.043421674    2.043419056    1.792573455
    7.657891892    2.041550337    2.041547723    1.791223924
    7.667900901    2.039683656    2.039681047    1.789877467
    7.677909910    2.037821617    2.037819012    1.788534075
    7.687918919    2.035964205    2.035961604    1.787193741
    7.697927928    2.034111405    2.034108809    1.785856455
    7.707936937    2.032263204    2.032260613    1.784522211
    7.717945946    2.030419586    2.030416999    1.783190999
    7.727954955    2.028580538    2.028577956    1.781862811
    7.737963964    2.026746045    2.026743467    1.780537640
    7.747972973    2.024916093    2.024913520    1.779215478
    7.757981982    2.023090668    2.023088099    1.777896315
    7.767990991    2.021269755    2.021267191    1.776580145
    7.778000000    2.019453341    2.019450781    1.775266959
    7.788009009    2.017641412    2.017638856    1.773956748
    7.798018018    2.015833953    2.015831402    1.772649507
    7.808027027    2.014030951    2.014028404    1.771345225
    7.818036036    2.012232392    2.012229849    1.770043895
    7.828045045    2.010438262    2.010435723    1.768745510
    7.838054054    2.008648547    2.008646013    1.767450061
    7.848063063    2.006863233    2.006860704    1.766157541
    7.858072072    2.005082308    2.005079783    1.764867942
    7.868081081    2.003305757    2.003303236    1.763581255
    7.878090090    2.001533567    2.001531050    1.762297474
    7.888099099    1.999765724    1.999763212    1.761016590
    7.898108108    1.998002215    1.997999707    1.759738596
    7.908117117    1.996243027    1.996240523    1.758463483
    7.918126126    1.994488146    1.994485647    1.757191245
    7.928135135    1.992737559    1.992735064    1.755921873
    7.938144144    1.990991252    1.990988761    1.754655360
    7.948153153    1.989249213    1.989246726    1.753391698
    7.958162162    1.987511428    1.987508946    1.752130879
    7.968171171    1.985777885    1.985775407    1.750872897
    7.978180180    1.984048569    1.984046095    1.749617743
    7.988189189    1.982323469    1.982320999    1.748365409
    7.998198198    1.980602571    1.980600106    1.747115889
    8.008207207    1.978885863    1.978883401    1.745869175
    8.018216216    1.977173331    1.977170874    1.744625259
    8.028225225    1.975464962    1.975462510    1.743384134
    8.038234234    1.973760745    1.973758297    1.742145792
    8.048243243    1.972060666    1.972058222    1.740910226
    8.058252252    1.970364713    1.970362272    1.739677429
    8.068261261    1.968672872    1.968670436    1.738447393
    8.078270270    1.966985133    1.966982700    1.737220110
    8.088279279    1.965301480    1.965299052    1.735995574
    8.098288288    1.963621904    1.963619480    1.734773778
    8.108297297    1.961946390    1.961943971    1.733554713
    8.118306306    1.960274928    1.960272512    1.732338372
    8.128315315    1.958607503    1.958605091    1.731124749
    8.138324324    1.956944105    1.956941697    1.729913836
    8.148333333    1.955284720    1.955282316    1.728705626
    8.158342342    1.953629337    1.953626937    1.727500112
    8.168351351    1.951977943    1.951975548    1.726297286
    8.178360360    1.950330527    1.950328135    1.725097142
    8.188369369    1.948687076    1.948684688    1.723899672
    8.198378378    1.947047578    1.947045195    1.722704869
    8.208387387    1.945412022    1.945409642    1.721512726
    8.218396396    1.943780395    1.943778019    1.720323236
    8.228405405    1.942152685    1.942150313    1.719136392
    8.238414414    1.940528881    1.940526513    1.717952187
    8.248423423    1.938908971    1.938906607    1.716770614
    8.258432432    1.937292943    1.937290583    1.715591666
    8.268441441    1.935680785    1.935678429    1.714415335
    8.278450450    1.934072486    1.934070134    1.713241616
    8.288459459    1.932468034    1.932465686    1.712070501
    8.298468468    1.930867418    1.930865074    1.710901983
    8.308477477    1.929270625    1.929268285    1.709736056
    8.318486486    1.927677645    1.927675309    1.708572712
    8.328495495    1.926088466    1.926086134    1.707411944
    8.338504505    1.924503077    1.924500748    1.706253747
    8.348513514    1.922921466    1.922919141    1.705098112
    8.358522523    1.921343621    1.921341301    1.703945034
    8.368531532    1.919769532    1.919767216    1.702794505
    8.378540541    1.918199188    1.918196875    1.701646518
    8.388549550    1.916632577    1.916630267    1.700501068
    8.398558559    1.915069687    1.915067382    1.699358147
    8.408567568    1.913510508    1.913508207    1.698217748
    8.418576577    1.911955030    1.911952732    1.697079866
    8.428585586    1.910403239    1.910400945    1.695944493
    8.438594595    1.908855127    1.908852837    1.694811622
    8.448603604    1.907310681    1.907308394    1.693681248
    8.458612613    1.905769891    1.905767608    1.692553363
    8.468621622    1.904232745    1.904230466    1.691427960
    8.478630631    1.902699234    1.902696959    1.690305035
    8.488639640    1.901169346    1.901167075    1.689184579
    8.498648649    1.899643070    1.899640803    1.688066586
    8.508657658    1.898120397    1.898118133    1.686951050
    8.518666667    1.896601314    1.896599053    1.685837964
    8.528675676    1.895085811    1.895083554    1.684727323
    8.538684685    1.893573878    1.893571625    1.683619118
    8.548693694    1.892065504    1.892063255    1.682513345
    8.558702703    1.890560679    1.890558434    1.681409996
    8.568711712    1.889059392    1.889057150    1.680309066
    8.578720721    1.887561633    1.887559394    1.679210547
    8.588729730    1.886067390    1.886065156    1.678114434
    8.598738739    1.884576655    1.884574424    1.677020721
    8.608747748    1.883089416    1.883087189    1.675929400
    8.618756757    1.881605663    1.881603439    1.674840465
    8.628765766    1.880125386    1.880123166    1.673753911
    8.638774775    1.878648574    1.878646358    1.672669732
    8.648783784    1.877175218    1.877173005    1.671587920
    8.658792793    1.875705307    1.875703098    1.670508469
    8.668801802    1.874238831    1.874236625    1.669431374
    8.678810811    1.872775780    1.872773578    1.668356629
    8.688819820    1.871316144    1.871313946    1.667284226
    8.698828829    1.869859913    1.869857718    1.666214161
    8.708837838    1.868407076    1.868404885    1.665146426
    8.718846847    1.866957625    1.866955437    1.664081016
    8.728855856    1.865511548    1.865509364    1.663017925
    8.738864865    1.864068837    1.864066656    1.661957146
    8.748873874    1.862629481    1.862627304    1.660898674
    8.758882883    1.861193470    1.861191296    1.659842502
    8.768891892    1.859760795    1.859758625    1.658788625
    8.778900901    1.858331446    1.858329279    1.657737036
    8.788909910    1.856905412    1.856903249    1.656687729
    8.798918919    1.855482686    1.855480526    1.655640700
    8.808927928    1.854063256    1.854061100    1.654595940
    8.818936937    1.852647113    1.852644961    1.653553445
    8.828945946    1.851234248    1.851232099    1.652513209
    8.838954955    1.849824651    1.849822506    1.651475226
    8.848963964    1.848418313    1.848416171    1.650439490
    8.858972973    1.847015224    1.847013085    1.649405995
    8.868981982    1.845615374    1.845613239    1.648374735
    8.878990991    1.844218755    1.844216623    1.647345704
    8.889000000    1.842825356    1.842823228    1.646318897
    8.899009009    1.841435169    1.841433044    1.645294308
    8.909018018    1.840048184    1.840046062    1.644271931
    8.919027027    1.838664392    1.838662274    1.643251760
    8.929036036    1.837283784    1.837281669    1.642233789
    8.939045045    1.835906350    1.835904238    1.641218013
    8.949054054    1.834532081    1.834529973    1.640204426
    8.959063063    1.833160969    1.833158864    1.639193023
    8.969072072    1.831793003    1.831790902    1.638183797
    8.979081081    1.830428176    1.830426077    1.637176744
    8.989090090    1.829066477    1.829064382    1.636171856
    8.999099099    1.827707897    1.827705806    1.635169130
    9.009108108    1.826352429    1.826350341    1.634168558
    9.019117117    1.825000063    1.824997977    1.633170136
    9.029126126    1.823650789    1.823648707    1.632173858
    9.039135135    1.822304599    1.822302521    1.631179719
    9.049144144    1.820961485    1.820959410    1.630187712
    9.059153153    1.819621436    1.819619365    1.629197832
    9.069162162    1.818284446    1.818282377    1.628210075
    9.079171171    1.816950503    1.816948438    1.627224433
    9.089180180    1.815619601    1.815617539    1.626240903
    9.099189189    1.814291730    1.814289671    1.625259477
    9.109198198    1.812966882    1.812964826    1.624280152
    9.119207207    1.811645047    1.811642995    1.623302921
    9.129216216    1.810326218    1.810324169    1.622327779
    9.139225225    1.809010385    1.809008339    1.621354721
    9.149234234    1.807697540    1.807695497    1.620383740
    9.159243243    1.806387675    1.806385635    1.619414833
    9.169252252    1.805080781    1.805078744    1.618447993
    9.179261261    1.803776849    1.803774816    1.617483216
    9.189270270    1.802475871    1.802473841    1.616520495
    9.199279279    1.801177839    1.801175813    1.615559825
    9.209288288    1.799882744    1.799880721    1.614601202
    9.219297297    1.798590579    1.798588558    1.613644620
    9.229306306    1.797301333    1.797299316    1.612690074
    9.239315315    1.796015000    1.796012986    1.611737557
    9.249324324    1.794731571    1.794729560    1.610787066
    9.259333333    1.793451037    1.793449029    1.609838595
    9.269342342    1.792173391    1.792171386    1.608892139
    9.279351351    1.790898624    1.790896623    1.607947693
    9.289360360    1.789626728    1.789624730    1.607005250
    9.299369369    1.788357696    1.788355700    1.606064807
    9.309378378    1.787091518    1.787089525    1.605126358
    9.319387387    1.785828186    1.785826197    1.604189898
    9.329396396    1.784567694    1.784565708    1.603255422
    9.339405405    1.783310032    1.783308049    1.602322924
    9.349414414    1.782055193    1.782053213    1.601392400
    9.359423423    1.780803168    1.780801191    1.600463845
    9.369432432    1.779553950    1.779551976    1.599537253
    9.379441441    1.778307531    1.778305560    1.598612620
    9.389450450    1.777063903    1.777061935    1.597689940
    9.399459459    1.775823058    1.775821093    1.596769209
    9.409468468    1.774584988    1.774583026    1.595850421
    9.419477477    1.773349685    1.773347727    1.594933571
    9.429486486    1.772117142    1.772115187    1.594018655
    9.439495495    1.770887351    1.770885399    1.593105668
    9.449504505    1.769660304    1.769658355    1.592194604
    9.459513514    1.768435993    1.768434047    1.591285458
    9.469522523    1.767214411    1.767212468    1.590378227
    9.479531532    1.765995550    1.765993610    1.589472904
    9.489540541    1.764779402    1.764777465    1.588569485
    9.499549550    1.763565960    1.763564026    1.587667966
    9.509558559    1.762355217    1.762353285    1.586768340
    9.519567568    1.761147164    1.761145235    1.585870604
    9.529576577    1.759941794    1.759939868    1.584974753
    9.539585586    1.758739099    1.758737177    1.584080781
    9.549594595    1.757539073    1.757537154    1.583188685
    9.559603604    1.756341708    1.756339791    1.582298458
    9.569612613    1.755146995    1.755145081    1.581410097
    9.579621622    1.753954929    1.753953018    1.580523596
    9.589630631    1.752765501    1.752763593    1.579638952
    9.599639640    1.751578704    1.751576799    1.578756158
    9.609648649    1.750394530    1.750392628    1.577875211
    9.619657658    1.749212973    1.749211074    1.576996106
    9.629666667    1.748034026    1.748032130    1.576118837
    9.639675676    1.746857680    1.746855787    1.575243401
    9.649684685    1.745683929    1.745682038    1.574369793
    9.659693694    1.744512765    1.744510878    1.573498008
    9.669702703    1.743344182    1.743342297    1.572628041
    9.679711712    1.742178171    1.742176290    1.571759888
    9.689720721    1.741014727    1.741012848    1.570893544
    9.699729730    1.739853842    1.739851966    1.570029005
    9.709738739    1.738695508    1.738693635    1.569166266
    9.719747748    1.737539719    1.737537848    1.568305322
    9.729756757    1.736386467    1.736384600    1.567446169
    9.739765766    1.735235747    1.735233882    1.566588803
    9.749774775    1.734087549    1.734085688    1.565733218
    9.759783784    1.732941869    1.732940010    1.564879410
    9.769792793    1.731798698    1.731796842    1.564027376
    9.779801802    1.730658030    1.730656177    1.563177109
    9.789810811    1.729519858    1.729518007    1.562328606
    9.799819820    1.728384175    1.728382327    1.561481863
    9.809828829    1.727250973    1.727249128    1.560636875
    9.819837838    1.726120247    1.726118405    1.559793637
    9.829846847    1.724991990    1.724990151    1.558952145
    9.839855856    1.723866194    1.723864358    1.558112394
    9.849864865    1.722742853    1.722741019    1.557274381
    9.859873874    1.721621961    1.721620130    1.556438101
    9.869882883    1.720503509    1.720501681    1.555603549
    9.879891892    1.719387493    1.719385667    1.554770721
    9.889900901    1.718273904    1.718272081    1.553939612
    9.899909910    1.717162737    1.717160917    1.553110219
    9.909918919    1.716053985    1.716052167    1.552282538
    9.919927928    1.714947641    1.714945826    1.551456563
    9.929936937    1.713843698    1.713841886    1.550632290
    9.939945946    1.712742150    1.712740341    1.549809715
    9.949954955    1.711642990    1.711641184    1.548988835
    9.959963964    1.710546213    1.710544409    1.548169643
    9.969972973    1.709451811    1.709450009    1.547352138
    9.979981982    1.708359777    1.708357979    1.546536313
    9.989990991    1.707270107    1.707268311    1.545722165
   10.000000000    1.706182792    1.706180998    1.544909690
