    0.000000000    0.253314261    0.234582905
    0.089899109    0.249072320    0.227760658
    0.179798219    0.244441788    0.220705702
    0.269697328    0.239429755    0.213676569
    0.359596437    0.233943544    0.206922284
    0.449495547    0.227824973    0.200672789
    0.539394656    0.221024197    0.195103158
    0.629293766    0.213546177    0.190266341
    0.719192875    0.205194427    0.186054695
    0.809091984    0.195645105    0.182235812
    0.898991094    0.184863831    0.178529882
    0.988890203    0.173011546    0.174658001
    1.078789312    0.159589044    0.170335834
    1.168688422    0.143182238    0.165248935
    1.258587531    0.122999605    0.159052566
    1.348486641    0.100881665    0.151401115
    1.438385750    0.081127659    0.141986768
    1.528284859    0.067871286    0.130574363
    1.618183969    0.062884913    0.117033556
    1.708083078    0.066019035    0.101368437
    1.797982187    0.076814104    0.083735865
    1.887881297    0.094472633    0.064443051
    1.977780406    0.116254262    0.043923785
    2.067679516    0.137093564    0.022701233
    2.157578625    0.151773377    0.001344674
    2.247477734    0.157474091   -0.019579641
    2.337376844    0.153941688   -0.039564402
    2.427275953    0.141495154   -0.058212179
    2.517175062    0.119452958   -0.075259701
    2.607074172    0.086488108   -0.090571733
    2.696973281    0.041922740   -0.104136464
    2.786872391   -0.013622583   -0.116096658
    2.876771500   -0.078387520   -0.126798847
    2.966670609   -0.149619845   -0.136797026
    3.056569719   -0.223477653   -0.146779639
    3.146468828   -0.295218446   -0.157468766
    3.236367937   -0.359892830   -0.169559980
    3.326267047   -0.413078748   -0.183700642
    3.416166156   -0.451305110   -0.200447622
    3.506065265   -0.472367861   -0.220189925
    3.595964375   -0.475711280   -0.243099656
    3.685863484   -0.462605370   -0.269162144
    3.775762594   -0.435910375   -0.298243531
    3.865661703   -0.399672019   -0.330113773
    3.955560812   -0.358768789   -0.364409670
    4.045459922   -0.318429954   -0.400599003
    4.135359031   -0.283531007   -0.437996703
    4.225258140   -0.258040140   -0.475821993
    4.315157250   -0.244890630   -0.513260461
    4.405056359   -0.245993856   -0.549518179
    4.494955469   -0.262137192   -0.583873587
    4.584854578   -0.293062972   -0.615726302
    4.674753687   -0.337941630   -0.644634189
    4.764652797   -0.395773950   -0.670332819
    4.854551906   -0.465305877   -0.692735607
    4.944451015   -0.544853732   -0.711917596
    5.034350125   -0.632502083   -0.728092915
    5.124249234   -0.726249671   -0.741592698
    5.214148344   -0.823543330   -0.752834605
    5.304047453   -0.920715308   -0.762272545
    5.393946562   -1.013273992   -0.770337042
    5.483845672   -1.096902239   -0.777391531
    5.573744781   -1.168139722   -0.783714866
    5.663643890   -1.224378718   -0.789502695
    5.753543000   -1.263693303   -0.794885436
    5.843442109   -1.284808032   -0.799961726
    5.933341219   -1.287035607   -0.804821492
    6.023240328   -1.270234232   -0.809523904
    6.113139437   -1.234981786   -0.814040148
    6.203038547   -1.182702143   -0.818216546
    6.292937656   -1.115460126   -0.821787464
    6.382836765   -1.035860135   -0.824403005
    6.472735875   -0.947439446   -0.825630570
    6.562634984   -0.854863335   -0.824948239
    6.652534093   -0.763134426   -0.821778565
    6.742433203   -0.676476130   -0.815572521
    6.832332312   -0.598092511   -0.805908240
    6.922231422   -0.530593519   -0.792569639
    7.012130531   -0.476060843   -0.775588428
    7.102029640   -0.435931400   -0.755241622
    7.191928750   -0.411494759   -0.732016160
    7.281827859   -0.404272316   -0.706579119
    7.371726968   -0.414883775   -0.679775195
    7.461626078   -0.441270741   -0.652615639
    7.551525187   -0.478773492   -0.626210567
    7.641424297   -0.522231524   -0.601662048
    7.731323406   -0.567387076   -0.579984516
    7.821222515   -0.610167142   -0.562075543
    7.911121625   -0.645752850   -0.548694207
    8.001020734   -0.669329722   -0.540416646
    8.090919843   -0.677604107   -0.537594839
    8.180818953   -0.669467718   -0.540346022
    8.270718062   -0.646007602   -0.548555685
    8.360617172   -0.610498195   -0.561874574
    8.450516281   -0.567746285   -0.579728968
    8.540415390   -0.522576513   -0.601361621
    8.630314500   -0.479065997   -0.625876373
    8.720213609   -0.441464704   -0.652259963
    8.810112718   -0.414927751   -0.679410931
    8.900011828   -0.404130545   -0.706218718
    8.989910937   -0.411160821   -0.731670643
    9.079810047   -0.435417916   -0.754920205
    9.169709156   -0.475382342   -0.775298505
    9.259608265   -0.529763613   -0.792316580
    9.349507375   -0.597130456   -0.805694956
    9.439406484   -0.675408428   -0.815399165
    9.529305593   -0.761993711   -0.821642642
    9.619204703   -0.853692555   -0.824845166
    9.709103812   -0.946294478   -0.825554593
    9.799002921   -1.034800498   -0.824348207
    9.888902031   -1.114535068   -0.821748380
    9.978801140   -1.181946943   -0.818188209
   10.068700250   -1.234423335   -0.814017983
   10.158599359   -1.269893510   -0.809503897
   10.248498468   -1.286924535   -0.804800462
   10.338397578   -1.284928332   -0.799937235
   10.428296687   -1.264039142   -0.794855399
   10.518195796   -1.224937817   -0.789465234
   10.608094906   -1.168891996   -0.783668700
   10.697994015   -1.097819022   -0.777336650
   10.787893125   -1.014317034   -0.770275288
   10.877792234   -0.921834883   -0.762207960
   10.967691343   -0.824681496   -0.752773463
   11.057590453   -0.727351830   -0.741543068
   11.147489562   -0.633526820   -0.728063785
   11.237388671   -0.545770302   -0.711917877
   11.327287781   -0.466085254   -0.692773274
   11.417186890   -0.396386584   -0.670414179
   11.507086000   -0.338361487   -0.644763205
   11.596985109   -0.293267696   -0.615904013
   11.686884218   -0.262104889   -0.584097764
   11.776783328   -0.245706895   -0.549783310
   11.866682437   -0.244347007   -0.513558142
   11.956581546   -0.257261170   -0.476141677
   12.046480656   -0.282560858   -0.438326597
   12.136379765   -0.317333948   -0.400926958
   12.226278875   -0.357632943   -0.364724167
   12.316177984   -0.398596929   -0.330405030
   12.406077093   -0.434997429   -0.298504195
   12.495976203   -0.461943550   -0.269386999
   12.585875312   -0.475369354   -0.243284814
   12.675774421   -0.472387518   -0.220332861
   12.765673531   -0.451693427   -0.200548568
   12.855572640   -0.413806555   -0.183764035
   12.945471749   -0.360901349   -0.169594351
   13.035370859   -0.296427249   -0.157485252
   13.125269968   -0.224790860   -0.146790705
   13.215169078   -0.150936942   -0.136816045
   13.305068187   -0.079619758   -0.126839477
   13.394967296   -0.014703448   -0.116171033
   13.484866406    0.041038776   -0.104253072
   13.574765515    0.085827105   -0.090734623
   13.664664624    0.119015418   -0.075469302
   13.754563734    0.141257437   -0.058466378
   13.844462843    0.153879612   -0.039858781
   13.934361953    0.157587636   -0.019907168
   14.024261062    0.152073581    0.000993560
   14.114160171    0.137554262    0.022337798
   14.204059281    0.116784934    0.043559876
   14.293958390    0.094953364    0.064090043
   14.383857499    0.077158315    0.083403754
   14.473756609    0.066194823    0.101065015
   14.563655718    0.062883639    0.116763767
   14.653554828    0.067682794    0.130340027
   14.743453937    0.080763659    0.141786754
   14.833353046    0.100408566    0.151231850
   14.923252156    0.122518925    0.158908674
   15.013151265    0.142766974    0.165123898
   15.103050374    0.159246720    0.170222726
   15.192949484    0.172710542    0.174550255
   15.282848593    0.184581299    0.178421646
   15.372747703    0.195380982    0.182121599
   15.462646812    0.204952652    0.185928863
   15.552545921    0.213321751    0.190123480
   15.642445031    0.220810250    0.194939665
   15.732344140    0.227620455    0.200488343
   15.822243249    0.233749181    0.206719805
   15.912142359    0.239242896    0.213460829
   16.002041468    0.244259164    0.220482093
   16.091940577    0.248893676    0.227534867
   16.181839687    0.253140147    0.234360604
   16.271738796    0.257022746    0.240724742
   16.361637906    0.260629368    0.246483878
   16.451537015    0.264010839    0.251626693
   16.541436124    0.267156698    0.256239258
   16.631335234    0.270077954    0.260425497
   16.721234343    0.272828124    0.264255554
   16.811133452    0.275436161    0.267769521
   16.901032562    0.277889929    0.271001753
   16.990931671    0.280193420    0.273988506
   17.080830781    0.282381583    0.276760774
   17.170729890    0.284472113    0.279341636
   17.260628999    0.286453153    0.281751025
   17.350528109    0.288325506    0.284008059
   17.440427218    0.290113860    0.286128807
   17.530326327    0.291830104    0.288125620
   17.620225437    0.293463528    0.290009412
   17.710124546    0.295013528    0.291790693
   17.800023656    0.296498648    0.293478341
   17.889922765    0.297927456    0.295079277
   17.979821874    0.299290381    0.296599754
   18.069720984    0.300586142    0.298045893
   18.159620093    0.301829399    0.299422923
   18.249519202    0.303026759    0.300734972
   18.339418312    0.304169732    0.301985864
   18.429317421    0.305256844    0.303179439
   18.519216530    0.306300304    0.304319035
   18.609115640    0.307305554    0.305407338
   18.699014749    0.308265019    0.306446901
   18.788913859    0.309177224    0.307440340
   18.878812968    0.310052716    0.308389979
   18.968712077    0.310896101    0.309297723
   19.058611187    0.311700465    0.310165413
   19.148510296    0.312464379    0.310994966
   19.238409405    0.313197207    0.311788117
   19.328308515    0.313902924    0.312546324
   19.418207624    0.314575108    0.313271008
   19.508106734    0.315212464    0.313963661
   19.598005843    0.315823555    0.314625669
   19.687904952    0.316411858    0.315258220
   19.777804062    0.316971321    0.315862466
   19.867703171    0.317500816    0.316439630
   19.957602280    0.318008311    0.316990865
   20.047501390    0.318496806    0.317517171
   20.137400499    0.318960463    0.318019515
   20.227299609    0.319398324    0.318498919
   20.317198718    0.319817895    0.318956369
   20.407097827    0.320221716    0.319392722
   20.496996937    0.320604096    0.319808802
   20.586896046    0.320964305    0.320205479
   20.676795155    0.321309525    0.320583610
   20.766694265    0.321641860    0.320943938
   20.856593374    0.321955717    0.321287170
   20.946492484    0.322250618    0.321614055
   21.036391593    0.322533467    0.321925338
   21.126290702    0.322805903    0.322221669
   21.216189812    0.323062380    0.322503645
   21.306088921    0.323302686    0.322771915
   21.395988030    0.323533489    0.323027129
   21.485887140    0.323755962    0.323269843
   21.575786249    0.323964607    0.323500567
   21.665685358    0.324159521    0.323719859
   21.755584468    0.324347177    0.323928284
   21.845483577    0.324528276    0.324126322
   21.935382687    0.324697364    0.324314401
   22.025281796    0.324854865    0.324493000
   22.115180905    0.325007050    0.324662612
   22.205080015    0.325154128    0.324823642
   22.294979124    0.325290693    0.324976445
   22.384878233    0.325417517    0.325121431
   22.474777343    0.325540670    0.325259027
   22.564676452    0.325659875    0.325389570
   22.654575562    0.325769809    0.325513353
   22.744474671    0.325871614    0.325630724
   22.834373780    0.325971159    0.325742053
   22.924272890    0.326067676    0.325847616
   23.014171999    0.326155949    0.325947650
   23.104071108    0.326237498    0.326042454
   23.193970218    0.326317959    0.326132342
   23.283869327    0.326396077    0.326217540
   23.373768437    0.326466776    0.326298235
   23.463667546    0.326531965    0.326374681
   23.553566655    0.326597030    0.326447147
   23.643465765    0.326660247    0.326515811
   23.733364874    0.326716724    0.326580818
   23.823263983    0.326768760    0.326642388
   23.913163093    0.326821469    0.326700750
   24.003062202    0.326872664    0.326756038
   24.092961312    0.326917675    0.326808367
   24.182860421    0.326959186    0.326857924
   24.272759530    0.327001999    0.326904903
   24.362658640    0.327043489    0.326949405
   24.452557749    0.327079251    0.326991515
   24.542456858    0.327112342    0.327031395
   24.632355968    0.327147232    0.327069210
   24.722255077    0.327180884    0.327105031
   24.812154186    0.327209198    0.327138919
   24.902053296    0.327235590    0.327171019
   24.991952405    0.327264161    0.327201468
   25.081851515    0.327291487    0.327230313
   25.171750624    0.327313813    0.327257598
   25.261649733    0.327334887    0.327283451
   25.351548843    0.327358411    0.327307988
   25.441447952    0.327380611    0.327331234
   25.531347061    0.327398113    0.327353219
   25.621246171    0.327414973    0.327374061
   25.711145280    0.327434465    0.327393855
   25.801044390    0.327452502    0.327412607
   25.890943499    0.327466129    0.327430341
   25.980842608    0.327479668    0.327447164
   26.070741718    0.327495943    0.327463153
   26.160640827    0.327510591    0.327478301
   26.250539936    0.327521103    0.327492625
   26.340439046    0.327532033    0.327506224
   26.430338155    0.327545728    0.327519160
   26.520237265    0.327557598    0.327531415
   26.610136374    0.327565607    0.327543002
   26.700035483    0.327574499    0.327554013
   26.789934593    0.327586122    0.327564498
   26.879833702    0.327595707    0.327574428
   26.969732811    0.327601712    0.327583815
   27.059631921    0.327609021    0.327592747
   27.149531030    0.327618972    0.327601261
   27.239430140    0.327626666    0.327609320
   27.329329249    0.327631065    0.327616936
   27.419228358    0.327637153    0.327624193
   27.509127468    0.327645740    0.327631118
   27.599026577    0.327651851    0.327637667
   27.688925686    0.327654970    0.327643853
   27.778824796    0.327660122    0.327649758
   27.868723905    0.327667589    0.327655396
   27.958623014    0.327672370    0.327660721
   28.048522124    0.327674473    0.327665749
   28.138421233    0.327678915    0.327670556
   28.228320343    0.327685448    0.327675148
   28.318219452    0.327689097    0.327679475
   28.408118561    0.327690395    0.327683557
   28.498017671    0.327694299    0.327687466
   28.587916780    0.327700034    0.327691199
   28.677815889    0.327702710    0.327694706
   28.767714999    0.327703375    0.327698008
   28.857614108    0.327706873    0.327701174
   28.947513218    0.327711914    0.327704195
   29.037412327    0.327713743    0.327707017
   29.127311436    0.327713913    0.327709667
   29.217210546    0.327717103    0.327712210
   29.307109655    0.327721523    0.327714629
   29.397008764    0.327722604    0.327716869
   29.486907874    0.327722387    0.327718963
   29.576806983    0.327725337    0.327720972
   29.666706093    0.327729182    0.327722868
   29.756605202    0.327729591    0.327724602
   29.846504311    0.327729071    0.327726209
   29.936403421    0.327731822    0.327727744
   30.026302530    0.327735119    0.327729175
   30.116201639    0.327734915    0.327730453
   30.206100749    0.327734153    0.327731617
   30.295999858    0.327736725    0.327732718
   30.385898968    0.327739481    0.327733716
   30.475798077    0.327738705    0.327734566
   30.565697186    0.327737741    0.327735311
   30.655596296    0.327740131    0.327735994
   30.745495405    0.327742339    0.327736573
   30.835394514    0.327741013    0.327737002
   30.925293624    0.327739869    0.327737330
   31.015192733    0.327742057    0.327737594
   31.105091842    0.327743690    0.327737744
   31.194990952    0.327741826    0.327737740
   31.284890061    0.327740503    0.327737633
   31.374789171    0.327742446    0.327737454
   31.464688280    0.327743465    0.327737147
   31.554587389    0.327741053    0.327736678
   31.644486499    0.327739532    0.327736097
   31.734385608    0.327741170    0.327735429
   31.824284717    0.327741516    0.327734615
   31.914183827    0.327738531    0.327733623
   32.004082936    0.327736767    0.327732506
   32.093982046    0.327738015    0.327731281
   32.183881155    0.327737614    0.327729884
   32.273780264    0.327734008    0.327728289
   32.363679374    0.327731935    0.327726547
   32.453578483    0.327732685    0.327724669
   32.543477592    0.327731435    0.327722586
   32.633376702    0.327727136    0.327720275
   32.723275811    0.327724655    0.327717789
   32.813174921    0.327724769    0.327715129
   32.903074030    0.327722544    0.327712223
   32.992973139    0.327717447    0.327709052
   33.082872249    0.327714425    0.327705665
   33.172771358    0.327713730    0.327702056
   33.262670467    0.327710372    0.327698149
   33.352569577    0.327704339    0.327693928
   33.442468686    0.327700601    0.327689441
   33.532367796    0.327698885    0.327684669
   33.622266905    0.327694196    0.327679535
   33.712166014    0.327687041    0.327674025
   33.802065124    0.327682362    0.327668180
   33.891964233    0.327679359    0.327661975
   33.981863342    0.327673086    0.327655326
   34.071762452    0.327664563    0.327648222
   34.161661561    0.327658654    0.327640698
   34.251560670    0.327654041    0.327632717
   34.341459780    0.327645873    0.327624192
   34.431358889    0.327635675    0.327615110
   34.521257999    0.327628176    0.327605501
   34.611157108    0.327621551    0.327595314
   34.701056217    0.327611096    0.327584457
   34.790955327    0.327598820    0.327572917
   34.880854436    0.327589273    0.327560713
   34.970753545    0.327580138    0.327547781
   35.060652655    0.327566902    0.327534023
   35.150551764    0.327552039    0.327519422
   35.240450874    0.327539871    0.327503986
   35.330349983    0.327527613    0.327487635
   35.420249092    0.327510983    0.327470263
   35.510148202    0.327492892    0.327451848
   35.600047311    0.327477391    0.327432382
   35.689946420    0.327461247    0.327411770
   35.779845530    0.327440448    0.327389895
   35.869744639    0.327418314    0.327366726
   35.959643749    0.327398582    0.327342236
   36.049542858    0.327377603    0.327316313
   36.139441967    0.327351669    0.327288827
   36.229341077    0.327324474    0.327259733
   36.319240186    0.327299405    0.327228985
   36.409139295    0.327272427    0.327196444
   36.499038405    0.327240157    0.327161969
   36.588937514    0.327206626    0.327125496
   36.678836624    0.327174839    0.327086953
   36.768735733    0.327140401    0.327046177
   36.858634842    0.327100283    0.327003005
   36.948533952    0.327058811    0.326957353
   37.038433061    0.327018585    0.326909117
   37.128332170    0.326974884    0.326858104
   37.218231280    0.326925050    0.326804129
   37.308130389    0.326873663    0.326747077
   37.398029498    0.326822888    0.326686809
   37.487928608    0.326767710    0.326623099
   37.577827717    0.326705841    0.326555730
   37.667726827    0.326642076    0.326484552
   37.757625936    0.326578127    0.326409387
   37.847525045    0.326508712    0.326329968
   37.937424155    0.326431928    0.326246042
   38.027323264    0.326352741    0.326157418
   38.117222373    0.326272406    0.326063870
   38.207121483    0.326185401    0.325965087
   38.297020592    0.326090199    0.325860768
   38.386919702    0.325991898    0.325750677
   38.476818811    0.325891276    0.325634533
   38.566717920    0.325782590    0.325511971
   38.656617030    0.325664676    0.325382641
   38.746516139    0.325542728    0.325246250
   38.836415248    0.325417053    0.325102457
   38.926314358    0.325281710    0.324950839
   39.016213467    0.325135892    0.324790986
   39.106112577    0.324984867    0.324622539
   39.196011686    0.324828471    0.324445093
   39.285910795    0.324660573    0.324258156
   39.375809905    0.324480696    0.324061250
   39.465709014    0.324294146    0.323853943
   39.555608123    0.324100289    0.323635755
   39.645507233    0.323892799    0.323406121
   39.735406342    0.323671502    0.323164486
   39.825305452    0.323441744    0.322910335
   39.915204561    0.323202440    0.322643110
   40.005103670    0.322947076    0.322362165
   40.095002780    0.322675761    0.322066851
   40.184901889    0.322393884    0.321756564
   40.274800998    0.322099918    0.321430658
   40.364700108    0.321787119    0.321088389
   40.454599217    0.321455835    0.320729006
   40.544498326    0.321111496    0.320351801
   40.634397436    0.320752142    0.319956026
   40.724296545    0.320370755    0.319540833
   40.814195655    0.319967900    0.319105347
   40.904094764    0.319549106    0.318648743
   40.993993873    0.319112011    0.318170160
   41.083892983    0.318649270    0.317668618
   41.173792092    0.318161644    0.317143094
   41.263691201    0.317654810    0.316592614
   41.353590311    0.317125982    0.316016180
   41.443489420    0.316567355    0.315412642
   41.533388530    0.315979819    0.314780779
   41.623287639    0.315369269    0.314119428
   41.713186748    0.314732487    0.313427404
   41.803085858    0.314061066    0.312703328
   41.892984967    0.313356017    0.311945704
   41.982884076    0.312623609    0.311153105
   42.072783186    0.311860178    0.310324075
   42.162682295    0.311056505    0.309456884
   42.252581405    0.310213677    0.308549615
   42.342480514    0.309338468    0.307600419
   42.432379623    0.308426640    0.306607392
   42.522278733    0.307467780    0.305568222
   42.612177842    0.306462958    0.304480290
   42.702076951    0.305419621    0.303341035
   42.791976061    0.304332774    0.302147777
   42.881875170    0.303190319    0.300897193
   42.971774280    0.301993245    0.299585445
   43.061673389    0.300749942    0.298208698
   43.151572498    0.299454333    0.296762839
   43.241471608    0.298091844    0.295242667
   43.331370717    0.296663173    0.293642064
   43.421269826    0.295177825    0.291954774
   43.511168936    0.293627876    0.290173903
   43.601068045    0.291994832    0.288290620
   43.690967154    0.290278594    0.286294432
   43.780866264    0.288489853    0.284174422
   43.870765373    0.286617520    0.281918300
   43.960664483    0.284636911    0.279510083
   44.050563592    0.282546356    0.276930684
   44.140462701    0.280357775    0.274160180
   44.230361811    0.278054495    0.271175621
   44.320260920    0.275601510    0.267946191
   44.410160029    0.272993742    0.264435649
   44.500059139    0.270243526    0.260609590
   44.589958248    0.267323267    0.256428282
   44.679857358    0.264179305    0.251822425
   44.769756467    0.260799200    0.246688469
   44.859655576    0.257193822    0.240939098
