# energy grid [eV]  eels components [arbitrary units]
#
    0.001000000    0.000018151    0.000017894    0.005525784
    0.011009009    0.000189507    0.000185602    0.002444828
    0.021018018    0.000359641    0.000351837    0.002659514
    0.031027027    0.000534213    0.000522392    0.003046385
    0.041036036    0.000715064    0.000698982    0.003589534
    0.051045045    0.000904168    0.000883503    0.004250484
    0.061054054    0.001103559    0.001077943    0.005014457
    0.071063063    0.001315006    0.001284088    0.005879717
    0.081072072    0.001539465    0.001502972    0.006849154
    0.091081081    0.001776936    0.001734635    0.007924911
    0.101090090    0.002027612    0.001979101    0.009106048
    0.111099099    0.002292980    0.002237599    0.010385714
    0.121108108    0.002573446    0.002510649    0.011738497
    0.131117117    0.002863297    0.002793187    0.013105262
    0.141126126    0.003150471    0.003073729    0.014414775
    0.151135135    0.003426912    0.003343749    0.015655449
    0.161144144    0.003701364    0.003610445    0.016922125
    0.171153153    0.003998531    0.003896996    0.018374837
    0.181162162    0.004346434    0.004230584    0.020169460
    0.191171171    0.004767720    0.004633426    0.022430055
    0.201180180    0.005280334    0.005122995    0.025251048
    0.211189189    0.005903841    0.005717976    0.028690730
    0.221198198    0.006667147    0.006445655    0.032740295
    0.231207207    0.007612481    0.007345909    0.037293545
    0.241216216    0.008792686    0.008469146    0.042182059
    0.251225225    0.010262013    0.009868639    0.047271237
    0.261234234    0.012055500    0.011582960    0.052421137
    0.271243243    0.014144345    0.013596583    0.057218872
    0.281252252    0.016363490    0.015772148    0.060881558
    0.291261261    0.018359468    0.017791433    0.062769464
    0.301270270    0.019682248    0.019218246    0.063087545
    0.311279279    0.020057856    0.019746420    0.062830180
    0.321288288    0.019567471    0.019404957    0.063067617
    0.331297297    0.018501743    0.018456565    0.064469333
    0.341306306    0.017136930    0.017175476    0.067287676
    0.351315315    0.015677828    0.015771849    0.071456528
    0.361324324    0.014275147    0.014402995    0.076665657
    0.371333333    0.013018364    0.013164580    0.082560376
    0.381342342    0.011933445    0.012085781    0.089080694
    0.391351351    0.011003693    0.011151411    0.096658395
    0.401360360    0.010194570    0.010328654    0.106030373
    0.411369369    0.009479744    0.009592954    0.117707979
    0.421378378    0.008857607    0.008945178    0.131312887
    0.431387387    0.008340951    0.008401616    0.145004317
    0.441396396    0.007937466    0.007972989    0.155512254
    0.451405405    0.007643405    0.007657024    0.159649425
    0.461414414    0.007447903    0.007443004    0.156818179
    0.471423423    0.007338385    0.007317849    0.149704295
    0.481432432    0.007303464    0.007269487    0.142194164
    0.491441441    0.007333768    0.007287880    0.137237598
    0.501450450    0.007422185    0.007365311    0.136391244
    0.511459459    0.007564652    0.007497108    0.140319895
    0.521468468    0.007760592    0.007681940    0.149292472
    0.531477477    0.008010356    0.007918998    0.163362721
    0.541486486    0.008308885    0.008201615    0.182313811
    0.551495495    0.008639084    0.008511386    0.205641323
    0.561504505    0.008972576    0.008820775    0.232776561
    0.571513514    0.009285592    0.009110028    0.263033544
    0.581522523    0.009581819    0.009387287    0.294332878
    0.591531532    0.009896911    0.009688847    0.321387890
    0.601540541    0.010279021    0.010059460    0.336448567
    0.611549550    0.010768746    0.010535393    0.334517898
    0.621558559    0.011392314    0.011139898    0.318319872
    0.631567568    0.012162311    0.011884382    0.296368720
    0.641576577    0.013081915    0.012772319    0.276863385
    0.651585586    0.014156262    0.013810175    0.264197262
    0.661594595    0.015402891    0.015018389    0.258925405
    0.671603604    0.016831541    0.016414473    0.258900436
    0.681612613    0.018379429    0.017953536    0.260697556
    0.691621622    0.019839894    0.019456251    0.261538076
    0.701630631    0.020875091    0.020601375    0.260968849
    0.711639640    0.021195407    0.021072494    0.260341799
    0.721648649    0.020791073    0.020796067    0.260071182
    0.731657658    0.019942011    0.020008668    0.257575279
    0.741666667    0.019002721    0.019070066    0.248391708
    0.751675676    0.018223595    0.018258289    0.230068015
    0.761684685    0.017721018    0.017712224    0.204728959
    0.771693694    0.017524857    0.017472911    0.177181478
    0.781702703    0.017627934    0.017536751    0.151455807
    0.791711712    0.018015051    0.017888592    0.129425826
    0.801720721    0.018677404    0.018518536    0.111306296
    0.811729730    0.019622968    0.019433500    0.096556266
    0.821738739    0.020885714    0.020666876    0.084516823
    0.831747748    0.022527734    0.022280745    0.074674636
    0.841756757    0.024632809    0.024359488    0.066658466
    0.851765766    0.027298339    0.027000981    0.060168919
    0.861774775    0.030628035    0.030306272    0.054948016
    0.871783784    0.034711957    0.034355428    0.050778983
    0.881792793    0.039553788    0.039134323    0.047488999
    0.891801802    0.044900070    0.044367786    0.044946932
    0.901810811    0.050020980    0.049307339    0.043057766
    0.911819820    0.053713005    0.052753174    0.041756031
    0.921828829    0.054865539    0.053645889    0.040999557
    0.931837838    0.053302874    0.051892938    0.040765522
    0.941846847    0.049927526    0.048450288    0.041052934
    0.951855856    0.046006850    0.044575571    0.041893868
    0.961864865    0.042502321    0.041181116    0.043366168
    0.971873874    0.039912222    0.038714828    0.045597500
    0.981882883    0.038403924    0.037312328    0.048764719
    0.991891892    0.037963131    0.036947211    0.053099097
    1.001900901    0.038454673    0.037486362    0.058896475
    1.011909910    0.039585731    0.038649083    0.066518478
    1.021918919    0.040831404    0.039928408    0.076358490
    1.031927928    0.041486970    0.040633424    0.088722607
    1.041936937    0.041002849    0.040212937    0.103539144
    1.051945946    0.039377251    0.038651378    0.119804797
    1.061954955    0.037114703    0.036442028    0.134901515
    1.071963964    0.034806039    0.034172491    0.144640592
    1.081972973    0.032828853    0.032221161    0.145265392
    1.091981982    0.031326987    0.030733355    0.136426506
    1.101990991    0.030307418    0.029717225    0.121525939
    1.112000000    0.029725101    0.029128430    0.104934260
    1.122009009    0.029528456    0.028915568    0.089611387
    1.132018018    0.029677812    0.029038639    0.076776371
    1.142027027    0.030150676    0.029474407    0.066572183
    1.152036036    0.030941045    0.030216066    0.058692017
    1.162045045    0.032054566    0.031269265    0.052715725
    1.172054054    0.033497596    0.032643020    0.048238677
    1.182063063    0.035256704    0.034332100    0.044906485
    1.192072072    0.037269091    0.036289471    0.042434179
    1.202081081    0.039400848    0.038399242    0.040637345
    1.212090090    0.041472355    0.040484351    0.039442178
    1.222099099    0.043338886    0.042375318    0.038847457
    1.232108108    0.044932453    0.043974113    0.038875669
    1.242117117    0.046218690    0.045237703    0.039552716
    1.252126126    0.047208174    0.046180005    0.040911132
    1.262135135    0.048045737    0.046946178    0.042992825
    1.272144144    0.048988658    0.047795401    0.045832424
    1.282153153    0.050265444    0.048962988    0.049427183
    1.292162162    0.051997349    0.050574051    0.053743392
    1.302171171    0.054236167    0.052674278    0.058823239
    1.312180180    0.057012059    0.055285873    0.064948290
    1.322189189    0.060285086    0.058377998    0.072681329
    1.332198198    0.063820846    0.061750628    0.082730656
    1.342207207    0.067137466    0.064965316    0.095762885
    1.352216216    0.069704381    0.067505210    0.112178973
    1.362225225    0.071342688    0.069153436    0.131689805
    1.372234234    0.072390079    0.070193659    0.152574325
    1.382243243    0.073423840    0.071177998    0.170952392
    1.392252252    0.074926717    0.072589894    0.181313236
    1.402261261    0.077185778    0.074719530    0.179493307
    1.412270270    0.080345541    0.077708466    0.166048596
    1.422279279    0.084486025    0.081630303    0.145789268
    1.432288288    0.089677821    0.086548026    0.124091749
    1.442297297    0.096012127    0.092543905    0.104341995
    1.452306306    0.103618836    0.099736121    0.087817714
    1.462315315    0.112688231    0.108298120    0.074563450
    1.472324324    0.123503180    0.118488426    0.064135732
    1.482333333    0.136472598    0.130682778    0.055994561
    1.492342342    0.152158900    0.145399933    0.049656698
    1.502351351    0.171307702    0.163328068    0.044735402
    1.512360360    0.194886158    0.185360199    0.040936474
    1.522369369    0.224119355    0.212631603    0.038041777
    1.532378378    0.260482769    0.246524057    0.035893047
    1.542387387    0.305550895    0.288553625    0.034381747
    1.552396396    0.360510702    0.339982157    0.033444988
    1.562405405    0.425055336    0.400899898    0.033060728
    1.572414414    0.495458017    0.468528402    0.033236590
    1.582423423    0.562452159    0.535059836    0.033992617
    1.592432432    0.611731829    0.587289778    0.035334768
    1.602441441    0.630735002    0.611910330    0.037211188
    1.612450450    0.618415127    0.605211616    0.039455302
    1.622459459    0.586739216    0.576824915    0.041752313
    1.632468468    0.551757378    0.542401436    0.043695881
    1.642477477    0.525165641    0.514485115    0.044978218
    1.652486486    0.512495919    0.499507082    0.045636964
    1.662495495    0.514937753    0.499209215    0.046118543
    1.672504505    0.531400317    0.512832048    0.047034993
    1.682513514    0.559996956    0.538649638    0.048862098
    1.692522523    0.598439388    0.574203408    0.051804222
    1.702531532    0.642981103    0.615289978    0.055752206
    1.712540541    0.687428064    0.655517600    0.060206456
    1.722549550    0.724530899    0.688396490    0.064253070
    1.732558559    0.750409815    0.711757848    0.066864257
    1.742567568    0.768648284    0.730639155    0.067453524
    1.752576577    0.789066197    0.754768286    0.066076750
    1.762585586    0.822195204    0.793219375    0.063137904
    1.772594595    0.874412821    0.850830411    0.059191711
    1.782603604    0.945545972    0.926779015    0.054939974
    1.792612613    1.028362523    1.014266085    0.051057234
    1.802621622    1.109819979    1.101412189    0.047945331
    1.812630631    1.173811652    1.173116762    0.045671339
    1.822639640    1.204655120    1.213389353    0.044075001
    1.832648649    1.190822437    1.208667068    0.042963208
    1.842657658    1.129583506    1.153615478    0.042279769
    1.852666667    1.031861933    1.057966668    0.042098293
    1.862675676    0.919635605    0.944554412    0.042464763
    1.872684685    0.814664753    0.836867980    0.043275078
    1.882693694    0.730177314    0.749515431    0.044299758
    1.892702703    0.670607649    0.687641960    0.045323453
    1.902711712    0.634519038    0.650032868    0.046229349
    1.912720721    0.616415355    0.631118114    0.046947597
    1.922729730    0.607245261    0.621568478    0.047456729
    1.932738739    0.596166454    0.610175673    0.047900949
    1.942747748    0.575583521    0.589107240    0.048601091
    1.952756757    0.545784933    0.558683970    0.049919328
    1.962765766    0.513080505    0.525416556    0.052159205
    1.972774775    0.483658390    0.495677471    0.055555343
    1.982783784    0.460296773    0.472328829    0.060291987
    1.992792793    0.443420342    0.455754430    0.066507294
    2.002801802    0.432855658    0.445559120    0.074263583
    2.012810811    0.427559795    0.440277990    0.083451976
    2.022819820    0.424458182    0.436450811    0.093588424
    2.032828829    0.419093695    0.429737237    0.103619898
    2.042837838    0.408680701    0.418052868    0.112155098
    2.052846847    0.394635269    0.403496285    0.118263394
    2.062855856    0.381412183    0.390660650    0.121998543
    2.072864865    0.372998244    0.383196791    0.124037118
    2.082873874    0.370518991    0.381708379    0.125313796
    2.092882883    0.371997374    0.383720229    0.127092372
    2.102891892    0.373631088    0.385129464    0.130762800
    2.112900901    0.371542327    0.381997410    0.137381336
    2.122909910    0.362792777    0.371512208    0.147502648
    2.132918919    0.345971748    0.352668757    0.161181631
    2.142927928    0.322047345    0.327005319    0.177656252
    2.152936937    0.294361982    0.298181850    0.194822637
    2.162945946    0.267104983    0.270333261    0.209408953
    2.172954955    0.243506205    0.246490455    0.218177090
    2.182963964    0.225126361    0.228051627    0.219009272
    2.192972973    0.212238865    0.215199150    0.211431988
    2.202981982    0.204495970    0.207548259    0.197070307
    2.212990991    0.201329824    0.204524441    0.179093595
    2.223000000    0.201964245    0.205348064    0.160649523
    2.233009009    0.205226529    0.208830771    0.143823051
    2.243018018    0.209617517    0.213451136    0.129495696
    2.253027027    0.213915255    0.217954945    0.117671397
    2.263036036    0.217707721    0.221861375    0.107897245
    2.273045045    0.220973054    0.225046898    0.099650113
    2.283054054    0.223185553    0.226924291    0.092690999
    2.293063063    0.223293276    0.226506106    0.087150261
    2.303072072    0.220747358    0.223428345    0.083274075
    2.313081081    0.216301096    0.218608719    0.081186797
    2.323090090    0.211638517    0.213752864    0.080867817
    2.333099099    0.208504823    0.210546137    0.082181622
    2.343108108    0.208252326    0.210311645    0.084756695
    2.353117117    0.211799494    0.213970496    0.087757840
    2.363126126    0.219634727    0.221988458    0.089896734
    2.373135135    0.231595373    0.234128244    0.090029182
    2.383144144    0.246446317    0.249045019    0.087990190
    2.393153153    0.261728146    0.264189135    0.084655187
    2.403162162    0.274605784    0.276723442    0.081159592
    2.413171171    0.283623978    0.285307613    0.078295211
    2.423180180    0.289785664    0.291127130    0.076459697
    2.433189189    0.295697360    0.296929733    0.075801100
    2.443198198    0.303608366    0.304976411    0.076337930
    2.453207207    0.314150357    0.315762706    0.078056261
    2.463216216    0.326474240    0.328247141    0.080996895
    2.473225225    0.339245101    0.341050294    0.085291858
    2.483234234    0.351991803    0.353910131    0.091121968
    2.493243243    0.366194251    0.368588788    0.098650586
    2.503252252    0.384899942    0.388231237    0.107984541
    2.513261261    0.410799225    0.415360654    0.119121631
    2.523270270    0.444028594    0.449695018    0.131880598
    2.533279279    0.480752382    0.486822014    0.145969477
    2.543288288    0.513833345    0.519203009    0.161300593
    2.553297297    0.536258577    0.539980288    0.178410777
    2.563306306    0.544027782    0.545725635    0.198566450
    2.573315315    0.535366616    0.535154447    0.223034956
    2.583324324    0.510285443    0.508578145    0.251575511
    2.593333333    0.473022633    0.470447445    0.280838211
    2.603342342    0.431847841    0.429046512    0.304044582
    2.613351351    0.394604580    0.392036769    0.313967336
    2.623360360    0.365372621    0.363305360    0.308279391
    2.633369369    0.344554745    0.343134945    0.291303125
    2.643378378    0.330511526    0.329793496    0.269870789
    2.653387387    0.321112203    0.321087110    0.248947983
    2.663396396    0.314966579    0.315670031    0.230955634
    2.673405405    0.312162482    0.313761675    0.217035646
    2.683414414    0.313853387    0.316613184    0.207762502
    2.693423423    0.321043914    0.325249943    0.203126795
    2.703432432    0.333609476    0.339470761    0.202421240
    2.713441441    0.349727964    0.357196504    0.204044462
    2.723450450    0.365642761    0.374217507    0.205326706
    2.733459459    0.376607820    0.385360372    0.203202175
    2.743468468    0.379824363    0.387804063    0.196101545
    2.753477477    0.377036849    0.383728320    0.185140682
    2.763486486    0.373087303    0.378472081    0.172791922
    2.773495495    0.371958992    0.376291339    0.160817216
    2.783504505    0.374751614    0.378342140    0.149769855
    2.793513514    0.380579326    0.383659323    0.139723463
    2.803522523    0.388411572    0.391104559    0.130842263
    2.813531532    0.398098571    0.400494627    0.123425561
    2.823540541    0.410763985    0.412992701    0.117766685
    2.833549550    0.428874609    0.431152258    0.113902371
    2.843558559    0.455460229    0.458136897    0.111388262
    2.853567568    0.493013063    0.496526697    0.109451525
    2.863576577    0.542436115    0.547095167    0.107546841
    2.873585586    0.601228130    0.606944700    0.105723879
    2.883594595    0.661340241    0.667513526    0.104315059
    2.893603604    0.709614187    0.715306982    0.103438188
    2.903612613    0.733710113    0.738170908    0.103024601
    2.913621622    0.730841173    0.734041745    0.103189609
    2.923630631    0.710006660    0.712541270    0.104275952
    2.933639640    0.684364108    0.686820415    0.106538673
    2.943648649    0.663173625    0.665751622    0.109974103
    2.953657658    0.650174716    0.652780968    0.114447896
    2.963666667    0.645090428    0.647674685    0.119886446
    2.973675676    0.644317603    0.647168207    0.126282961
    2.983684685    0.641921789    0.645666257    0.133541978
    2.993693694    0.633224127    0.638483084    0.141420792
    3.003702703    0.618411330    0.625375788    0.149547421
    3.013711712    0.601949527    0.610265444    0.157216056
    3.023720721    0.589199240    0.598227712    0.163067855
    3.033729730    0.583746324    0.592868221    0.165443211
    3.043738739    0.585737836    0.594429090    0.163697425
    3.053747748    0.591288741    0.599143608    0.159125884
    3.063756757    0.594810863    0.601797437    0.154212384
    3.073765766    0.593764483    0.600444222    0.151163861
    3.083774775    0.590448822    0.597612513    0.151206729
    3.093783784    0.587890032    0.595763999    0.154578279
    3.103792793    0.584625978    0.592408534    0.160533049
    3.113801802    0.574489699    0.580897762    0.167292076
    3.123810811    0.552475862    0.557036670    0.172433919
    3.133819820    0.520648641    0.524208884    0.174134881
    3.143828829    0.486730262    0.490560371    0.172544633
    3.153837838    0.457723463    0.462464458    0.169656280
    3.163846847    0.436042240    0.441441302    0.167709181
    3.173855856    0.420079386    0.425435210    0.168021045
    3.183864865    0.406821448    0.411624051    0.171019495
    3.193873874    0.393791976    0.397958425    0.176757612
    3.203882883    0.379455301    0.383120276    0.185252054
    3.213891892    0.363377177    0.366706878    0.196440586
    3.223900901    0.346671727    0.349908084    0.209830675
    3.233909910    0.331676866    0.335122777    0.224401925
    3.243918919    0.320420104    0.324216654    0.239439257
    3.253927928    0.313189991    0.317185977    0.255639667
    3.263936937    0.308578042    0.312488462    0.274803522
    3.273945946    0.304682242    0.308335116    0.298205207
    3.283954955    0.300108909    0.303480742    0.325334438
    3.293963964    0.294263297    0.297326381    0.353599461
    3.303972973    0.287337585    0.289964834    0.378515277
    3.313981982    0.280051500    0.282138067    0.394492431
    3.323990991    0.273412876    0.275045932    0.397174679
    3.334000000    0.268619754    0.270004795    0.386714555
    3.344009009    0.266658955    0.267932930    0.368011969
    3.354018018    0.267955647    0.269150017    0.346668465
    3.364027027    0.272814111    0.273946773    0.325829290
    3.374036036    0.282090026    0.283244061    0.306978584
    3.384045045    0.296883572    0.298228716    0.291810414
    3.394054054    0.317418216    0.319206066    0.282272799
    3.404063063    0.342298975    0.344803465    0.279612164
    3.414072072    0.368925703    0.372268079    0.284076539
    3.424081081    0.394941407    0.398893173    0.295162720
    3.434090090    0.419501066    0.423541146    0.311527848
    3.444099099    0.442858210    0.446569210    0.330566714
    3.454108108    0.464058171    0.467471693    0.348663637
    3.464117117    0.479076433    0.482591621    0.362366786
    3.474126126    0.482768856    0.486749580    0.369216987
    3.484135135    0.473256663    0.477738306    0.367931433
    3.494144144    0.453025938    0.457808903    0.359004999
    3.504153153    0.426389015    0.431324597    0.345449663
    3.514162162    0.397502327    0.402567819    0.332075034
    3.524171171    0.369159645    0.374239946    0.323285133
    3.534180180    0.341844008    0.346571163    0.321467984
    3.544189189    0.314504520    0.318374869    0.326818705
    3.554198198    0.286467469    0.289124336    0.337497411
    3.564207207    0.258472242    0.259946571    0.349746098
    3.574216216    0.232325460    0.232987603    0.359288286
    3.584225225    0.209837611    0.210114089    0.364179215
    3.594234234    0.192027977    0.192210342    0.365670805
    3.604243243    0.179075324    0.179309449    0.365037072
    3.614252252    0.170630414    0.170966879    0.360458492
    3.624261261    0.165989123    0.166415093    0.348517321
    3.634270270    0.164041074    0.164493372    0.328771167
    3.644279279    0.163357951    0.163749403    0.305357529
    3.654288288    0.162818020    0.163088528    0.283920992
    3.664297297    0.162352984    0.162499220    0.268423235
    3.674306306    0.162804710    0.162854568    0.260538241
    3.684315315    0.164987678    0.164971760    0.260503084
    3.694324324    0.168993129    0.168955102    0.267941430
    3.704333333    0.174063938    0.174070979    0.282019454
    3.714342342    0.178861276    0.178959807    0.300866363
    3.724351351    0.182053997    0.182200292    0.320684488
    3.734360360    0.182821956    0.182919435    0.335418793
    3.744369369    0.180739431    0.180774746    0.338282922
    3.754378378    0.175349585    0.175432156    0.325593660
    3.764387387    0.166458817    0.166713018    0.299861771
    3.774396396    0.155029875    0.155496864    0.268069660
    3.784405405    0.143080097    0.143739896    0.236983212
    3.794414414    0.132527626    0.133367390    0.210493839
    3.804423423    0.124473075    0.125505277    0.189874164
    3.814432432    0.119319062    0.120559682    0.174989899
    3.824441441    0.117145337    0.118603450    0.165232541
    3.834450450    0.117949915    0.119632951    0.160007466
    3.844459459    0.121696463    0.123595922    0.158890659
    3.854468468    0.128171649    0.130216531    0.161520113
    3.864477477    0.136700579    0.138718702    0.167318167
    3.874486486    0.145961851    0.147731163    0.175263248
    3.884495495    0.154343428    0.155753388    0.184085922
    3.894504505    0.160856455    0.162003907    0.193076496
    3.904513514    0.165578320    0.166641880    0.202772161
    3.914522523    0.168945718    0.169980801    0.214538548
    3.924531532    0.170925536    0.171784809    0.229405226
    3.934540541    0.171165066    0.171615631    0.246996129
    3.944549550    0.169922885    0.169859941    0.264828120
    3.954558559    0.168498508    0.168012460    0.278790590
    3.964567568    0.168281065    0.167551400    0.285531046
    3.974576577    0.169392242    0.168602454    0.284559068
    3.984585586    0.170303411    0.169634970    0.277263806
    3.994594595    0.168782651    0.168398407    0.264945490
    4.004603604    0.163583347    0.163552933    0.249022615
    4.014612613    0.155424731    0.155680858    0.231992177
    4.024621622    0.146238051    0.146649080    0.216871576
    4.034630631    0.137726092    0.138199272    0.205920084
    4.044639640    0.130794470    0.131311201    0.200121077
    4.054648649    0.125765296    0.126375670    0.199432987
    4.064657658    0.122552701    0.123364185    0.203252514
    4.074666667    0.120697072    0.121801013    0.210898437
    4.084675676    0.119539115    0.120875010    0.222064672
    4.094684685    0.118475272    0.119810027    0.236834565
    4.104693694    0.117170840    0.118285407    0.255095639
    4.114702703    0.115784405    0.116646412    0.276100334
    4.124711712    0.114974514    0.115704977    0.298536143
    4.134720721    0.115524730    0.116270706    0.320223347
    4.144729730    0.117930427    0.118797576    0.337478829
    4.154738739    0.122264898    0.123315833    0.346234522
    4.164747748    0.128333703    0.129600758    0.345145420
    4.174756757    0.135913710    0.137396909    0.336974807
    4.184765766    0.144771619    0.146419688    0.326000966
    4.194774775    0.154306960    0.156008497    0.314679912
    4.204783784    0.163091301    0.164695282    0.303194582
    4.214792793    0.168994743    0.170350868    0.291199887
    4.224801802    0.170371681    0.171397475    0.279182324
    4.234810811    0.167535337    0.168275607    0.268511371
    4.244819820    0.162746738    0.163334641    0.260786077
    4.254828829    0.158507717    0.159059202    0.257011579
    4.264837838    0.156006920    0.156558118    0.257068957
    4.274846847    0.154780692    0.155298732    0.259827379
    4.284855856    0.153349772    0.153789728    0.263716537
    4.294864865    0.150446241    0.150807241    0.267393005
    4.304873874    0.146074048    0.146415036    0.270305172
    4.314882883    0.141393714    0.141818422    0.272576555
    4.324891892    0.137699074    0.138331782    0.274283593
    4.334900901    0.135742069    0.136689593    0.275514570
    4.344909910    0.135701666    0.137018906    0.276927059
    4.354918919    0.137307694    0.138984644    0.279037771
    4.364927928    0.140069875    0.142008768    0.280866142
    4.374936937    0.143686052    0.145673545    0.280235510
    4.384945946    0.148188468    0.149936587    0.275789298
    4.394954955    0.153624498    0.154877087    0.268143310
    4.404963964    0.159688106    0.160298987    0.258963620
    4.414972973    0.165622665    0.165600591    0.249755431
    4.424981982    0.170403239    0.169933154    0.241587654
    4.434990991    0.173132822    0.172517855    0.234924435
    4.445000000    0.173527168    0.173079741    0.229209379
    4.455009009    0.172186648    0.172131557    0.223135376
    4.465018018    0.170516492    0.170934390    0.215938968
    4.475027027    0.170274497    0.171142666    0.208426410
    4.485036036    0.172873787    0.174160100    0.202485353
    4.495045045    0.178962269    0.180646125    0.199900166
    4.505054054    0.188486869    0.190493758    0.201791229
    4.515063063    0.200866605    0.203003766    0.208757853
    4.525072072    0.214977091    0.216947896    0.221200497
    4.535081081    0.228882091    0.230402466    0.239382341
    4.545090090    0.239526842    0.240470253    0.263144869
    4.555099099    0.243336311    0.243789201    0.291574654
    4.565108108    0.238045104    0.238250008    0.322786237
    4.575117117    0.224088319    0.224306799    0.353482388
    4.585126126    0.204257106    0.204623603    0.378127115
    4.595135135    0.182288512    0.182784437    0.389259798
    4.605144144    0.161428695    0.161970945    0.381425778
    4.615153153    0.143645206    0.144169133    0.356311942
    4.625162162    0.129690904    0.130173207    0.322140904
    4.635171171    0.119565941    0.120008248    0.287806922
    4.645180180    0.112863319    0.113270139    0.258738558
    4.655189189    0.108874283    0.109239093    0.236608670
    4.665198198    0.106594640    0.106894038    0.220606267
    4.675207207    0.104901776    0.105099812    0.208707354
    4.685216216    0.103043812    0.103107914    0.198871910
    4.695225225    0.101045307    0.100964992    0.190103031
    4.705234234    0.099510393    0.099311038    0.182612065
    4.715243243    0.099053477    0.098806912    0.176929005
    4.725252252    0.099930989    0.099750892    0.173104205
    4.735261261    0.102017850    0.102013361    0.170842405
    4.745270270    0.104938696    0.105136068    0.170012010
    4.755279279    0.108167486    0.108479041    0.170566157
    4.765288288    0.111127128    0.111433124    0.172069736
    4.775297297    0.113493434    0.113765199    0.173816028
    4.785306306    0.115506282    0.115829876    0.175556658
    4.795315315    0.117714043    0.118196389    0.177742647
    4.805324324    0.120351375    0.121026585    0.180972526
    4.815333333    0.123183482    0.124004751    0.185688235
    4.825342342    0.125955282    0.126850513    0.192446494
    4.835351351    0.128684920    0.129596891    0.201834988
    4.845360360    0.131345708    0.132236554    0.213686949
    4.855369369    0.133579738    0.134443626    0.226462833
    4.865378378    0.134921221    0.135784473    0.237741020
    4.875387387    0.135046804    0.135922319    0.245807561
    4.885396396    0.133811764    0.134674261    0.250994943
    4.895405405    0.131347435    0.132176036    0.255547450
    4.905414414    0.128059455    0.128883728    0.262312023
    4.915423423    0.124341394    0.125222866    0.273137580
    4.925432432    0.120374527    0.121310244    0.287531653
    4.935441441    0.116218046    0.117073089    0.301972355
    4.945450450    0.112023245    0.112638204    0.310952284
    4.955459459    0.108211930    0.108567641    0.310468919
    4.965468468    0.105421162    0.105631681    0.301270243
    4.975477477    0.104145468    0.104338595    0.287858047
    4.985486486    0.104435056    0.104694589    0.274501453
    4.995495495    0.105979289    0.106358508    0.262863868
    5.005504505    0.108503181    0.109031027    0.252682335
    5.015513514    0.112102937    0.112769267    0.243626037
    5.025522523    0.117193418    0.117959124    0.236171283
    5.035531532    0.124112062    0.124944909    0.231197535
    5.045540541    0.132640325    0.133539270    0.229528121
    5.055549550    0.141752925    0.142745317    0.231780550
    5.065558559    0.149956635    0.151079799    0.238022663
    5.075567568    0.156139055    0.157425402    0.247332809
    5.085576577    0.160082927    0.161546148    0.257750616
    5.095585586    0.162187071    0.163800986    0.266876907
    5.105594595    0.163056573    0.164756436    0.273000294
    5.115603604    0.163507536    0.165202328    0.276195322
    5.125612613    0.164445387    0.165999726    0.278375680
    5.135621622    0.166261831    0.167506471    0.281836013
    5.145630631    0.168386327    0.169210689    0.287550610
    5.155639640    0.169402802    0.169846462    0.294422371
    5.165648649    0.167819209    0.168061107    0.299684579
    5.175657658    0.163177185    0.163402549    0.300584308
    5.185666667    0.156239002    0.156485146    0.296056955
    5.195675676    0.148073782    0.148235264    0.286583169
    5.205684685    0.139433045    0.139403545    0.273217175
    5.215693694    0.130800351    0.130554250    0.257436836
    5.225702703    0.122622041    0.122208939    0.241308121
    5.235711712    0.115500231    0.115016535    0.227179632
    5.245720721    0.110121002    0.109663107    0.217060353
    5.255729730    0.106943454    0.106572088    0.212143923
    5.265738739    0.105973784    0.105713599    0.212704115
    5.275747748    0.106717442    0.106572870    0.218119863
    5.285756757    0.108294988    0.108261329    0.226866532
    5.295765766    0.109816400    0.109887726    0.236759222
    5.305774775    0.110897257    0.111074855    0.245750066
    5.315783784    0.111807997    0.112093588    0.252893825
    5.325792793    0.113021840    0.113401890    0.258461651
    5.335801802    0.114682286    0.115128824    0.263031933
    5.345810811    0.116560452    0.117042048    0.266841722
    5.355819820    0.118444478    0.118930772    0.270303010
    5.365828829    0.120398712    0.120851582    0.274769639
    5.375837838    0.122551166    0.122917941    0.281849161
    5.385846847    0.124895033    0.125137195    0.291478586
    5.395855856    0.127536027    0.127673345    0.300916644
    5.405864865    0.130938804    0.131044094    0.306208678
    5.415873874    0.135732453    0.135878464    0.305199907
    5.425882883    0.142276746    0.142492364    0.298814525
    5.435891892    0.150334735    0.150597873    0.289510346
    5.445900901    0.159074657    0.159334200    0.279467913
    5.455909910    0.167456163    0.167664542    0.269984442
    5.465918919    0.174691257    0.174825051    0.261573951
    5.475927928    0.180494168    0.180552906    0.254440141
    5.485936937    0.185218134    0.185226257    0.249014491
    5.495945946    0.189727936    0.189749682    0.245963606
    5.505954955    0.194914023    0.195061315    0.245637608
    5.515963964    0.201398673    0.201819356    0.247526130
    5.525972973    0.209644896    0.210473758    0.250393851
    5.535981982    0.219860424    0.221144643    0.253112107
    5.545990991    0.231460100    0.233126417    0.255156426
    5.556000000    0.242995863    0.244894929    0.256373926
    5.566009009    0.253127311    0.255102732    0.256866083
    5.576018018    0.261289604    0.263199161    0.256775403
    5.586027027    0.266672631    0.268366148    0.255570497
    5.596036036    0.267240281    0.268575183    0.252049732
    5.606045045    0.261291994    0.262217768    0.245389434
    5.616054054    0.249885781    0.250494749    0.235841748
    5.626063063    0.236483880    0.236957828    0.224711058
    5.636072072    0.224492825    0.225011746    0.214059728
    5.646081081    0.215769978    0.216431428    0.206010884
    5.656090090    0.210602589    0.211365555    0.201963201
    5.666099099    0.208143663    0.208836260    0.202345864
    5.676108108    0.207084213    0.207509283    0.206911867
    5.686117117    0.206494527    0.206579305    0.215088311
    5.696126126    0.206033133    0.205886012    0.225864616
    5.706135135    0.205465732    0.205291380    0.237171782
    5.716144144    0.204496323    0.204463750    0.245623813
    5.726153153    0.203103123    0.203292348    0.247725245
    5.736162162    0.201734582    0.202168341    0.242217112
    5.746171171    0.200935237    0.201600535    0.231252742
    5.756180180    0.200729882    0.201557355    0.218840061
    5.766189189    0.200462816    0.201308939    0.208303168
    5.776198198    0.199162495    0.199862779    0.201075399
    5.786207207    0.196196340    0.196696490    0.197014819
    5.796216216    0.191872866    0.192297070    0.195447160
    5.806225225    0.187229925    0.187777292    0.196104721
    5.816234234    0.183013005    0.183787268    0.199178976
    5.826243243    0.178951563    0.179874417    0.204596019
    5.836252252    0.174121621    0.174987327    0.211553003
    5.846261261    0.168008297    0.168642433    0.219046452
    5.856270270    0.161077900    0.161433940    0.226948074
    5.866279279    0.154311188    0.154416322    0.236275060
    5.876288288    0.148489630    0.148379597    0.248264270
    5.886297297    0.143954564    0.143683784    0.263382302
    5.896306306    0.140709161    0.140363986    0.280981070
    5.906315315    0.138702343    0.138368865    0.299327792
    5.916324324    0.138164005    0.137887260    0.316172507
    5.926333333    0.139600397    0.139378195    0.330395933
    5.936342342    0.143439985    0.143238567    0.343303068
    5.946351351    0.149740979    0.149506553    0.357449503
    5.956360360    0.158108263    0.157792207    0.374368510
    5.966369369    0.167726122    0.167346260    0.393788852
    5.976378378    0.177448446    0.177132512    0.414462970
    5.986387387    0.186015617    0.185933307    0.435388832
    5.996396396    0.192404058    0.192630816    0.456431410
    6.006405405    0.195975269    0.196453344    0.478027116
    6.016414414    0.196378874    0.197009781    0.500117723
    6.026423423    0.193744027    0.194472291    0.520701009
    6.036432432    0.189141485    0.189939899    0.535287981
    6.046441441    0.184506312    0.185324258    0.539077409
    6.056450450    0.181786631    0.182548075    0.530745861
    6.066459459    0.182116837    0.182762328    0.513836071
    6.076468468    0.185552346    0.186074267    0.494254983
    6.086477477    0.191172282    0.191624050    0.476519496
    6.096486486    0.197294681    0.197787237    0.462050027
    6.106495495    0.201863723    0.202534699    0.449883036
    6.116504505    0.203200146    0.204118433    0.438116120
    6.126513514    0.200899665    0.201986172    0.425206103
    6.136522523    0.196087967    0.197175653    0.410897275
    6.146531532    0.190610600    0.191582261    0.395967507
    6.156540541    0.185956707    0.186826647    0.381218114
    6.166549550    0.182918779    0.183793241    0.367396601
    6.176558559    0.181839400    0.182780487    0.355578379
    6.186567568    0.182826293    0.183746071    0.346600201
    6.196576577    0.185819960    0.186512719    0.340396201
    6.206585586    0.190636497    0.190922048    0.336554335
    6.216594595    0.196937952    0.196783811    0.335230064
    6.226603604    0.204118017    0.203642875    0.336790718
    6.236612613    0.211337331    0.210697707    0.340449523
    6.246621622    0.217985771    0.217239291    0.343522883
    6.256630631    0.224225366    0.223315888    0.342438559
    6.266639640    0.230822696    0.229708575    0.335142529
    6.276648649    0.238468383    0.237242981    0.322739562
    6.286657658    0.247453433    0.246319753    0.308563837
    6.296666667    0.257652465    0.256778103    0.296048599
    6.306675676    0.268445641    0.267876751    0.287685138
    6.316684685    0.278989528    0.278724215    0.285005229
    6.326693694    0.288918685    0.289005645    0.288643585
    6.336702703    0.298575584    0.299078516    0.298377769
    6.346711712    0.308455041    0.309356054    0.313522231
    6.356720721    0.318807978    0.320010602    0.333883130
    6.366729730    0.329970147    0.331408555    0.360567208
    6.376738739    0.342677931    0.344428820    0.395464033
    6.386747748    0.357721253    0.360005399    0.439511526
    6.396756757    0.375184981    0.378249081    0.490860704
    6.406765766    0.393964266    0.397921138    0.543832693
    6.416774775    0.412208899    0.416891838    0.589522569
    6.426783784    0.428610209    0.433523614    0.618628776
    6.436792793    0.443151087    0.447636667    0.626052161
    6.446801802    0.455774139    0.459339987    0.613969392
    6.456810811    0.464089117    0.466631515    0.589347691
    6.466819820    0.463852806    0.465579606    0.559077311
    6.476828829    0.453066210    0.454216650    0.528211172
    6.486837838    0.434776964    0.435451022    0.500326566
    6.496846847    0.414927338    0.415156444    0.477139208
    6.506855856    0.398597421    0.398465176    0.457853047
    6.516864865    0.388723774    0.388379840    0.440276192
    6.526873874    0.386620315    0.386223262    0.423185312
    6.536882883    0.392085206    0.391749470    0.407144930
    6.546891892    0.403016203    0.402781297    0.393276514
    6.556900901    0.415610291    0.415454356    0.382267289
    6.566909910    0.425583952    0.425489286    0.374373711
    6.576918919    0.429977641    0.429952317    0.369347438
    6.586927928    0.428318069    0.428320658    0.366216723
    6.596936937    0.422466040    0.422383082    0.363808592
    6.606945946    0.415971412    0.415706706    0.361610603
    6.616954955    0.412993905    0.412532899    0.359626123
    6.626963964    0.416508286    0.415912680    0.357390754
    6.636972973    0.426910712    0.426291937    0.353641611
    6.646981982    0.441884707    0.441367392    0.346991035
    6.656990991    0.457323591    0.457017881    0.336918679
    6.667000000    0.468822942    0.468855257    0.324569063
    6.677009009    0.473541276    0.474086276    0.312567224
    6.687018018    0.471781139    0.472952843    0.303682912
    6.697027027    0.466408205    0.468037945    0.299569488
    6.707036036    0.460147260    0.461729439    0.300379128
    6.717045045    0.453827246    0.454808828    0.304796701
    6.727054054    0.446651672    0.446793318    0.310163228
    6.737063063    0.437486493    0.436919421    0.313504521
    6.747072072    0.426480138    0.425520326    0.313607903
    6.757081081    0.415318231    0.414328946    0.311815344
    6.767090090    0.405719286    0.405045870    0.310138213
    6.777099099    0.398276732    0.398154779    0.308941427
    6.787108108    0.392656362    0.393101114    0.306812806
    6.797117117    0.388409135    0.389194126    0.302488482
    6.807126126    0.385449171    0.386258100    0.296243295
    6.817135135    0.383848418    0.384465076    0.289333252
    6.827144144    0.383354549    0.383710873    0.283111536
    6.837153153    0.383356690    0.383471563    0.279013783
    6.847162162    0.383423461    0.383363050    0.278737995
    6.857171171    0.383749338    0.383642583    0.283934304
    6.867180180    0.384741199    0.384759223    0.295568698
    6.877189189    0.386341693    0.386573151    0.313402674
    6.887198198    0.388351669    0.388730555    0.335617306
    6.897207207    0.391265910    0.391714196    0.358493277
    6.907216216    0.396400640    0.396991991    0.376957983
    6.917225225    0.405259712    0.406195990    0.387047000
    6.927234234    0.418615641    0.420071308    0.388617312
    6.937243243    0.435521818    0.437453637    0.385186697
    6.947252252    0.452812277    0.454867291    0.381225365
    6.957261261    0.466234886    0.467929543    0.379271746
    6.967270270    0.472849794    0.473945524    0.378271432
    6.977279279    0.472048829    0.472742614    0.374362946
    6.987288288    0.464185792    0.464871690    0.364386136
    6.997297297    0.449144258    0.450027103    0.349242684
    7.007306306    0.427025816    0.428050124    0.333257606
    7.017315315    0.399687364    0.400745216    0.320504030
    7.027324324    0.370460313    0.371532570    0.312242393
    7.037333333    0.342628619    0.343765475    0.307027967
    7.047342342    0.318659237    0.319902823    0.302553720
    7.057351351    0.300133265    0.301470411    0.297626860
    7.067360360    0.287722333    0.289092282    0.292831676
    7.077369369    0.281225314    0.282551541    0.289766311
    7.087378378    0.279771789    0.280994955    0.289866425
    7.097387387    0.282138718    0.283249618    0.293741935
    7.107396396    0.286912966    0.287952275    0.300918974
    7.117405405    0.292423491    0.293429984    0.309539474
    7.127414414    0.297047234    0.298015900    0.316694625
    7.137423423    0.300183460    0.301060638    0.320133540
    7.147432432    0.302877021    0.303550059    0.319989302
    7.157441441    0.307166134    0.307477630    0.318362257
    7.167450450    0.314907795    0.314739842    0.317491633
    7.177459459    0.326948222    0.326305042    0.318973535
    7.187468468    0.342521824    0.341550951    0.324039916
    7.197477477    0.359120183    0.358096833    0.333154371
    7.207486486    0.373491218    0.372744991    0.344694695
    7.217495495    0.383286893    0.383046042    0.354425275
    7.227504505    0.387757684    0.388056270    0.357544800
    7.237513514    0.387238957    0.388035351    0.352405900
    7.247522523    0.382793988    0.384140398    0.341708056
    7.257531532    0.376293650    0.378277571    0.329568232
    7.267540541    0.369902682    0.372454864    0.318363229
    7.277549550    0.365037147    0.367942045    0.308462431
    7.287558559    0.361950198    0.365012746    0.299716573
    7.297567568    0.360148784    0.363282407    0.292158707
    7.307576577    0.358762661    0.361970946    0.285416967
    7.317585586    0.356417364    0.359715345    0.278398709
    7.327594595    0.351591530    0.354927031    0.270058602
    7.337603604    0.343933931    0.347182632    0.260332035
    7.347612613    0.334973783    0.338007289    0.250354463
    7.357621622    0.327208878    0.329942697    0.241964605
    7.367630631    0.322657963    0.325019063    0.236858525
    7.377639640    0.322122028    0.324004100    0.236015377
    7.387648649    0.325280331    0.326573572    0.239633199
    7.397657658    0.331166537    0.331836189    0.247345072
    7.407666667    0.338502987    0.338641426    0.258473243
    7.417675676    0.345596409    0.345425562    0.272141879
    7.427684685    0.350328426    0.350151605    0.287394887
    7.437693694    0.351046132    0.351139729    0.303416505
    7.447702703    0.347726360    0.348197389    0.319128509
    7.457711712    0.342139899    0.342856519    0.332097695
    7.467720721    0.336979044    0.337671089    0.338820378
    7.477729730    0.334666385    0.335109536    0.337261849
    7.487738739    0.336328602    0.336462090    0.328532189
    7.497747748    0.341295564    0.341228926    0.315621139
    7.507756757    0.347632706    0.347543003    0.301536483
    7.517765766    0.353658879    0.353640190    0.288375272
    7.527774775    0.358941953    0.358960391    0.276790050
    7.537783784    0.363563082    0.363542575    0.266190827
    7.547792793    0.367170332    0.367059192    0.255988026
    7.557801802    0.369630614    0.369365726    0.246659229
    7.567810811    0.372172059    0.371617604    0.239535698
    7.577819820    0.376930933    0.375917117    0.235880406
    7.587828829    0.385332339    0.383774497    0.236327787
    7.597837838    0.397183293    0.395167070    0.240934000
    7.607846847    0.410897551    0.408719536    0.249444466
    7.617855856    0.424082417    0.422221678    0.261446711
    7.627864865    0.434253428    0.433143239    0.276438209
    7.637873874    0.439731588    0.439488274    0.293944843
    7.647882883    0.440012616    0.440467691    0.313413195
    7.657891892    0.435432196    0.436368651    0.333562154
    7.667900901    0.427288659    0.428535858    0.352160204
    7.677909910    0.418293178    0.419685496    0.367442151
    7.687918919    0.411756433    0.413147248    0.379865991
    7.697927928    0.409917937    0.411209875    0.391779474
    7.707936937    0.412924649    0.414041097    0.405230039
    7.717945946    0.418617251    0.419480122    0.420039418
    7.727954955    0.423072335    0.423646675    0.433478629
    7.737963964    0.422316123    0.422675167    0.441669728
    7.747972973    0.414600806    0.414889945    0.441828198
    7.757981982    0.401409747    0.401733744    0.433802914
    7.767990991    0.386117952    0.386513557    0.419760360
    7.778000000    0.371509179    0.372013031    0.402697709
    7.788009009    0.358515830    0.359213605    0.385720239
    7.798018018    0.347030842    0.348016433    0.371954857
    7.808027027    0.337329204    0.338614918    0.363940811
    7.818036036    0.330386864    0.331888922    0.363084507
    7.828045045    0.327170694    0.328779920    0.369978008
    7.838054054    0.327973249    0.329603177    0.385094879
    7.848063063    0.332341585    0.333933428    0.408806178
    7.858072072    0.339395205    0.340919256    0.440271102
    7.868081081    0.347920496    0.349381713    0.476048136
    7.878090090    0.356049223    0.357475548    0.509883638
    7.888099099    0.361474501    0.362823922    0.534332742
    7.898108108    0.362908255    0.363937744    0.543705648
    7.908117117    0.361282486    0.361613089    0.537504029
    7.918126126    0.358894989    0.358298668    0.521623247
    7.928135135    0.357578750    0.356142749    0.504692511
    7.938144144    0.357957184    0.355968682    0.493095775
    7.948153153    0.359966421    0.357679923    0.489390061
    7.958162162    0.363827172    0.361294077    0.493555855
    7.968171171    0.370426038    0.367536231    0.504480927
    7.978180180    0.380599887    0.377298491    0.520724334
    7.988189189    0.394169453    0.390616385    0.540626500
    7.998198198    0.409855256    0.406400252    0.561891192
    8.008207207    0.426023903    0.423047383    0.580801216
    8.018216216    0.441235482    0.438956131    0.592362665
    8.028225225    0.454153280    0.452506046    0.592887145
    8.038234234    0.463378864    0.462062165    0.582737225
    8.048243243    0.467829983    0.466509800    0.566355702
    8.058252252    0.467665352    0.466183795    0.550217736
    8.068261261    0.464945998    0.463398998    0.539977582
    8.078270270    0.462784469    0.461496365    0.538050850
    8.088279279    0.463502730    0.462939510    0.542717011
    8.098288288    0.467646874    0.468219707    0.548828729
    8.108297297    0.474146518    0.475935642    0.550031213
    8.118306306    0.481057507    0.483681233    0.541959082
    8.128315315    0.486815485    0.489687690    0.524323890
    8.138324324    0.491594348    0.494359844    0.499832240
    8.148333333    0.497638805    0.500306410    0.471905400
    8.158342342    0.508162466    0.510903058    0.444182096
    8.168351351    0.525593633    0.528511798    0.420477873
    8.178360360    0.549775512    0.552782405    0.403744831
    8.188369369    0.576871737    0.579690364    0.395331200
    8.198378378    0.600637558    0.603038032    0.395247723
    8.208387387    0.616518376    0.618651039    0.402825501
    8.218396396    0.624889663    0.627255833    0.417071656
    8.228405405    0.629436220    0.632408822    0.436090118
    8.238414414    0.632718180    0.636187483    0.455821709
    8.248423423    0.633833173    0.637343129    0.470081402
    8.258432432    0.630018502    0.633138517    0.473538458
    8.268441441    0.620593132    0.623167955    0.465543901
    8.278450450    0.609211355    0.611354668    0.450173779
    8.288459459    0.601967284    0.603889014    0.432333364
    8.298468468    0.604186990    0.606041202    0.414603299
    8.308477477    0.618581228    0.620416555    0.397226710
    8.318486486    0.644153820    0.645917354    0.379724737
    8.328495495    0.675456315    0.677035580    0.362211353
    8.338504505    0.703157829    0.704503666    0.345838169
    8.348513514    0.717558835    0.718744367    0.332438110
    8.358522523    0.714486598    0.715538725    0.323672653
    8.368531532    0.697944995    0.698699453    0.320414753
    8.378540541    0.676188992    0.676431606    0.322657937
    8.388549550    0.655941223    0.655669480    0.329575023
    8.398558559    0.639771422    0.639265409    0.339560866
    8.408567568    0.627005006    0.626614102    0.350303171
    8.418576577    0.616289355    0.616181394    0.359105873
    8.428585586    0.607600326    0.607716809    0.363921050
    8.438594595    0.602022262    0.602176533    0.364742382
    8.448603604    0.599691341    0.599691603    0.363952595
    8.458612613    0.598246994    0.598008315    0.365124955
    8.468621622    0.594003082    0.593607344    0.371390408
    8.478630631    0.585272530    0.584919722    0.384156066
    8.488639640    0.574059661    0.573887081    0.402139395
    8.498648649    0.564079026    0.563966094    0.421146766
    8.508657658    0.557699344    0.557310236    0.435813374
    8.518666667    0.554914086    0.554060570    0.443320593
    8.528675676    0.554561396    0.553587323    0.445529956
    8.538684685    0.556006442    0.555789511    0.446550894
    8.548693694    0.559741750    0.561234835    0.448576225
    8.558702703    0.566583243    0.570194968    0.450240007
    8.568711712    0.576220183    0.581468982    0.448327114
    8.578720721    0.586135230    0.591896867    0.440745230
    8.588729730    0.592220929    0.597382447    0.427932528
    8.598738739    0.591744691    0.595695723    0.412395205
    8.608747748    0.585694601    0.588356714    0.397916914
    8.618756757    0.577200116    0.578826973    0.388493161
    8.628765766    0.568273268    0.569326719    0.386985836
    8.638774775    0.559096249    0.560156866    0.394363133
    8.648783784    0.549790433    0.551389637    0.409734691
    8.658792793    0.541470741    0.543928121    0.430844237
    8.668801802    0.535486785    0.538849457    0.454758218
    8.678810811    0.532309675    0.536334582    0.478349043
    8.688819820    0.531323869    0.535527964    0.498426340
    8.698828829    0.531952948    0.535795573    0.512620781
    8.708837838    0.534982291    0.538046740    0.521135115
    8.718846847    0.542170759    0.544222394    0.526808093
    8.728855856    0.554230942    0.555213342    0.532578035
    8.738864865    0.569095684    0.569159536    0.538854493
    8.748873874    0.582360359    0.581817157    0.543208804
    8.758882883    0.590129003    0.589228709    0.542373965
    8.768891892    0.591150800    0.590005215    0.534301060
    8.778900901    0.585503765    0.584293020    0.518731063
    8.788909910    0.572356602    0.571360047    0.497159520
    8.798918919    0.550449605    0.549826048    0.472639088
    8.808927928    0.520570261    0.520270415    0.448548241
    8.818936937    0.486574777    0.486434350    0.427022921
    8.828945946    0.453637206    0.453490280    0.408704366
    8.838954955    0.425810144    0.425564173    0.393957716
    8.848963964    0.405000167    0.404661184    0.383951072
    8.858972973    0.391324775    0.390974808    0.380149415
    8.868981982    0.384047257    0.383784476    0.383012228
    8.878990991    0.382465290    0.382332379    0.391255254
    8.889000000    0.386116817    0.386059186    0.401802938
    8.899009009    0.394340131    0.394224099    0.410497987
    8.909018018    0.405950475    0.405626432    0.414177874
    8.919027027    0.419629465    0.418978225    0.413079016
    8.929036036    0.434976023    0.433909768    0.410455216
    8.939045045    0.452876887    0.451366631    0.409391632
    8.949054054    0.474094502    0.472238961    0.410736814
    8.959063063    0.497601291    0.495594795    0.413845921
    8.969072072    0.520452846    0.518420212    0.417914795
    8.979081081    0.539003091    0.536947344    0.421964181
    8.989090090    0.550689239    0.548652663    0.424571199
    8.999099099    0.555320112    0.553511225    0.424931624
    9.009108108    0.554517651    0.553234652    0.424163428
    9.019117117    0.550047325    0.549506761    0.424740491
    9.029126126    0.542751829    0.543033694    0.428521236
    9.039135135    0.532418819    0.533513169    0.435586896
    9.049144144    0.518775050    0.520573895    0.445066881
    9.059153153    0.502958210    0.505182096    0.456817562
    9.069162162    0.487767854    0.489944674    0.471862123
    9.079171171    0.476431202    0.478030809    0.491444571
    9.089180180    0.471122495    0.471788879    0.515885199
    9.099189189    0.472265698    0.471983459    0.543742506
    9.109198198    0.478760436    0.477840825    0.571564863
    9.119207207    0.488526664    0.487414868    0.594243598
    9.129216216    0.498579028    0.497653263    0.605623712
    9.139225225    0.505143526    0.504646597    0.600231507
    9.149234234    0.505496854    0.505531946    0.577031373
    9.159243243    0.500872817    0.501372113    0.541958816
    9.169252252    0.496570411    0.497275845    0.504769473
    9.179261261    0.498575797    0.499063742    0.473305312
    9.189270270    0.510569279    0.510331930    0.450891059
    9.199279279    0.533077726    0.531682149    0.436767474
    9.209288288    0.563559850    0.560830134    0.427124940
    9.219297297    0.596879337    0.593047301    0.416562969
    9.229306306    0.627319234    0.623086118    0.400909735
    9.239315315    0.652253933    0.648587474    0.379861624
    9.249324324    0.673712997    0.671365082    0.356558490
    9.259333333    0.695479574    0.694567947    0.334688249
    9.269342342    0.719432062    0.719433645    0.316386118
    9.279351351    0.744227460    0.744393765    0.302317994
    9.289360360    0.765382480    0.765178867    0.292678794
    9.299369369    0.776350225    0.775532877    0.287660367
    9.309378378    0.771720481    0.770176144    0.287261235
    9.319387387    0.751232522    0.748957133    0.290913594
    9.329396396    0.720321999    0.717597887    0.297417963
    9.339405405    0.686146431    0.683639946    0.305491655
    9.349414414    0.653608638    0.652108107    0.314601939
    9.359423423    0.624681886    0.624712500    0.325287073
    9.369432432    0.600194391    0.601880296    0.338661960
    9.379441441    0.581253231    0.584334315    0.355540241
    9.389450450    0.568740890    0.572667362    0.375778536
    9.399459459    0.562327794    0.566516544    0.398232242
    9.409468468    0.560537608    0.564617492    0.420936450
    9.419477477    0.561426701    0.565250254    0.440962887
    9.429486486    0.563239491    0.566794431    0.454762263
    9.439495495    0.565259651    0.568673553    0.459666568
    9.449504505    0.568447047    0.572010851    0.455055913
    9.459513514    0.574894883    0.579025249    0.442080737
    9.469522523    0.586512923    0.591611662    0.423054951
    9.479531532    0.603514216    0.609616006    0.401040925
    9.489540541    0.622977243    0.629339330    0.378981948
    9.499549550    0.638600236    0.643748470    0.359070663
    9.509558559    0.643044682    0.645588935    0.342962902
    9.519567568    0.632430857    0.632032590    0.331832927
    9.529576577    0.609143938    0.606639490    0.326088590
    9.539585586    0.580002844    0.576720023    0.325516971
    9.549594595    0.552008960    0.549050749    0.329656667
    9.559603604    0.529321028    0.527223509    0.337797597
    9.569612613    0.512660917    0.511495027    0.348830001
    9.579621622    0.500639236    0.500451602    0.361488550
    9.589630631    0.491747512    0.492790267    0.374692169
    9.599639640    0.485186496    0.487528887    0.387279552
    9.609648649    0.480098758    0.483250798    0.397630289
    9.619657658    0.475384377    0.478661539    0.404478093
    9.629666667    0.471264690    0.474452916    0.408602469
    9.639675676    0.470296826    0.473737197    0.412982475
    9.649684685    0.476123991    0.480298821    0.420426908
    9.659693694    0.491614432    0.496840212    0.430968976
    9.669702703    0.518075067    0.524432719    0.441560693
    9.679711712    0.555321357    0.562639081    0.448345751
    9.689720721    0.602024548    0.609844911    0.449383981
    9.699729730    0.656002814    0.663617213    0.445348045
    9.709738739    0.713917324    0.720546658    0.438499925
    9.719747748    0.770042138    0.775050513    0.431666769
    9.729756757    0.814984784    0.817947791    0.427499793
    9.739765766    0.837072177    0.837920616    0.427701066
    9.749774775    0.828935123    0.828334251    0.432606009
    9.759783784    0.794873552    0.794246974    0.441024320
    9.769792793    0.749051249    0.749898587    0.450041519
    9.779801802    0.705675692    0.708819871    0.455466210
    9.789810811    0.672118989    0.677424262    0.453140207
    9.799819820    0.648566432    0.655107879    0.440907790
    9.809828829    0.630842904    0.637391044    0.420636380
    9.819837838    0.614235689    0.619835966    0.397801612
    9.829846847    0.597167914    0.601484922    0.378178122
    9.839855856    0.582070546    0.585292166    0.364876594
    9.849864865    0.572656953    0.575153245    0.357723377
    9.859873874    0.570910229    0.572996726    0.354425143
    9.869882883    0.576531732    0.578448474    0.352446107
    9.879891892    0.588446144    0.590448933    0.350511927
    9.889900901    0.606298668    0.608665512    0.348991857
    9.899909910    0.630294207    0.633187095    0.349375169
    9.909918919    0.660079273    0.663404180    0.353412041
    9.919927928    0.694547245    0.697917036    0.362034762
    9.929936937    0.732488266    0.735291357    0.374471965
    9.939945946    0.772530146    0.774060098    0.388646039
    9.949954955    0.812437945    0.812036966    0.402954816
    9.959963964    0.849310310    0.846592095    0.417408614
    9.969972973    0.880435555    0.875588113    0.432663407
    9.979981982    0.903492175    0.897393743    0.448798605
    9.989990991    0.917597996    0.911586557    0.465362739
   10.000000000    0.925858228    0.921268610    0.481419943
