# energy grid [eV]     epsi_x  epsi_y  epsi_z
#
    0.00100000055092.79230446455882.950947086    3.427432838
    0.011009009 5255.777022367 5368.332400018    1.406480692
    0.021018018 2710.503146542 2771.635274366    1.494037002
    0.031027027 1761.070536849 1800.963658232    1.716318383
    0.041036036 1257.383117916 1285.625823403    2.052277741
    0.051045045  944.724927064  965.585007633    2.484664766
    0.061054054  733.702239255  749.491855339    3.014339783
    0.071063063  584.203241897  596.351281858    3.651577955
    0.081072072  474.980686247  484.466645176    4.409878857
    0.091081081  393.225988667  400.773491019    5.301070187
    0.101090090  330.567287263  336.707097259    6.331391209
    0.111099099  281.592619078  286.674247109    7.495471592
    0.121108108  242.972679499  247.211608123    8.764703148
    0.131117117  212.369929392  215.929393864   10.089809160
    0.141126126  187.532963283  190.574188029   11.452834028
    0.151135135  166.184482781  168.855722121   12.935560419
    0.161144144  146.682718487  149.076119029   14.704958282
    0.171153153  128.580538668  130.721150076   16.903640736
    0.181162162  112.262932398  114.146820455   19.517697891
    0.191171171   98.145549316   99.776852384   22.257376283
    0.201180180   86.284058478   87.683526266   24.520848758
    0.211189189   76.448124435   77.646261738   25.625204403
    0.221198198   68.333117791   69.361901906   25.292390975
    0.231207207   61.694933842   62.582326749   23.868534352
    0.241216216   56.364924219   57.132763573   21.961348370
    0.251225225   52.217758794   52.882160596   19.999223168
    0.261234234   49.155437860   49.728136645   18.174018129
    0.271243243   47.108530802   47.598204176   16.608282308
    0.281252252   46.036545847   46.450040188   15.431770702
    0.291261261   45.917008323   46.260728954   14.732717407
    0.301270270   46.720958715   47.002286705   14.503561794
    0.311279279   48.387789284   48.614845002   14.620089861
    0.321288288   50.837850830   51.014429723   14.849083202
    0.331297297   54.045762662   54.161798196   14.910825130
    0.341306306   58.098675798   58.123682850   14.606239584
    0.351315315   63.132581289   63.015528495   13.929629200
    0.361324324   69.185046850   68.856548624   13.040211119
    0.371333333   76.099340303   75.484870111   12.105301855
    0.381342342   83.514612000   82.575448149   11.188891725
    0.391351351   90.878216815   89.664990253   10.269719970
    0.401360360   97.418152774   96.105349259    9.326670023
    0.411369369  101.924650451  100.812603592    8.397743132
    0.421378378  102.640959736  102.067592589    7.562346708
    0.431387387   98.197275298   98.328189647    6.889816348
    0.441396396   89.057148943   89.758407577    6.417055530
    0.451405405   77.420481975   78.394575948    6.156158074
    0.461414414   65.647454744   66.643732859    6.105297611
    0.471423423   55.162683763   56.052951675    6.248554544
    0.481432432   46.443475444   47.191441602    6.540773916
    0.491441441   39.429187860   40.043032797    6.882232104
    0.501450450   33.856525949   34.358925319    7.111726037
    0.511459459   29.436207234   29.850820161    7.066976029
    0.521468468   25.924217536   26.270963033    6.697653549
    0.531477477   23.133012033   23.426377908    6.102939965
    0.541486486   20.911601685   21.159319782    5.438585889
    0.551495495   19.119638564   19.322198102    4.813380982
    0.561504505   17.615528393   17.769167532    4.265688921
    0.571513514   16.273991240   16.378005477    3.794876420
    0.581522523   15.025202328   15.087527103    3.395479355
    0.591531532   13.870243192   13.904535944    3.068692409
    0.601540541   12.848108814   12.866275894    2.817601468
    0.611549550   11.992260592   12.000600061    2.642167459
    0.621558559   11.313228510   11.313197311    2.538429799
    0.631567568   10.801676179   10.792052789    2.498006440
    0.641576577   10.437201633   10.415695286    2.504958979
    0.651585586   10.200885897   10.164852997    2.532022494
    0.661594595   10.089804091   10.036433023    2.544131539
    0.671603604   10.119002961   10.045925134    2.514884757
    0.681612613   10.301090389   10.208750849    2.443029424
    0.691621622   10.611812213   10.508601608    2.348220402
    0.701630631   10.955405984   10.863943676    2.249289141
    0.711639640   11.157301535   11.113252996    2.147082986
    0.721648649   11.030311325   11.063280646    2.026941643
    0.731657658   10.501638593   10.610602142    1.877614578
    0.741666667    9.672055973    9.826748892    1.705998204
    0.751675676    8.730464699    8.896219452    1.531784417
    0.761684685    7.832777088    7.987874179    1.372696259
    0.771693694    7.057118890    7.193478952    1.237334990
    0.781702703    6.422265490    6.539659420    1.126650878
    0.791711712    5.917756093    6.019001058    1.037595626
    0.801720721    5.523778082    5.612281562    0.965751386
    0.811729730    5.221459907    5.300366302    0.906981464
    0.821738739    4.997825783    5.069946841    0.858499417
    0.831747748    4.846649738    4.914653404    0.819015439
    0.841756757    4.766430621    4.833086193    0.788046015
    0.851765766    4.758440619    4.826839965    0.765270335
    0.861774775    4.826741591    4.900282283    0.750365363
    0.871783784    4.979933403    5.061937304    0.743101353
    0.881792793    5.232306661    5.325684769    0.743458979
    0.891801802    5.600783183    5.708067010    0.751703420
    0.901810811    6.095070126    6.218007168    0.768427068
    0.911819820    6.699245963    6.836693553    0.794578160
    0.921828829    7.345634137    7.489419367    0.831492076
    0.931837838    7.896915735    8.028347973    0.880975451
    0.941846847    8.176400962    8.270902917    0.945553253
    0.951855856    8.068757083    8.111756908    1.028939334
    0.961864865    7.614324764    7.612550750    1.136527346
    0.971873874    6.981565390    6.954750406    1.275564571
    0.981882883    6.350371959    6.316151659    1.454862465
    0.991891892    5.834846293    5.802737315    1.683708685
    1.001900901    5.479810617    5.453021229    1.968697605
    1.011909910    5.283457744    5.262275002    2.306164471
    1.021918919    5.209753154    5.193867940    2.668735998
    1.031927928    5.187522394    5.176992424    2.991983757
    1.041936937    5.117495295    5.112481443    3.182754146
    1.051945946    4.913583174    4.913519988    3.168927883
    1.061954955    4.559458849    4.562918526    2.956667336
    1.071963964    4.113721775    4.119162085    2.625339735
    1.081972973    3.655897266    3.662234085    2.266657223
    1.091981982    3.239878576    3.246494820    1.939801536
    1.101990991    2.886648484    2.893200001    1.667903124
    1.112000000    2.596761346    2.603025314    1.452603073
    1.122009009    2.362508843    2.368302201    1.286917163
    1.132018018    2.174614752    2.179754090    1.162089875
    1.142027027    2.024930228    2.029213239    1.070295036
    1.152036036    1.907138806    1.910343398    1.005306984
    1.162045045    1.816609012    1.818521780    0.962332057
    1.172054054    1.749829468    1.750332019    0.937559379
    1.182063063    1.703504319    1.702753930    0.927833143
    1.192072072    1.673356157    1.672048693    0.930894274
    1.202081081    1.653102074    1.652605116    0.946175836
    1.212090090    1.634900561    1.636801497    0.975196284
    1.222099099    1.612013778    1.617097590    1.020941917
    1.232108108    1.580788011    1.588583560    1.087037375
    1.242117117    1.539167761    1.548589891    1.177487323
    1.252126126    1.486003061    1.495960959    1.296782383
    1.262135135    1.423993317    1.433498771    1.449650909
    1.272144144    1.360258342    1.368590371    1.639829498
    1.282153153    1.302035631    1.308939294    1.868423654
    1.292162162    1.253253470    1.258828345    2.134617128
    1.302171171    1.215092319    1.219435159    2.440717504
    1.312180180    1.187891271    1.190896091    2.794918324
    1.322189189    1.171208182    1.172764272    3.199099862
    1.332198198    1.161917947    1.162275847    3.621629229
    1.342207207    1.152646234    1.152583192    3.975891770
    1.352216216    1.133491064    1.134008328    4.140435737
    1.362225225    1.097991356    1.099655743    4.036783409
    1.372234234    1.047986977    1.050642867    3.696476158
    1.382243243    0.991282592    0.994461123    3.231619404
    1.392252252    0.935671931    0.939048227    2.752395183
    1.402261261    0.885789404    0.889247291    2.322945933
    1.412270270    0.843287447    0.846799785    1.965332182
    1.422279279    0.808087223    0.811638378    1.678385427
    1.432288288    0.779401908    0.782971355    1.452112463
    1.442297297    0.756284109    0.759850694    1.274962302
    1.452306306    0.737852427    0.741397531    1.136634793
    1.462315315    0.723399408    0.726903123    1.028828580
    1.472324324    0.712485124    0.715919377    0.945181532
    1.482333333    0.704982022    0.708310077    0.880960421
    1.492342342    0.701031401    0.704212881    0.832725478
    1.502351351    0.700972062    0.703963627    0.798044945
    1.512360360    0.705306030    0.708055871    0.775272698
    1.522369369    0.714715060    0.717155182    0.763386718
    1.532378378    0.730110994    0.732148119    0.761902901
    1.542387387    0.752693345    0.754197045    0.770899659
    1.552396396    0.783999193    0.784789562    0.791126285
    1.562405405    0.825952767    0.825799264    0.824026178
    1.572414414    0.880908139    0.879557705    0.871507673
    1.582423423    0.951513399    0.948766383    0.935375029
    1.592432432    1.039933524    1.035813271    1.016209466
    1.602441441    1.145801965    1.140905569    1.111507233
    1.612450450    1.262486681    1.258502300    1.213711025
    1.622459459    1.373058328    1.372973925    1.310359209
    1.632468468    1.451687482    1.458687347    1.388873919
    1.642477477    1.476545782    1.491643873    1.444946054
    1.652486486    1.446349654    1.467318594    1.488159001
    1.662495495    1.380943136    1.404068666    1.538230734
    1.672504505    1.304971275    1.327459692    1.614245068
    1.682513514    1.234953017    1.256015340    1.725716927
    1.692522523    1.178914954    1.199471503    1.868105293
    1.702531532    1.140363233    1.161852655    2.020119476
    1.712540541    1.119864307    1.142891892    2.145251993
    1.722549550    1.114610783    1.137942486    2.206583501
    1.732558559    1.117359074    1.137545397    2.191034537
    1.742567568    1.116662673    1.129170673    2.115692052
    1.752576577    1.101052833    1.103290008    2.008221485
    1.762585586    1.066021009    1.059589010    1.890088023
    1.772594595    1.017028988    1.006286387    1.777123561
    1.782603604    0.964605039    0.953513359    1.683317439
    1.792612613    0.917225540    0.907842753    1.618651769
    1.802621622    0.878579857    0.871383445    1.586303344
    1.812630631    0.848986008    0.843718716    1.583028373
    1.822639640    0.827697002    0.824001290    1.602272723
    1.832648649    0.814585102    0.812307411    1.639562597
    1.842657658    0.811028473    0.810246809    1.696459655
    1.852666667    0.819598222    0.820476151    1.777875828
    1.862675676    0.842897893    0.845553846    1.885019494
    1.872684685    0.882420422    0.886883879    2.011377082
    1.882693694    0.937227908    0.943395621    2.146124985
    1.892702703    1.001853220    1.009376538    2.281972574
    1.902711712    1.064548018    1.072738085    2.417818386
    1.912720721    1.109977575    1.118005170    2.555953310
    1.922729730    1.128830154    1.136311665    2.704905192
    1.932738739    1.126203625    1.133571248    2.885156503
    1.942747748    1.117726580    1.125883806    3.125838621
    1.952756757    1.118172110    1.127918157    3.455730038
    1.962765766    1.134495129    1.146228321    3.896116299
    1.972774775    1.165884514    1.179520309    4.452116008
    1.982783784    1.207627657    1.222512899    5.097101007
    1.992792793    1.254549963    1.269271789    5.754490168
    2.002801802    1.300271268    1.312669034    6.297609582
    2.012810811    1.335442560    1.343641391    6.594082424
    2.022819820    1.352435753    1.356727866    6.586468335
    2.032828829    1.353752179    1.356989747    6.339915601
    2.042837838    1.352359334    1.357905548    5.994580560
    2.052846847    1.362403668    1.371959309    5.671682689
    2.062855856    1.389777969    1.402535060    5.428760831
    2.072864865    1.428185265    1.441013271    5.279559209
    2.082873874    1.461772213    1.470574598    5.225249900
    2.092882883    1.474661485    1.476761233    5.253812720
    2.102891892    1.461095336    1.456585271    5.320679592
    2.112900901    1.426011611    1.416890275    5.348957230
    2.122909910    1.378842392    1.367797036    5.260526164
    2.132918919    1.330011677    1.319765710    5.016170812
    2.142927928    1.289959094    1.282607454    4.637700717
    2.152936937    1.267955753    1.264598720    4.193921084
    2.162945946    1.271113898    1.272100173    3.755821624
    2.172954955    1.304096738    1.309458927    3.362920380
    2.182963964    1.369477244    1.379177582    3.025746418
    2.192972973    1.468121406    1.482088260    2.744201370
    2.202981982    1.598584931    1.616615870    2.516684757
    2.212990991    1.754756262    1.776261150    2.339893549
    2.223000000    1.922819337    1.946485744    2.208784871
    2.233009009    2.082787937    2.106611453    2.117408889
    2.243018018    2.218876209    2.240689294    2.058984808
    2.253027027    2.329038167    2.346829251    2.026293767
    2.263036036    2.419389543    2.431350077    2.012994709
    2.273045045    2.492300896    2.497594693    2.016635275
    2.283054054    2.547873691    2.547845408    2.041726256
    2.293063063    2.595544928    2.593601696    2.097932533
    2.303072072    2.656704979    2.656516249    2.194194742
    2.313081081    2.754580015    2.758240908    2.334408437
    2.323090090    2.903702187    2.911340514    2.515385379
    2.333099099    3.104718614    3.115203746    2.722828266
    2.343108108    3.339660388    3.350766443    2.925275846
    2.353117117    3.566601594    3.574373346    3.078954480
    2.363126126    3.724729140    3.724369589    3.155058479
    2.373135135    3.764531882    3.754013124    3.167213383
    2.383144144    3.688006931    3.670444686    3.163035837
    2.393153153    3.550294167    3.531475676    3.191384286
    2.403162162    3.416534784    3.401084168    3.283867028
    2.413171171    3.323703359    3.313671111    3.457966368
    2.423180180    3.272343536    3.267265249    3.725205013
    2.433189189    3.236987534    3.234219661    4.094231742
    2.443198198    3.187029967    3.183095162    4.569961031
    2.453207207    3.108844079    3.101910547    5.150786762
    2.463216216    3.010805638    3.001822909    5.820477197
    2.473225225    2.909731546    2.900455084    6.529418914
    2.483234234    2.813945885    2.804102764    7.176221164
    2.493243243    2.714110046    2.700944700    7.623238242
    2.503252252    2.589824105    2.570608102    7.760932382
    2.513261261    2.430251341    2.405287683    7.576710446
    2.523270270    2.247986043    2.220870138    7.160437262
    2.533279279    2.069811207    2.044864130    6.636457807
    2.543288288    1.917093201    1.897083731    6.090842899
    2.553297297    1.796577697    1.782364900    5.550200024
    2.563306306    1.704916341    1.696213520    5.006696784
    2.573315315    1.638516801    1.634813948    4.460667317
    2.583324324    1.599276403    1.600408141    3.940011606
    2.593333333    1.592719196    1.598948872    3.481945445
    2.603342342    1.623069666    1.634967667    3.109789408
    2.613351351    1.689916543    1.708205974    2.828143100
    2.623360360    1.787075549    1.812310182    2.629356543
    2.633369369    1.903836573    1.935886463    2.500187909
    2.643378378    2.029165605    2.067043201    2.426028331
    2.653387387    2.157197837    2.199630512    2.394496110
    2.663396396    2.288648367    2.334234073    2.397996088
    2.673405405    2.422381484    2.468076440    2.431320462
    2.683414414    2.542963762    2.582513310    2.484994619
    2.693423423    2.620921142    2.646060336    2.540884162
    2.703432432    2.631949562    2.636824974    2.573742873
    2.713441441    2.578730230    2.563932502    2.559771880
    2.723450450    2.492723267    2.464481233    2.490981300
    2.733459459    2.415393317    2.381189679    2.383997774
    2.743468468    2.377082932    2.342394676    2.270135190
    2.753477477    2.385564221    2.353422864    2.175176931
    2.763486486    2.425523299    2.397441905    2.108675268
    2.773495495    2.469305004    2.445838437    2.067517216
    2.783504505    2.495618831    2.476392253    2.045928160
    2.793513514    2.499855802    2.484019754    2.042488857
    2.803522523    2.486603768    2.473470266    2.060160345
    2.813531532    2.458262436    2.447179392    2.103313690
    2.823540541    2.409008344    2.398937085    2.174216135
    2.833549550    2.324937843    2.314349528    2.268262237
    2.843558559    2.195485731    2.182747702    2.373095145
    2.853567568    2.026617599    2.011141472    2.477682979
    2.863576577    1.840122923    1.823174077    2.583822241
    2.873585586    1.662010933    1.645794469    2.703801239
    2.883594595    1.511516250    1.497726398    2.846620504
    2.893603604    1.397438134    1.386822632    3.013016161
    2.903612613    1.320703223    1.313351686    3.204971459
    2.913621622    1.277696409    1.273281985    3.431345845
    2.923630631    1.261499287    1.259363670    3.697060394
    2.933639640    1.262472917    1.261813089    3.990815289
    2.943648649    1.269953891    1.270183235    4.287769370
    2.953657658    1.274181564    1.275233685    4.561274743
    2.963666667    1.267814117    1.270028055    4.787945325
    2.973675676    1.248678000    1.252234922    4.944929902
    2.983684685    1.222165874    1.226645862    5.014374261
    2.993693694    1.198200756    1.202646215    4.992958414
    3.003702703    1.184563980    1.187816551    4.890707280
    3.013711712    1.183133652    1.184200696    4.726891996
    3.023720721    1.189871280    1.188219774    4.535544767
    3.033729730    1.195973439    1.191668560    4.366446378
    3.043738739    1.191257270    1.185070184    4.269478838
    3.053747748    1.171344691    1.164708450    4.276157982
    3.063756757    1.141709359    1.136072604    4.390149700
    3.073765766    1.111526744    1.107374158    4.583537549
    3.083774775    1.084172427    1.080608680    4.796011794
    3.093783784    1.054879448    1.050310994    4.947841556
    3.103792793    1.017292532    1.010990493    4.981459059
    3.113801802    0.972021459    0.965044671    4.906365830
    3.123810811    0.927582900    0.921883740    4.793291569
    3.133819820    0.893725769    0.890639646    4.724303098
    3.143828829    0.875412183    0.874927382    4.750629585
    3.153837838    0.871192014    0.872051298    4.876947696
    3.163846847    0.874820931    0.875313149    5.064824795
    3.173855856    0.879102921    0.878248261    5.250561507
    3.183864865    0.879678031    0.877703195    5.370452060
    3.193873874    0.875652107    0.873328918    5.380343821
    3.203882883    0.868414205    0.866355594    5.264382887
    3.213891892    0.861321372    0.859952677    5.038724182
    3.223900901    0.859193889    0.858908425    4.749754129
    3.233909910    0.866061713    0.866932482    4.452517353
    3.243918919    0.882180798    0.883580899    4.176062760
    3.253927928    0.903249591    0.904135001    3.911569290
    3.263936937    0.923355430    0.923078939    3.637692343
    3.273945946    0.938920739    0.937545810    3.352172238
    3.283954955    0.949860764    0.947653228    3.073757482
    3.293963964    0.958638940    0.955589485    2.823686361
    3.303972973    0.969028980    0.965012695    2.615081206
    3.313981982    0.984999784    0.980322355    2.454306885
    3.323990991    1.010493115    1.005918773    2.344346822
    3.334000000    1.048935500    1.045051989    2.284578308
    3.344009009    1.101677037    1.098589177    2.269035097
    3.354018018    1.167953511    1.165649669    2.288652246
    3.364027027    1.246865758    1.245645881    2.338336870
    3.374036036    1.336036348    1.336495806    2.420589092
    3.384045045    1.425157437    1.427755439    2.537797833
    3.394054054    1.493994742    1.498379266    2.678952209
    3.404063063    1.523571148    1.528129641    2.813836749
    3.414072072    1.510698670    1.513223249    2.901669160
    3.424081081    1.467245257    1.466499582    2.910277746
    3.434090090    1.406566253    1.403217596    2.834721621
    3.444099099    1.334178646    1.330164175    2.701001503
    3.454108108    1.249852488    1.246821109    2.547662995
    3.464117117    1.156098858    1.154463488    2.403541967
    3.474126126    1.061373325    1.060652668    2.282996660
    3.484135135    0.974429576    0.974056203    2.193591385
    3.494144144    0.899322967    0.899052483    2.141898150
    3.504153153    0.836291006    0.836124072    2.132784343
    3.514162162    0.783969279    0.783789525    2.164039054
    3.524171171    0.739501849    0.738834963    2.220996015
    3.534180180    0.698949375    0.697154945    2.276560604
    3.544189189    0.659526479    0.656202789    2.299832895
    3.554198198    0.621187129    0.616442757    2.272185625
    3.564207207    0.586143103    0.580584697    2.200416859
    3.574216216    0.557418926    0.551803792    2.110617882
    3.584225225    0.537482929    0.532342681    2.025791836
    3.594234234    0.527624510    0.523173373    1.950484980
    3.604243243    0.528088120    0.524321612    1.875625592
    3.614252252    0.538246532    0.535028796    1.796165365
    3.624261261    0.556246034    0.553330698    1.721637986
    3.634270270    0.578522680    0.575581457    1.669752606
    3.644279279    0.600757620    0.597509565    1.655208637
    3.654288288    0.620891814    0.617266606    1.685017117
    3.664297297    0.641018012    0.637142337    1.758190631
    3.674306306    0.664965890    0.661005373    1.865012026
    3.684315315    0.694175342    0.690296274    1.985240871
    3.694324324    0.725827726    0.722282443    2.087835494
    3.704333333    0.753775182    0.750843197    2.137123494
    3.714342342    0.771592164    0.769292345    2.108999417
    3.724351351    0.776051206    0.774057732    2.006689335
    3.734360360    0.767676567    0.765789423    1.857945176
    3.744369369    0.748204349    0.746728177    1.697107418
    3.754378378    0.719068999    0.718518081    1.550710238
    3.764387387    0.683301300    0.683910113    1.433704013
    3.774396396    0.647066874    0.648737501    1.351973464
    3.784405405    0.617363889    0.619959476    1.306392217
    3.794414414    0.599078140    0.602615340    1.296134948
    3.804423423    0.594590561    0.599188779    1.320603895
    3.814432432    0.604975018    0.610721762    1.380200226
    3.824441441    0.630987855    0.637880204    1.476361574
    3.834450450    0.673165388    0.681063197    1.610762925
    3.844459459    0.730857884    0.739269117    1.782555952
    3.854468468    0.800131519    0.807905931    1.982934468
    3.864477477    0.871763229    0.877237560    2.190657490
    3.874486486    0.932879638    0.934967819    2.377673237
    3.884495495    0.974246630    0.973529492    2.527389343
    3.894504505    0.996364501    0.994449138    2.645216956
    3.904513514    1.005721395    1.003567044    2.742147557
    3.914522523    1.006705266    1.003941891    2.810666545
    3.924531532    0.999857250    0.995458664    2.823445798
    3.934540541    0.986419519    0.979926343    2.757540462
    3.944549550    0.971992483    0.964068721    2.621075783
    3.954558559    0.963678836    0.955567479    2.452248261
    3.964567568    0.963116589    0.955979120    2.291013171
    3.974576577    0.963158087    0.957901512    2.157206629
    3.984585586    0.952439545    0.949648495    2.052653565
    3.994594595    0.924744263    0.924450296    1.975919422
    4.004603604    0.884193249    0.885795751    1.932028441
    4.014612613    0.841276529    0.843907928    1.931003989
    4.024621622    0.805281968    0.808321516    1.981833159
    4.034630631    0.780731911    0.784019175    2.087849399
    4.044639640    0.768581807    0.772334601    2.243493565
    4.054648649    0.768120582    0.772827985    2.432115359
    4.064657658    0.777140899    0.783383437    2.627743845
    4.074666667    0.791871706    0.799703766    2.802240725
    4.084675676    0.808292529    0.816609756    2.930199574
    4.094684685    0.823833144    0.830948462    2.987852903
    4.104693694    0.838674617    0.843832712    2.960330961
    4.114702703    0.856593454    0.860507433    2.854506214
    4.124711712    0.883685300    0.887689590    2.694052750
    4.134720721    0.925084969    0.930238410    2.505910843
    4.144729730    0.982264017    0.989079413    2.316925219
    4.154738739    1.052454992    1.060951214    2.151334288
    4.164747748    1.130119421    1.139852057    2.023880470
    4.174756757    1.208508115    1.218505574    1.936102094
    4.184765766    1.278859828    1.287666360    1.878714549
    4.194774775    1.328687141    1.334862238    1.839245669
    4.204783784    1.345035132    1.347901775    1.810691259
    4.214792793    1.324097765    1.324070484    1.794176079
    4.224801802    1.277301016    1.275606547    1.795056997
    4.234810811    1.225346986    1.223366808    1.817871775
    4.244819820    1.185964933    1.184610674    1.862083624
    4.254828829    1.166031231    1.165518423    1.919075137
    4.264837838    1.160932671    1.160948857    1.973912073
    4.274846847    1.159049972    1.159183530    2.012821472
    4.284855856    1.149971371    1.150164011    2.030343910
    4.294864865    1.132362511    1.133023752    2.030459061
    4.304873874    1.114348513    1.116150484    2.021169513
    4.314882883    1.106327617    1.110015779    2.007294401
    4.324891892    1.114581908    1.120792130    1.990455720
    4.334900901    1.140242241    1.149171716    1.973265164
    4.344909910    1.180576369    1.191704708    1.956128984
    4.354918919    1.230147233    1.242133050    1.932022892
    4.364927928    1.283564392    1.294219503    1.892790631
    4.374936937    1.338439568    1.345114379    1.840833181
    4.384945946    1.393775622    1.394474745    1.788614617
    4.394954955    1.445803099    1.440278509    1.747877663
    4.404963964    1.487142889    1.477124968    1.723688919
    4.414972973    1.510315122    1.499003954    1.716427156
    4.424981982    1.512427541    1.503271405    1.724053105
    4.434990991    1.497704820    1.493027151    1.741098472
    4.445000000    1.476360068    1.476917578    1.760075092
    4.455009009    1.461108415    1.466396542    1.778969070
    4.465018018    1.463822893    1.472627144    1.807225872
    4.475027027    1.491832434    1.502883957    1.861743702
    4.485036036    1.544052588    1.556160319    1.957276620
    4.495045045    1.609854548    1.621325020    2.099642952
    4.505054054    1.671544736    1.679891108    2.281982396
    4.515063063    1.709006525    1.711933540    2.481442525
    4.525072072    1.705511345    1.702604187    2.657412987
    4.535081081    1.652946668    1.646212304    2.758986104
    4.545090090    1.555366077    1.547786358    2.749529579
    4.555099099    1.428550930    1.422293486    2.630877949
    4.565108108    1.292426687    1.288340668    2.437164345
    4.575117117    1.162563390    1.160527667    2.208896212
    4.585126126    1.048057866    1.047459071    1.977908449
    4.595135135    0.953472847    0.953637853    1.766565089
    4.605144144    0.880545408    0.880995944    1.589259850
    4.615153153    0.829149627    0.829650576    1.452661109
    4.625162162    0.798194532    0.798677386    1.357278412
    4.635171171    0.786105309    0.786550508    1.300064264
    4.645180180    0.790401117    0.790743952    1.275938419
    4.655189189    0.806669427    0.806751726    1.277703220
    4.665198198    0.828227630    0.827808079    1.295824605
    4.675207207    0.848420924    0.847268856    1.320579282
    4.685216216    0.865076429    0.863111081    1.347033613
    4.695225225    0.882232112    0.879624332    1.377953199
    4.705234234    0.906586192    0.903840035    1.419806449
    4.715243243    0.942711583    0.940737213    1.475933025
    4.725252252    0.990868395    0.990800436    1.544871387
    4.735261261    1.047430091    1.049937944    1.624526881
    4.745270270    1.106440216    1.110979957    1.714261276
    4.755279279    1.161275503    1.166399111    1.810925179
    4.765288288    1.207185293    1.211999894    1.907654309
    4.775297297    1.244937839    1.250012790    2.001453613
    4.785306306    1.280630557    1.287232186    2.098271792
    4.795315315    1.319038483    1.327733718    2.205857505
    4.805324324    1.358479226    1.368622342    2.325643654
    4.815333333    1.394071867    1.404462719    2.453882618
    4.825342342    1.423913918    1.433673520    2.581815987
    4.835351351    1.448441078    1.457182559    2.688356525
    4.845360360    1.465500885    1.473202646    2.743648947
    4.855369369    1.471071940    1.478083241    2.733944604
    4.865378378    1.463662760    1.470366369    2.678668058
    4.875387387    1.444890997    1.451269403    2.614846122
    4.885396396    1.418256456    1.424134300    2.570805755
    4.895405405    1.388864613    1.394426231    2.553460801
    4.905414414    1.361563448    1.367338389    2.546503903
    4.915423423    1.338656606    1.344890043    2.517259667
    4.925432432    1.320447332    1.326328323    2.437714821
    4.935441441    1.307569079    1.311553510    2.308745157
    4.945450450    1.302942853    1.304416164    2.160286602
    4.955459459    1.312404619    1.312527837    2.027631138
    4.965468468    1.342523464    1.343183930    1.932202756
    4.975477477    1.396255814    1.398835550    1.878016799
    4.985486486    1.470772431    1.475962408    1.856690661
    4.995495495    1.560481644    1.568533478    1.856163561
    5.005504505    1.662833712    1.673455930    1.869929676
    5.015513514    1.779892570    1.792160102    1.899944295
    5.025522523    1.912025769    1.924848419    1.951218308
    5.035531532    2.048385436    2.061066916    2.025700809
    5.045540541    2.163850814    2.176161542    2.119629846
    5.055549550    2.231567816    2.243431978    2.220454298
    5.065558559    2.243860505    2.255128051    2.305433338
    5.075567568    2.216263172    2.226664305    2.350675625
    5.085576577    2.170999147    2.180007386    2.347404425
    5.095585586    2.123624374    2.130453391    2.308314388
    5.105594595    2.083046342    2.086902782    2.257732262
    5.115603604    2.054441717    2.054491307    2.216757423
    5.125612613    2.036225122    2.031659903    2.192509825
    5.135621622    2.017440405    2.008439112    2.175570697
    5.145630631    1.983116092    1.971622301    2.147487957
    5.155639640    1.924344736    1.913178929    2.094358980
    5.165648649    1.845515130    1.836566137    2.017573113
    5.175657658    1.760846124    1.754053864    1.931399930
    5.185666667    1.682962824    1.676841741    1.850336434
    5.195675676    1.617222632    1.610368463    1.782283095
    5.205684685    1.564763421    1.556808844    1.731790481
    5.215693694    1.526603758    1.518028554    1.704534142
    5.225702703    1.505899718    1.497623206    1.708005273
    5.235711712    1.508593768    1.501674080    1.749695877
    5.245720721    1.540970692    1.536246537    1.833674956
    5.255729730    1.605357959    1.603274802    1.955904455
    5.265738739    1.696701492    1.697375577    2.099552152
    5.275747748    1.801803783    1.805105518    2.234735738
    5.285756757    1.904262813    1.909868368    2.330231967
    5.295765766    1.995108361    2.002674487    2.373184259
    5.305774775    2.079186064    2.088460962    2.375655877
    5.315783784    2.168272122    2.178834548    2.359794591
    5.325792793    2.268349618    2.279425167    2.340315647
    5.335801802    2.375468203    2.386161135    2.321495777
    5.345810811    2.483490517    2.493065881    2.305285337
    5.355819820    2.592870714    2.600763578    2.295850418
    5.365828829    2.708397586    2.714079643    2.292240997
    5.375837838    2.831730600    2.835111706    2.279318643
    5.385846847    2.963643759    2.965928010    2.235838948
    5.395855856    3.110170982    3.113626011    2.156742674
    5.405864865    3.276748904    3.283048828    2.060415331
    5.415873874    3.454254363    3.463139567    1.971508231
    5.425882883    3.613272775    3.622834773    1.904363119
    5.435891892    3.717748577    3.726098700    1.861791947
    5.445900901    3.751065732    3.757806162    1.840976075
    5.455909910    3.726730823    3.732861606    1.837662852
    5.465918919    3.673847569    3.680725364    1.848438256
    5.475927928    3.620075307    3.628871446    1.872375452
    5.485936937    3.582776140    3.594492058    1.909823242
    5.495945946    3.564130740    3.579316396    1.957969408
    5.505954955    3.553609756    3.571691377    2.007589170
    5.515963964    3.536208939    3.554860961    2.046194337
    5.525972973    3.496024963    3.511395964    2.066777347
    5.535981982    3.417176173    3.425793217    2.071397935
    5.545990991    3.294212785    3.295207838    2.065427898
    5.556000000    3.141142552    3.136137504    2.053154375
    5.566009009    2.979099148    2.970301360    2.037147796
    5.576018018    2.817782871    2.806911599    2.016070068
    5.586027027    2.657375305    2.645849384    1.986607887
    5.596036036    2.504657445    2.493843525    1.950736581
    5.606045045    2.376972206    2.367972547    1.917419132
    5.616054054    2.290798617    2.284224911    1.898331215
    5.626063063    2.252386944    2.248338112    1.905582472
    5.636072072    2.257110499    2.255036052    1.950194089
    5.646081081    2.292345652    2.290804734    2.037902167
    5.656090090    2.340370034    2.337378809    2.164315725
    5.666099099    2.383838048    2.378205806    2.312799367
    5.676108108    2.414172390    2.406787615    2.456768799
    5.686117117    2.432795148    2.426243893    2.565052966
    5.696126126    2.442961315    2.439706067    2.609940758
    5.706135135    2.445987728    2.446843504    2.581231558
    5.716144144    2.444845886    2.448991741    2.497504993
    5.726153153    2.445204816    2.451270340    2.397739510
    5.736162162    2.450742218    2.457412712    2.321037931
    5.746171171    2.458003992    2.463886240    2.293855268
    5.756180180    2.458057596    2.461750772    2.327769018
    5.766189189    2.444111559    2.444934070    2.421186559
    5.776198198    2.417495722    2.416321228    2.562163329
    5.786207207    2.388205654    2.387207873    2.735004570
    5.796216216    2.368709063    2.369765994    2.928934438
    5.806225225    2.364195875    2.367347542    3.136597912
    5.816234234    2.368442674    2.371696940    3.340606585
    5.826243243    2.370717426    2.371412128    3.511628293
    5.836252252    2.368245502    2.365012294    3.631143112
    5.846261261    2.370848379    2.364303533    3.707761995
    5.856270270    2.393290937    2.384869469    3.756591919
    5.866279279    2.445902058    2.436712856    3.770166187
    5.876288288    2.532324538    2.523378650    3.723637771
    5.886297297    2.652050952    2.644825414    3.605892311
    5.896306306    2.804012224    2.800064467    3.435827792
    5.906315315    2.990850531    2.990889368    3.251065836
    5.916324324    3.217749496    3.221371467    3.086681096
    5.926333333    3.480095310    3.486328767    2.957195908
    5.936342342    3.750077270    3.758021699    2.851527126
    5.946351351    3.978608117    3.988205496    2.746827929
    5.956360360    4.117635355    4.130372398    2.629511230
    5.966369369    4.147728144    4.165364996    2.502403096
    5.976378378    4.086598641    4.108220763    2.375518797
    5.986387387    3.973754728    3.995526382    2.255409169
    5.996396396    3.847628919    3.866032000    2.142191592
    6.006405405    3.734207799    3.748367346    2.032292820
    6.016414414    3.651567736    3.662544153    1.922916352
    6.026423423    3.617152008    3.625994566    1.815987516
    6.036432432    3.645995761    3.652728677    1.718880078
    6.046441441    3.740546630    3.744608066    1.640424459
    6.056450450    3.880354285    3.881780280    1.586027936
    6.066459459    4.021548116    4.021694940    1.555673412
    6.076468468    4.113597484    4.114494299    1.543984286
    6.086477477    4.127648161    4.130513625    1.542093109
    6.096486486    4.073344275    4.077647977    1.541474403
    6.106495495    3.989767055    3.993337585    1.537343471
    6.116504505    3.922989982    3.923276117    1.529726813
    6.126513514    3.908468577    3.904203288    1.522488939
    6.136522523    3.963136303    3.954964503    1.520404363
    6.146531532    4.084636585    4.074467026    1.526156945
    6.156540541    4.256587618    4.245768957    1.540889501
    6.166549550    4.455263517    4.442379832    1.566166941
    6.176558559    4.651814809    4.633396247    1.602401538
    6.186567568    4.814080910    4.789496388    1.646349650
    6.196576577    4.914015323    4.889086494    1.693311629
    6.206585586    4.936552146    4.920058362    1.740883797
    6.216594595    4.885069288    4.881516874    1.786678742
    6.226603604    4.782060303    4.789095440    1.822926089
    6.236612613    4.660564082    4.673061584    1.838675419
    6.246621622    4.545353742    4.560584046    1.830616932
    6.256630631    4.438322295    4.456661963    1.810048924
    6.266639640    4.324851739    4.346456667    1.797500021
    6.276648649    4.192634589    4.214665528    1.812215787
    6.286657658    4.040667554    4.058612318    1.866473204
    6.296666667    3.877653629    3.888980453    1.965751923
    6.306675676    3.718489866    3.723677949    2.108850617
    6.316684685    3.575852431    3.576106041    2.283237816
    6.326693694    3.451516231    3.447065693    2.460110810
    6.336702703    3.338395256    3.329256725    2.600849240
    6.346711712    3.229864424    3.217009917    2.675916369
    6.356720721    3.123356982    3.108337560    2.673803451
    6.366729730    3.015988502    2.999695158    2.591103106
    6.376738739    2.902594871    2.884622733    2.431678154
    6.386747748    2.780256549    2.759558649    2.219106724
    6.396756757    2.653177721    2.629262534    1.992007297
    6.406765766    2.531453817    2.504922578    1.783281397
    6.416774775    2.424133687    2.396543819    1.609208615
    6.426783784    2.333099509    2.306653794    1.473169381
    6.436792793    2.253360567    2.230296875    1.372372983
    6.446801802    2.180700266    2.162251678    1.301176557
    6.456810811    2.119943764    2.105729290    1.252972652
    6.466819820    2.083697889    2.072324387    1.222377426
    6.476828829    2.083244616    2.073456235    1.205900569
    6.486837838    2.121488686    2.112853895    1.200146522
    6.496846847    2.191363454    2.184258304    1.199995501
    6.506855856    2.277513578    2.272578303    1.200284688
    6.516864865    2.358293283    2.355747072    1.199837632
    6.526873874    2.408540053    2.407846366    1.201850003
    6.536882883    2.409960976    2.410106235    1.209696628
    6.546891892    2.365026815    2.365227172    1.224067178
    6.556900901    2.295941615    2.295984275    1.243627989
    6.566909910    2.229011660    2.228888441    1.265825817
    6.576918919    2.182217569    2.181806401    1.286736686
    6.586927928    2.163103285    2.162405964    1.302687192
    6.596936937    2.171618202    2.171052467    1.312945306
    6.606945946    2.199912375    2.200162628    1.318905392
    6.616954955    2.229324023    2.230935227    1.320546732
    6.626963964    2.235029023    2.238030409    1.315924255
    6.636972973    2.201716040    2.205530617    1.304394910
    6.646981982    2.134681371    2.138536753    1.289016362
    6.656990991    2.053316103    2.056722793    1.276496847
    6.667000000    1.977538130    1.980205910    1.275359663
    6.677009009    1.920203031    1.921617697    1.292432622
    6.687018018    1.884770595    1.884092528    1.329271212
    6.697027027    1.866062335    1.862728825    1.380433952
    6.707036036    1.855343575    1.849986402    1.434090812
    6.717045045    1.846597965    1.841067429    1.475525594
    6.727054054    1.839460561    1.835671858    1.494967458
    6.737063063    1.838697230    1.837676609    1.495625597
    6.747072072    1.849703957    1.851665297    1.490933912
    6.757081081    1.872917762    1.877524388    1.491875892
    6.767090090    1.903442783    1.909685380    1.498575186
    6.777099099    1.935453233    1.941669598    1.503831320
    6.787108108    1.965988846    1.970503591    1.503967254
    6.797117117    1.994822153    1.996920918    1.504210838
    6.807126126    2.021673991    2.021941336    1.513359624
    6.817135135    2.044632632    2.044290187    1.537927796
    6.827144144    2.061962627    2.062057680    1.582387416
    6.837153153    2.074716263    2.075891251    1.650490638
    6.847162162    2.086065567    2.088672915    1.742277771
    6.857171171    2.097492686    2.101490702    1.847247909
    6.867180180    2.107322250    2.112017146    1.940336463
    6.877189189    2.114570830    2.119005435    1.989705665
    6.887198198    2.121081755    2.124987962    1.975750184
    6.897207207    2.127511324    2.131312102    1.905314796
    6.907216216    2.128811934    2.132538370    1.806615304
    6.917225225    2.114364403    2.117019766    1.710341671
    6.927234234    2.073359471    2.073506819    1.635140929
    6.937243243    2.003182221    2.000295489    1.585253862
    6.947252252    1.913828186    1.909025637    1.553750132
    6.957261261    1.821730241    1.817007599    1.526610172
    6.967270270    1.738851927    1.735767162    1.490869070
    6.977279279    1.668543165    1.667472035    1.445010176
    6.987288288    1.609342710    1.609617525    1.400412483
    6.997297297    1.560876109    1.561631830    1.371772485
    7.007306306    1.526523583    1.527396026    1.367042189
    7.017315315    1.511458540    1.512560045    1.383539385
    7.027324324    1.519976446    1.521531690    1.410323588
    7.037333333    1.555368419    1.557424696    1.436056501
    7.047342342    1.620442505    1.622719924    1.457476974
    7.057351351    1.716028691    1.717942357    1.480283549
    7.067360360    1.838003661    1.838863870    1.512647827
    7.077369369    1.975286667    1.974616132    1.558424338
    7.087378378    2.111359227    2.109201976    1.613952255
    7.097387387    2.229343224    2.226191227    1.668549184
    7.107396396    2.317657912    2.313873519    1.707610383
    7.117405405    2.375461538    2.370980249    1.720014090
    7.127414414    2.415028058    2.409646849    1.707686086
    7.137423423    2.454307281    2.447929160    1.685700596
    7.147432432    2.502944580    2.495916781    1.670660470
    7.157441441    2.553962271    2.547703397    1.670536358
    7.167450450    2.586573973    2.583423815    1.684375483
    7.177459459    2.578015546    2.579757772    1.706696784
    7.187468468    2.520264313    2.526813231    1.727832097
    7.197477477    2.428079242    2.437679184    1.732164120
    7.207486486    2.327378383    2.337796957    1.704980589
    7.217495495    2.237936778    2.247590412    1.646420779
    7.227504505    2.168232496    2.176684130    1.574186818
    7.237513514    2.120532137    2.128071618    1.509949697
    7.247522523    2.095389795    2.101982364    1.466000381
    7.257531532    2.090997952    2.095715109    1.442578950
    7.267540541    2.101135533    2.102879781    1.433252547
    7.277549550    2.116748111    2.115248291    1.432223400
    7.287558559    2.130205630    2.125975666    1.437119265
    7.297567568    2.137477746    2.131162413    1.445968257
    7.307576577    2.137508223    2.129404917    1.455017776
    7.317585586    2.133349875    2.123347741    1.461895779
    7.327594595    2.134391310    2.122218273    1.469579161
    7.337603604    2.152989622    2.138445142    1.486094987
    7.347612613    2.196767029    2.179772810    1.521466696
    7.357621622    2.263298152    2.243878158    1.584063318
    7.367630631    2.339926693    2.318452871    1.676943964
    7.377639640    2.408698590    2.386455721    1.795250095
    7.387648649    2.454352388    2.433623803    1.925478357
    7.397657658    2.469986303    2.453107899    2.047987895
    7.407666667    2.457184916    2.445364663    2.142674390
    7.417675676    2.424595894    2.417425044    2.195616110
    7.427684685    2.387295481    2.383069401    2.203414447
    7.437693694    2.362581328    2.359040371    2.170111978
    7.447702703    2.363144335    2.358250635    2.101290524
    7.457711712    2.392890642    2.385615682    2.006982808
    7.467720721    2.445208666    2.436068694    1.905913418
    7.477729730    2.502887853    2.493696548    1.818147892
    7.487738739    2.544084454    2.536756458    1.755414145
    7.497747748    2.556166427    2.551254851    1.720686509
    7.507756757    2.544566667    2.541062139    1.712462726
    7.517765766    2.523632448    2.520307019    1.726344332
    7.527774775    2.501867486    2.498342371    1.756065380
    7.537783784    2.481076540    2.477592645    1.798529798
    7.547792793    2.464692632    2.461482383    1.858695073
    7.557801802    2.457791451    2.455092944    1.947218945
    7.567810811    2.457911176    2.456558183    2.072729142
    7.577819820    2.451501905    2.453036102    2.234913288
    7.587828829    2.423338418    2.429032270    2.421357864
    7.597837838    2.368610091    2.378403274    2.608555392
    7.607846847    2.294799914    2.307123281    2.766987150
    7.617855856    2.215308981    2.227635293    2.870340837
    7.627864865    2.142879965    2.152943658    2.905444989
    7.637873874    2.085663811    2.092564860    2.874559947
    7.647882883    2.047151344    2.051218864    2.790136804
    7.657891892    2.029235795    2.031071644    2.673114076
    7.667900901    2.033320023    2.033236675    2.551049731
    7.677909910    2.056383922    2.054582890    2.446072084
    7.687918919    2.087093240    2.083925143    2.363210321
    7.697927928    2.108292548    2.104250932    2.291391438
    7.707936937    2.105701391    2.101421003    2.215024662
    7.717945946    2.077096272    2.073336088    2.127222580
    7.727954955    2.034323273    2.031711687    2.034437577
    7.737963964    1.995865944    1.994570122    1.950151446
    7.747972973    1.977351569    1.977083471    1.886417738
    7.757981982    1.986499572    1.986881085    1.850216915
    7.767990991    2.022302388    2.023151188    1.844219498
    7.778000000    2.077997901    2.079246132    1.869852382
    7.788009009    2.147638073    2.148945533    1.928621351
    7.798018018    2.230643404    2.231079395    2.018240337
    7.808027027    2.328236575    2.326535877    2.127008513
    7.818036036    2.435571702    2.430818473    2.232703606
    7.828045045    2.538528264    2.530543080    2.307253028
    7.838054054    2.618995771    2.608288784    2.324040190
    7.848063063    2.664281758    2.651815587    2.268324978
    7.858072072    2.671902522    2.658670405    2.149532799
    7.868081081    2.648668406    2.635235382    1.999478284
    7.878090090    2.610021395    2.596258929    1.852721988
    7.888099099    2.577211990    2.562750870    1.731613923
    7.898108108    2.567496624    2.553001328    1.646707785
    7.908117117    2.584447195    2.572409613    1.601716590
    7.918126126    2.617879632    2.611507956    1.594475100
    7.928135135    2.653005815    2.653974894    1.615797716
    7.938144144    2.679739373    2.687250327    1.650610343
    7.948153153    2.694421977    2.706496318    1.682391689
    7.958162162    2.693529150    2.709077895    1.698117698
    7.968171171    2.668747413    2.687905243    1.690963674
    7.978180180    2.613174292    2.635487471    1.660142183
    7.988189189    2.531293795    2.554538355    1.609013205
    7.998198198    2.437468972    2.458678164    1.543412055
    8.008207207    2.345657610    2.362739732    1.471432391
    8.018216216    2.264254382    2.276763306    1.403329905
    8.028225225    2.197989306    2.207015849    1.348625692
    8.038234234    2.150592177    2.158034081    1.313032147
    8.048243243    2.124932290    2.132564192    1.297995268
    8.058252252    2.120691440    2.129475512    1.300191510
    8.068261261    2.131050866    2.140772885    1.310225127
    8.078270270    2.143055145    2.152124581    1.314319147
    8.088279279    2.144183398    2.149942806    1.301104176
    8.098288288    2.129456836    2.129564614    1.268774695
    8.108297297    2.103078388    2.097220680    1.225254083
    8.118306306    2.074393719    2.064581373    1.181822522
    8.128315315    2.050936467    2.039869434    1.146937995
    8.138324324    2.032355020    2.021563735    1.124737968
    8.148333333    2.009094853    1.998595471    1.117746578
    8.158342342    1.967779853    1.957083489    1.129125032
    8.168351351    1.901341633    1.890503730    1.161336672
    8.178360360    1.816886087    1.806716816    1.213397413
    8.188369369    1.732478081    1.723930267    1.279434401
    8.198378378    1.664897345    1.658268934    1.348945327
    8.208387387    1.620375289    1.614961404    1.408418682
    8.218396396    1.594213445    1.588660014    1.443619725
    8.228405405    1.576809119    1.570068763    1.443385519
    8.238414414    1.561639127    1.553729237    1.406693809
    8.248423423    1.549898800    1.541648340    1.346401896
    8.258432432    1.548321767    1.540574915    1.282121292
    8.268441441    1.562058185    1.555206332    1.229145236
    8.278450450    1.587948389    1.581915981    1.193362476
    8.288459459    1.612885875    1.607349325    1.172865225
    8.298468468    1.618513960    1.613212532    1.162631948
    8.308477477    1.591332461    1.586276735    1.159071676
    8.318486486    1.532841768    1.528269633    1.162158316
    8.328495495    1.459075795    1.455211944    1.175100464
    8.338504505    1.389802586    1.386596060    1.202741922
    8.348513514    1.339213289    1.336347162    1.249113468
    8.358522523    1.313041915    1.310241829    1.314731369
    8.368531532    1.309650853    1.306978003    1.394886026
    8.378540541    1.322401939    1.320289966    1.479282447
    8.388549550    1.342576749    1.341506790    1.553926670
    8.398558559    1.363092043    1.363087183    1.606259330
    8.408567568    1.381386023    1.381919555    1.631285271
    8.418576577    1.398579462    1.399035458    1.634885282
    8.428585586    1.415244223    1.415326638    1.631606588
    8.438594595    1.428363838    1.428188935    1.637500421
    8.448603604    1.433601035    1.433585975    1.662491377
    8.458612613    1.431279465    1.431864798    1.705578472
    8.468621622    1.428639701    1.430002970    1.752910371
    8.478630631    1.434478500    1.436415759    1.781195386
    8.488639640    1.452105789    1.454163626    1.771435967
    8.498648649    1.477341596    1.479331427    1.725135227
    8.508657658    1.502400372    1.505009754    1.663458901
    8.518666667    1.521956310    1.526492974    1.609369481
    8.528675676    1.535479775    1.542501559    1.572718481
    8.538684685    1.544224392    1.552301861    1.548488049
    8.548693694    1.547188748    1.553126098    1.525080578
    8.558702703    1.540558436    1.541271387    1.495754091
    8.568711712    1.521303904    1.516047938    1.463972374
    8.578720721    1.491909586    1.482602177    1.439109094
    8.588729730    1.461301045    1.450713408    1.430290805
    8.598738739    1.439321522    1.429463314    1.444738718
    8.608747748    1.430028927    1.421947421    1.487113033
    8.618756757    1.430784078    1.424966935    1.555789788
    8.628765766    1.437226146    1.433693229    1.638310040
    8.638774775    1.448085589    1.446221513    1.711794390
    8.648783784    1.464433432    1.463024790    1.752684285
    8.658792793    1.485783657    1.483332560    1.750253345
    8.668801802    1.508706302    1.503814329    1.710320642
    8.678810811    1.529005316    1.520853043    1.647398993
    8.688819820    1.545083457    1.533869253    1.577043697
    8.698828829    1.558103424    1.544941957    1.512222075
    8.708837838    1.567330791    1.553781043    1.459702424
    8.718846847    1.566660201    1.554339046    1.417877854
    8.728855856    1.548470879    1.538648121    1.379238294
    8.738864865    1.511919052    1.504978956    1.336647977
    8.748873874    1.465498106    1.460850481    1.288689910
    8.758882883    1.419847054    1.416688359    1.239238176
    8.768891892    1.380176542    1.378141584    1.193369911
    8.778900901    1.346649375    1.345548045    1.155237113
    8.788909910    1.319707234    1.319091354    1.128287041
    8.798918919    1.303374657    1.302679947    1.114916451
    8.808927928    1.304245086    1.303075804    1.115423050
    8.818936937    1.328617451    1.326799987    1.128315911
    8.828945946    1.380290945    1.377863594    1.152486012
    8.838954955    1.459469556    1.456691065    1.188979682
    8.848963964    1.562348585    1.559618875    1.238961459
    8.858972973    1.681530925    1.679133485    1.298669428
    8.868981982    1.807403490    1.805198875    1.356929723
    8.878990991    1.928391723    1.925839738    1.399075111
    8.889000000    2.030246367    2.026945019    1.415774754
    8.899009009    2.099709118    2.095986578    1.410316093
    8.909018018    2.132209140    2.129038634    1.397036626
    8.919027027    2.133914947    2.132323743    1.391001828
    8.929036036    2.112836264    2.113618565    1.398114907
    8.939045045    2.069960687    2.073480820    1.413911263
    8.949054054    2.004092160    2.009812227    1.430501272
    8.959063063    1.921773806    1.928461436    1.443143172
    8.969072072    1.836632674    1.843436742    1.450125967
    8.979081081    1.761802266    1.768687647    1.451029372
    8.989090090    1.704871438    1.712048314    1.448652109
    8.999099099    1.666857408    1.674200644    1.449844983
    9.009108108    1.644408614    1.651370225    1.460760030
    9.019117117    1.633368704    1.639284087    1.481118150
    9.029126126    1.631332224    1.635664146    1.503944980
    9.039135135    1.639275654    1.641549447    1.521663299
    9.049144144    1.661384496    1.661076633    1.531877190
    9.059153153    1.701657625    1.698350520    1.535271010
    9.069162162    1.759282233    1.753223328    1.529763616
    9.079171171    1.825693670    1.818418865    1.509377280
    9.089180180    1.885873478    1.879987465    1.468166837
    9.099189189    1.925074688    1.922743868    1.405103688
    9.109198198    1.936596467    1.938007650    1.325504653
    9.119207207    1.923992907    1.927578806    1.237922022
    9.129216216    1.898958057    1.902857057    1.150954765
    9.139225225    1.878407625    1.881320929    1.072562639
    9.149234234    1.878303636    1.879442607    1.009831834
    9.159243243    1.903683086    1.902647730    0.967528430
    9.169252252    1.941146283    1.938277407    0.946585152
    9.179261261    1.962086545    1.959088395    0.943768278
    9.189270270    1.940045385    1.939656918    0.952082193
    9.199279279    1.870587565    1.874698428    0.961749690
    9.209288288    1.773213026    1.781546701    0.963210355
    9.219297297    1.674723948    1.685478186    0.952449100
    9.229306306    1.592748633    1.603716355    0.933916605
    9.239315315    1.530101517    1.539276396    0.916954371
    9.249324324    1.478964728    1.485047107    0.909796750
    9.259333333    1.429767513    1.432735513    0.916598302
    9.269342342    1.377805830    1.378852893    0.938193500
    9.279351351    1.324116879    1.324722827    0.974545143
    9.289360360    1.273433961    1.274541890    1.026085785
    9.299369369    1.232012090    1.234024912    1.092660595
    9.309378378    1.205474499    1.208684179    1.171276481
    9.319387387    1.196916191    1.201760921    1.255053197
    9.329396396    1.205991022    1.212947818    1.335877511
    9.339405405    1.229614950    1.238744401    1.409445495
    9.349414414    1.263975482    1.274539533    1.476682687
    9.359423423    1.306598300    1.317218289    1.539101475
    9.369432432    1.356247895    1.365292403    1.593124766
    9.379441441    1.410065762    1.416068877    1.629156449
    9.389450450    1.461949830    1.464288571    1.637084955
    9.399459459    1.505243424    1.504475287    1.613010009
    9.409468468    1.536562638    1.533830072    1.560467995
    9.419477477    1.556970153    1.553289020    1.488287076
    9.429486486    1.570719379    1.566781873    1.408298243
    9.439495495    1.582105482    1.578148547    1.331435093
    9.449504505    1.591317971    1.586919660    1.264523113
    9.459513514    1.593039709    1.587089162    1.210846643
    9.469522523    1.579374728    1.570453474    1.172417030
    9.479531532    1.545766660    1.533284392    1.150702262
    9.489540541    1.496468809    1.481737639    1.146409865
    9.499549550    1.444023571    1.429809588    1.160214554
    9.509558559    1.403041400    1.392038700    1.192985538
    9.519567568    1.384361948    1.378209778    1.244046227
    9.529576577    1.393064405    1.392307378    1.309823921
    9.539585586    1.428841052    1.433137447    1.384265061
    9.549594595    1.486422613    1.494601441    1.459188943
    9.559603604    1.556578824    1.566970553    1.524767019
    9.569612613    1.629796602    1.641035270    1.572616083
    9.579621622    1.700926524    1.711913981    1.599337295
    9.589630631    1.769075859    1.777742806    1.605800491
    9.599639640    1.833632257    1.837365262    1.594970520
    9.609648649    1.894730569    1.893031292    1.573121570
    9.619657658    1.956223097    1.951193551    1.550689413
    9.629666667    2.019567674    2.012800963    1.537191528
    9.639675676    2.071560005    2.061819980    1.533354661
    9.649684685    2.084058101    2.068817808    1.528944637
    9.659693694    2.033865497    2.012689148    1.511103999
    9.669702703    1.923941310    1.899532325    1.476542264
    9.679711712    1.780511491    1.756723849    1.433715630
    9.689720721    1.632399241    1.612100060    1.394193726
    9.699729730    1.497552513    1.481954618    1.365663685
    9.709738739    1.383480216    1.372438048    1.351334180
    9.719747748    1.292752602    1.285430258    1.351074126
    9.729756757    1.226997362    1.222566990    1.361111920
    9.739765766    1.188317148    1.186242096    1.373866405
    9.749774775    1.178734528    1.178567091    1.379668811
    9.759783784    1.198355541    1.199306317    1.369815199
    9.769792793    1.243230269    1.243747753    1.340694090
    9.779801802    1.304180858    1.301963616    1.296147977
    9.789810811    1.368634303    1.361619549    1.245523876
    9.799819820    1.426678950    1.414552115    1.200529452
    9.809828829    1.477601144    1.462117869    1.172268467
    9.819837838    1.529419054    1.513112216    1.167929713
    9.829846847    1.589574853    1.574416612    1.188297872
    9.839855856    1.654764316    1.641777492    1.227075275
    9.849864865    1.709814476    1.699296929    1.273308907
    9.859873874    1.738076962    1.729888997    1.317604205
    9.869882883    1.733046437    1.726703623    1.357820524
    9.879891892    1.698150795    1.692805228    1.398652168
    9.889900901    1.639428540    1.634238742    1.446563680
    9.899909910    1.563787344    1.558569023    1.504726784
    9.909918919    1.480335152    1.475690130    1.569111802
    9.919927928    1.397686426    1.394550898    1.627380097
    9.929936937    1.321070015    1.320216551    1.665877461
    9.939945946    1.253285445    1.255078873    1.681038863
    9.949954955    1.196321009    1.200730620    1.679790584
    9.959963964    1.151133608    1.157762624    1.668421373
    9.969972973    1.117537651    1.125578775    1.647297526
    9.979981982    1.095073084    1.103394780    1.615299257
    9.989990991    1.082315967    1.089663166    1.572711014
   10.000000000    1.074551293    1.079761294    1.520622703
