# energy grid [eV]     epsi_x  epsi_y  epsi_z
#
    0.001000000  139.181462263  155.077861542    0.176521747
    0.011009009  323.362850914  366.423502591    1.114431115
    0.021018018  206.272127953  232.121176275    1.345440781
    0.031027027  145.287544807  162.415316574    1.620088754
    0.041036036  111.119393129  123.212027713    1.983628601
    0.051045045   90.596856011   99.422917820    2.433099965
    0.061054054   77.963089163   84.513905156    2.974311443
    0.071063063   70.323919747   75.231917785    3.619740183
    0.081072072   65.930467111   69.653398345    4.384039449
    0.091081081   63.417127846   66.318090292    5.279714129
    0.101090090   61.680930279   64.032568295    6.313433781
    0.111099099   60.186446739   62.148856214    7.480116886
    0.121108108   59.001466856   60.648584390    8.751356780
    0.131117117   58.218558103   59.606320005   10.078021384
    0.141126126   57.358903529   58.566216049   11.442260590
    0.151135135   55.457880015   56.569177111   12.925934309
    0.161144144   51.857947132   52.915423297   14.696069324
    0.171153153   46.857875587   47.847137710   16.895321331
    0.181162162   41.413382785   42.299094813   19.509813056
    0.191171171   36.380676032   37.141781816   22.249816362
    0.201180180   32.158313619   32.795200404   24.513523906
    0.211189189   28.784919226   29.311520077   25.618040468
    0.221198198   26.168400504   26.603115780   25.285326718
    0.231207207   24.233794361   24.593390810   23.861520158
    0.241216216   22.947969513   23.244996741   21.954346237
    0.251225225   22.294874312   22.537698217   19.992206481
    0.261234234   22.265173790   22.459027162   18.166968761
    0.271243243   22.861802284   23.009880281   16.601185110
    0.281252252   24.103663850   24.208167252   15.424609258
    0.291261261   26.017298672   26.080677831   14.725473499
    0.301270270   28.614404849   28.640658650   14.496217108
    0.311279279   31.868266923   31.862610897   14.612627868
    0.321288288   35.727621977   35.691346547   14.841490530
    0.331297297   40.190971379   40.111841729   14.903092205
    0.341306306   45.365645671   45.211293486   14.598360054
    0.351315315   51.404758211   51.122511106   13.921597917
    0.361324324   58.360463110   57.879500606   13.032021785
    0.371333333   66.088501146   65.333037553   12.096945924
    0.381342342   74.238726746   73.168931255   11.180358865
    0.391351351   82.267712993   80.933235966   10.260999132
    0.401360360   89.411423366   87.985881068    9.317750308
    0.411369369   94.466993513   93.249947006    8.388614605
    0.421378378   95.683677666   95.012362207    7.553001145
    0.431387387   91.696907268   91.736310738    6.880247352
    0.441396396   82.974814718   83.590450665    6.407257980
    0.451405405   71.721319062   72.615186376    6.146127449
    0.461414414   60.300133971   61.221139802    6.095029554
    0.471423423   50.138991089   50.958543916    6.238044686
    0.481432432   41.717949933   42.399400098    6.530017905
    0.491441441   34.978807477   35.530011775    6.871225811
    0.501450450   29.660434146   30.103774867    7.100465873
    0.511459459   25.475474457   25.834344317    7.055459100
    0.521468468   22.181632672   22.475708340    6.685877310
    0.531477477   19.592899589   19.836448121    6.090901508
    0.541486486   17.559661117   17.760213008    5.426281483
    0.551495495   15.942802761   16.100663293    4.800806144
    0.561504505   14.601838777   14.713077785    4.252838696
    0.571513514   13.412487296   13.476245987    3.781745640
    0.581522523   12.305823730   12.329895902    3.382062795
    0.591531532   11.283742905   11.281655797    3.054984862
    0.601540541   10.385975786   10.369515914    2.803597742
    0.611549550    9.646650828    9.622005818    2.627862346
    0.621558559    9.076903531    9.045428428    2.523818041
    0.631567568    8.667947974    8.628327126    2.483082696
    0.641576577    8.399883345    8.349738944    2.489717812
    0.651585586    8.254247580    8.190855438    2.516458345
    0.661594595    8.228532942    8.149006712    2.528238660
    0.671603604    8.338167513    8.240069203    2.498657121
    0.681612613    8.596108229    8.479818385    2.426460699
    0.691621622    8.978420889    8.852270192    2.331304044
    0.701630631    9.389636791    9.276188799    2.232018521
    0.711639640    9.655455816    9.590323960    2.129451413
    0.721648649    9.588938893    9.601678577    2.008942276
    0.731657658    9.117517888    9.207059836    1.859240347
    0.741666667    8.342175790    8.478212401    1.687241775
    0.751675676    7.452007590    7.599831407    1.512638199
    0.761684685    6.603104518    6.740958785    1.353152408
    0.771693694    5.873757914    5.993528446    1.217385391
    0.781702703    5.282896612    5.384321704    1.106287114
    0.791711712    4.820202098    4.906068347    1.016808943
    0.801720721    4.465993760    4.539679952    0.944532656
    0.811729730    4.201522576    4.266146155    0.885321177
    0.821738739    4.013926556    4.072273907    0.836387696
    0.831747748    3.897085480    3.951800647    0.796442072
    0.841756757    3.849596594    3.903426322    0.765000440
    0.851765766    3.872823722    3.928838599    0.741741608
    0.861774775    3.970914153    4.032491658    0.726342115
    0.871783784    4.152547446    4.222990472    0.718571747
    0.881792793    4.432088611    4.514290229    0.718410686
    0.891801802    4.826528974    4.923003747    0.726123581
    0.901810811    5.345640673    5.458120066    0.742302266
    0.911819820    5.973562977    6.100889143    0.767894383
    0.921828829    6.642676240    6.776661887    0.804234680
    0.931837838    7.215714861    7.337655712    0.853129110
    0.941846847    7.516039004    7.601344822    0.917101912
    0.951855856    7.428362798    7.462449447    0.999866151
    0.961864865    6.993070893    6.982655000    1.106814622
    0.971873874    6.378666008    6.343469348    1.245193682
    0.981882883    5.765079988    5.722727650    1.423813791
    0.991891892    5.266451185    5.226449732    1.651961567
    1.001900901    4.927636188    4.893184294    1.936230381
    1.011909910    4.746860147    4.718235761    2.272954664
    1.021918919    4.688118956    4.665004384    2.634760724
    1.031927928    4.680266743    4.662711708    2.957220215
    1.041936937    4.624060229    4.612218188    3.147179681
    1.051945946    4.433436121    4.426734637    3.132519076
    1.061954955    4.092091260    4.089095766    2.919398524
    1.071963964    3.658647789    3.657809408    2.587182149
    1.081972973    3.212652395    3.212880498    2.227579089
    1.091981982    2.808018438    2.808689657    1.899768520
    1.101990991    2.465747623    2.466511782    1.626878617
    1.112000000    2.186412104    2.187040632    1.410548196
    1.122009009    1.962320292    1.962624646    1.243790580
    1.132018018    1.784211654    1.784003201    1.117847503
    1.142027027    1.643952046    1.643023491    1.024889695
    1.152036036    1.535238769    1.533363254    0.958688069
    1.162045045    1.453453330    1.450412876    0.914445336
    1.172054054    1.395096837    1.390768618    0.888347198
    1.182063063    1.356885969    1.351422906    0.877235387
    1.192072072    1.334556503    1.328650111    0.878850212
    1.202081081    1.321839180    1.316852718    0.892625716
    1.212090090    1.310904648    1.308421374    0.920079945
    1.222099099    1.295023185    1.295824294    0.964193297
    1.232108108    1.270545291    1.274156168    1.028578612
    1.242117117    1.235418961    1.240751196    1.117226537
    1.252126126    1.188500454    1.194460261    1.234614421
    1.262135135    1.132500799    1.138097475    1.385458205
    1.272144144    1.074558359    1.079069031    1.573481631
    1.282153153    1.021933090    1.025101168    1.799775517
    1.292162162    0.978569439    0.980492303    2.063505925
    1.302171171    0.945648606    0.946419904    2.366958682
    1.312180180    0.923498700    0.923008956    2.718300376
    1.322189189    0.911666045    0.909801293    3.119377929
    1.332198198    0.907019412    0.904027347    3.538517725
    1.342207207    0.902183031    0.898838353    3.889057293
    1.352216216    0.887255641    0.884557177    4.049494129
    1.362225225    0.855777600    0.854289743    3.941310361
    1.372234234    0.809591281    0.809155884    3.596049083
    1.382243243    0.756506697    0.756652255    3.125910764
    1.392252252    0.704327102    0.704726184    2.641304245
    1.402261261    0.657697200    0.658231707    2.206663984
    1.412270270    0.618270740    0.618912687    1.844193126
    1.422279279    0.585954103    0.586687742    1.552548771
    1.432288288    0.559934886    0.560739458    1.321347374
    1.442297297    0.539241111    0.540094714    1.138658774
    1.452306306    0.522976423    0.523859361    0.993920130
    1.462315315    0.510432727    0.511323820    0.878657483
    1.472324324    0.501182120    0.502051316    0.786365856
    1.482333333    0.495103619    0.495910323    0.712154182
    1.492342342    0.492308007    0.493005683    0.652385060
    1.502351351    0.493053186    0.493591501    0.604378904
    1.512360360    0.497730605    0.498051906    0.566192118
    1.522369369    0.506909525    0.506942240    0.536460004
    1.532378378    0.521405384    0.521056321    0.514291109
    1.542387387    0.542360163    0.541506220    0.499199047
    1.552396396    0.571331503    0.569811832    0.491053854
    1.562405405    0.610373193    0.607986098    0.490020667
    1.572414414    0.662044253    0.658561266    0.496417832
    1.582423423    0.729179282    0.724406512    0.510360178
    1.592432432    0.814050801    0.807997881    0.530991464
    1.602441441    0.916302723    0.909539991    0.555264488
    1.612450450    1.029208277    1.023386562    0.577052171
    1.622459459    1.135743374    1.133797565    0.588604442
    1.632468468    1.210198184    1.215239059    0.585144605
    1.642477477    1.231063511    1.244031212    0.568545394
    1.652486486    1.197116274    1.215751885    0.545713336
    1.662495495    1.127572599    1.148184514    0.524078601
    1.672504505    1.045984661    1.065818969    0.508790470
    1.682513514    0.967980986    0.986272111    0.502524692
    1.692522523    0.901377822    0.919058267    0.506457243
    1.702531532    0.850228945    0.868771698    0.521132321
    1.712540541    0.816208217    0.836308470    0.546708502
    1.722549550    0.797943666    0.818507988    0.582414585
    1.732558559    0.789721533    0.807423823    0.625193425
    1.742567568    0.781170246    0.791486033    0.668246351
    1.752576577    0.760942266    0.761132699    0.701846757
    1.762585586    0.723974640    0.715411076    0.718680840
    1.772594595    0.674974913    0.661831580    0.720045890
    1.782603604    0.623667643    0.609861859    0.715009985
    1.792612613    0.577936997    0.565621743    0.713105815
    1.802621622    0.541104371    0.530896444    0.718451813
    1.812630631    0.512707446    0.504402485    0.728530465
    1.822639640    0.490380005    0.483533537    0.736827983
    1.832648649    0.471958127    0.466248357    0.738449677
    1.842657658    0.456994852    0.452321953    0.734774216
    1.852666667    0.446611502    0.442976510    0.732282502
    1.862675676    0.442248524    0.439621511    0.737864983
    1.872684685    0.444721529    0.443007874    0.756180446
    1.882693694    0.453773471    0.452826572    0.789941318
    1.892702703    0.467585441    0.467215326    0.841146732
    1.902711712    0.482356010    0.482356149    0.912094285
    1.912720721    0.493192525    0.493444376    1.006084732
    1.922729730    0.497156857    0.497777567    1.128019081
    1.932738739    0.496003259    0.497361192    1.284909777
    1.942747748    0.495136979    0.497692926    1.486141574
    1.952756757    0.500230790    0.504384348    1.743222026
    1.962765766    0.515181183    0.521194696    2.068266856
    1.972774775    0.541801574    0.549681006    2.469307242
    1.982783784    0.579540075    0.588733851    2.939299353
    1.992792793    0.624155460    0.633096943    3.437367674
    2.002801802    0.666111795    0.672090062    3.872563815
    2.012810811    0.691998620    0.692267286    4.122124660
    2.022819820    0.691920452    0.685824962    4.105478026
    2.032828829    0.667575568    0.657270398    3.853232817
    2.042837838    0.630919038    0.619614968    3.482649026
    2.052846847    0.595250258    0.585307387    3.113329917
    2.062855856    0.569116517    0.561576244    2.817461322
    2.072864865    0.555830838    0.550764005    2.620312213
    2.082873874    0.554881457    0.551697195    2.515312146
    2.092882883    0.562561772    0.560084587    2.471935538
    2.102891892    0.572064107    0.568706291    2.439113683
    2.112900901    0.575207365    0.569685523    2.360157324
    2.122909910    0.566833846    0.559099923    2.203970271
    2.132918919    0.548153495    0.539379290    1.983887380
    2.142927928    0.524982204    0.516539553    1.739873232
    2.152936937    0.503459967    0.496142012    1.508063903
    2.162945946    0.487590795    0.481586503    1.307550572
    2.172954955    0.479104014    0.474291286    1.143226260
    2.182963964    0.478342147    0.474524122    1.012571881
    2.192972973    0.485155827    0.482191095    0.910504691
    2.202981982    0.499245152    0.497140246    0.831689288
    2.212990991    0.519918621    0.518911596    0.771211897
    2.223000000    0.545804804    0.546355283    0.724517044
    2.233009009    0.575263833    0.577808177    0.687393544
    2.243018018    0.607635615    0.612221888    0.656578169
    2.253027027    0.644197319    0.650431481    0.630578896
    2.263036036    0.687995905    0.695378481    0.609557078
    2.273045045    0.743299487    0.751556892    0.594269750
    2.283054054    0.815217891    0.824406633    0.585245874
    2.293063063    0.909445627    0.919898771    0.582664031
    2.303072072    1.032219480    1.044441768    0.586563416
    2.313081081    1.190172824    1.204701347    0.597052835
    2.323090090    1.389109950    1.406255828    0.614439047
    2.333099099    1.630216814    1.649536928    0.639303468
    2.343108108    1.902276144    1.921724871    0.672563295
    2.353117117    2.171754809    2.187084876    0.715536409
    2.363126126    2.382572299    2.388591044    0.770011052
    2.373135135    2.483036890    2.477398335    0.838298036
    2.383144144    2.468124920    2.453948042    0.923207287
    2.393153153    2.386398659    2.369886963    1.027854735
    2.403162162    2.299690383    2.285872041    1.155267398
    2.413171171    2.243754145    2.234701246    1.308117935
    2.423180180    2.218071688    2.213403023    1.489443847
    2.433189189    2.197601348    2.195528911    1.704652008
    2.443198198    2.155983910    2.154307964    1.963046440
    2.453207207    2.085156805    2.082400367    2.276674612
    2.463216216    1.995442407    1.991651982    2.656042130
    2.473225225    1.903249991    1.899499003    3.101241076
    2.483234234    1.820796978    1.817591978    3.585542843
    2.493243243    1.748651058    1.744758561    4.039057312
    2.503252252    1.674875428    1.667989052    4.360515663
    2.513261261    1.586901345    1.575897260    4.474843824
    2.523270270    1.485787644    1.472038195    4.386432616
    2.533279279    1.385237368    1.371376838    4.160912875
    2.543288288    1.298305153    1.286349750    3.866342399
    2.553297297    1.228718486    1.219427397    3.540486738
    2.563306306    1.173147389    1.166413513    3.194749683
    2.573315315    1.128962986    1.124482616    2.838055714
    2.583324324    1.098871758    1.096570638    2.492735416
    2.593333333    1.088697286    1.088753717    2.186141538
    2.603342342    1.102449987    1.105164635    1.935958301
    2.613351351    1.139169596    1.144827065    1.746568522
    2.623360360    1.192123964    1.200699482    1.613163402
    2.633369369    1.250423024    1.261120717    1.526004781
    2.643378378    1.303303705    1.314515817    1.473381855
    2.653387387    1.345522842    1.355785731    1.445381167
    2.663396396    1.380019989    1.389017520    1.437779252
    2.673405405    1.413278045    1.421399357    1.451069745
    2.683414414    1.446270010    1.453362808    1.483747543
    2.693423423    1.472565799    1.477569145    1.525975299
    2.703432432    1.487530118    1.489128698    1.558296075
    2.713441441    1.496572834    1.493912103    1.556711350
    2.723450450    1.512841258    1.505987907    1.505577412
    2.733459459    1.550399468    1.540452299    1.410644244
    2.743468468    1.618090757    1.606703170    1.295639972
    2.753477477    1.713217479    1.702090509    1.185443504
    2.763486486    1.818287249    1.808978706    1.095075788
    2.773495495    1.907922986    1.901452545    1.030088828
    2.783504505    1.965567782    1.961850107    0.991346938
    2.793513514    1.993001349    1.991037536    0.978481936
    2.803522523    2.001260767    1.999933810    0.990693216
    2.813531532    1.996254208    1.994665002    1.025509551
    2.823540541    1.971159182    1.968436499    1.076094085
    2.833549550    1.908743859    1.903729270    1.128383259
    2.843558559    1.796048101    1.787402916    1.162361094
    2.853567568    1.638600755    1.625892487    1.162024807
    2.863576577    1.458551187    1.443169388    1.127687693
    2.873585586    1.281758231    1.266085281    1.075596919
    2.883594595    1.126817386    1.112733570    1.025407263
    2.893603604    1.002101747    0.990451674    0.990651410
    2.903612613    0.908702577    0.899592470    0.977905973
    2.913621622    0.844376636    0.837603051    0.989856708
    2.923630631    0.805913504    0.801244286    1.028013600
    2.933639640    0.789648082    0.786971852    1.093977127
    2.943648649    0.790572080    0.789965674    1.189279294
    2.953657658    0.801028283    0.802702373    1.313621831
    2.963666667    0.811268816    0.815282610    1.461225766
    2.973675676    0.813946860    0.819804854    1.616697574
    2.983684685    0.809304741    0.815940893    1.756299175
    2.993693694    0.804534229    0.810836191    1.861033929
    3.003702703    0.808117968    0.813380868    1.932653196
    3.013711712    0.824811396    0.828709458    1.992233553
    3.023720721    0.852905090    0.855218936    2.064714712
    3.033729730    0.883614928    0.884144908    2.170469210
    3.043738739    0.904733768    0.903619088    2.325489104
    3.053747748    0.909164628    0.907224233    2.539176042
    3.063756757    0.900268391    0.898596370    2.807097202
    3.073765766    0.886239884    0.885223557    3.102005045
    3.083774775    0.870394594    0.869186159    3.368289282
    3.093783784    0.848412046    0.845513071    3.533114915
    3.103792793    0.814554649    0.809324700    3.547860122
    3.113801802    0.769910002    0.763466302    3.431431257
    3.123810811    0.723067596    0.717390117    3.259278519
    3.133819820    0.683486069    0.679923771    3.109186940
    3.143828829    0.655906055    0.654472399    3.023268018
    3.153837838    0.639280876    0.638787108    3.004031192
    3.163846847    0.628777491    0.627655867    3.029737583
    3.173855856    0.619611186    0.617103602    3.076892225
    3.183864865    0.610330977    0.606883137    3.133027301
    3.193873874    0.602289993    0.598703005    3.185431514
    3.203882883    0.596804215    0.593414017    3.206042411
    3.213891892    0.594383385    0.591191755    3.165108380
    3.223900901    0.596068265    0.593187106    3.061256299
    3.233909910    0.603464429    0.600995229    2.921933168
    3.243918919    0.616638901    0.614255739    2.770772737
    3.253927928    0.632723355    0.629691343    2.606675006
    3.263936937    0.647344140    0.643035239    2.417774720
    3.273945946    0.657450772    0.651744013    2.206236738
    3.283954955    0.663010867    0.656253746    1.991751157
    3.293963964    0.667328984    0.660173857    1.797492790
    3.303972973    0.675824881    0.669061108    1.639639754
    3.313981982    0.693401056    0.687709124    1.525292096
    3.323990991    0.722917082    0.718600592    1.453934928
    3.334000000    0.765464438    0.762343225    1.418982948
    3.344009009    0.820695456    0.818317978    1.408926607
    3.354018018    0.887256544    0.885277278    1.410576652
    3.364027027    0.963641174    0.962046887    1.415493910
    3.374036036    1.046266349    1.045282115    1.423211318
    3.384045045    1.124023302    1.123750349    1.434761856
    3.394054054    1.177652340    1.177616779    1.443066204
    3.404063063    1.191395858    1.190519287    1.433142698
    3.414072072    1.166874641    1.164351878    1.394985806
    3.424081081    1.120557783    1.116752601    1.335164346
    3.434090090    1.067324481    1.063579192    1.272529134
    3.444099099    1.009575335    1.007391973    1.224897963
    3.454108108    0.941684234    0.941947507    1.201631025
    3.464117117    0.862336474    0.864947695    1.204240207
    3.474126126    0.779450965    0.783690439    1.230131741
    3.484135135    0.704016713    0.709172708    1.276878346
    3.494144144    0.643202843    0.648803921    1.345392276
    3.504153153    0.598625731    0.604283648    1.438514923
    3.514162162    0.567416903    0.572590253    1.554406424
    3.524171171    0.543854559    0.547798459    1.679977126
    3.534180180    0.521793235    0.523801582    1.790252825
    3.544189189    0.497524783    0.497264871    1.856552056
    3.554198198    0.470981613    0.468684049    1.862245602
    3.564207207    0.444754414    0.441153395    1.815760980
    3.574216216    0.422343547    0.418309179    1.744428895
    3.584225225    0.406636046    0.402787951    1.672120051
    3.594234234    0.399189080    0.395799555    1.603883599
    3.604243243    0.400327439    0.397425326    1.530794408
    3.614252252    0.409358379    0.406829234    1.447609323
    3.624261261    0.424289669    0.421906271    1.363342523
    3.634270270    0.441400576    0.438854674    1.294993504
    3.644279279    0.456250265    0.453283023    1.256796458
    3.654288288    0.466809042    0.463381289    1.256358170
    3.664297297    0.475580939    0.471872980    1.295362005
    3.674306306    0.487393151    0.483644397    1.369153870
    3.684315315    0.505067058    0.501504144    1.463187394
    3.694324324    0.526902765    0.523819818    1.549545833
    3.704333333    0.547396222    0.545163774    1.592412386
    3.714342342    0.560994809    0.559780821    1.567321930
    3.724351351    0.565783152    0.565326894    1.478597298
    3.734360360    0.562717125    0.562687532    1.354089832
    3.744369369    0.551954986    0.552421393    1.224973708
    3.754378378    0.532140979    0.533441004    1.112328347
    3.764387387    0.503908306    0.506207431    1.025763041
    3.774396396    0.472150826    0.475338342    0.967568893
    3.784405405    0.443535625    0.447457432    0.936988949
    3.794414414    0.423093220    0.427737435    0.932880201
    3.804423423    0.413406818    0.418920732    0.954968719
    3.814432432    0.415530865    0.422152382    1.004247090
    3.824441441    0.429904815    0.437845768    1.082763243
    3.834450450    0.456546775    0.465778488    1.192609629
    3.844459459    0.494349777    0.504222404    1.333574523
    3.854468468    0.539544660    0.548340839    1.499307058
    3.864477477    0.584343624    0.589352109    1.674395741
    3.874486486    0.618446211    0.617339055    1.838615555
    3.884495495    0.634795375    0.627551780    1.980185850
    3.894504505    0.634225287    0.623207067    2.102911783
    3.904513514    0.622820367    0.610878723    2.212603344
    3.914522523    0.606539210    0.595531068    2.297840515
    3.924531532    0.589981375    0.580587647    2.329973926
    3.934540541    0.577532294    0.569669404    2.285305501
    3.944549550    0.573202647    0.566500080    2.169618346
    3.954558559    0.578925897    0.573126636    2.017572483
    3.964567568    0.592468804    0.587702696    1.866547233
    3.974576577    0.606709627    0.603556710    1.736143176
    3.984585586    0.612370069    0.611555589    1.630083437
    3.994594595    0.604012815    0.605790655    1.549438209
    4.004603604    0.584182288    0.587961589    1.500304807
    4.014612613    0.560971560    0.565649198    1.491571710
    4.024621622    0.542164069    0.546793914    1.530102149
    4.034630631    0.532127755    0.536335212    1.617878714
    4.044639640    0.532285443    0.536338904    1.749331328
    4.054648649    0.542018260    0.546677400    1.907868485
    4.064657658    0.558543845    0.564665110    2.065710198
    4.074666667    0.577245466    0.585034300    2.190863727
    4.084675676    0.593437418    0.601835382    2.254245088
    4.094684685    0.604254463    0.611560652    2.231810031
    4.104693694    0.609963976    0.615353529    2.115280886
    4.114702703    0.614758527    0.618807456    1.927300500
    4.124711712    0.625392284    0.629259456    1.712703139
    4.134720721    0.647927702    0.652528391    1.512227361
    4.144729730    0.685368822    0.691158473    1.348354162
    4.154738739    0.737446123    0.744520249    1.227812453
    4.164747748    0.801954580    0.810144784    1.148650268
    4.174756757    0.875408300    0.884205227    1.104687561
    4.184765766    0.950361919    0.958746447    1.087063417
    4.194774775    1.012214762    1.018836594    1.085460736
    4.204783784    1.043394747    1.047256020    1.091008282
    4.214792793    1.035444036    1.036506456    1.099224746
    4.224801802    0.996812432    0.995978151    1.110101046
    4.234810811    0.947136680    0.945646083    1.125550302
    4.244819820    0.904459167    0.903225719    1.145436434
    4.254828829    0.876694328    0.876052575    1.164398437
    4.264837838    0.860489206    0.860361572    1.174099450
    4.274846847    0.845534344    0.845814597    1.170952435
    4.284855856    0.822501260    0.823356768    1.159759459
    4.294864865    0.789979928    0.791822953    1.147148103
    4.304873874    0.754302458    0.757626654    1.132775255
    4.314882883    0.723326699    0.728662527    1.108587315
    4.324891892    0.701801046    0.709618354    1.067928205
    4.334900901    0.691963924    0.702371688    1.014390801
    4.344909910    0.695861676    0.708342631    0.958787882
    4.354918919    0.715275859    0.728590705    0.909428269
    4.364927928    0.749728187    0.761869475    0.868092943
    4.374936937    0.795080153    0.803607468    0.832747830
    4.384945946    0.843704236    0.846847090    0.800444370
    4.394954955    0.885657362    0.883425212    0.767828217
    4.404963964    0.910141265    0.904467483    0.731795021
    4.414972973    0.908132916    0.902115136    0.691657190
    4.424981982    0.876790338    0.873191306    0.650442548
    4.434990991    0.822662339    0.822497787    0.613346059
    4.445000000    0.759269329    0.761871433    0.585185390
    4.455009009    0.700044679    0.704274794    0.569073709
    4.465018018    0.653585200    0.658721609    0.566408089
    4.475027027    0.623633811    0.629344827    0.577113825
    4.485036036    0.610295987    0.616081865    0.599227200
    4.495045045    0.610303877    0.615014895    0.628042468
    4.505054054    0.617147238    0.619124191    0.656461940
    4.515063063    0.622794435    0.620882114    0.678310981
    4.525072072    0.621094189    0.615649690    0.692911758
    4.535081081    0.609922357    0.602541063    0.705290168
    4.545090090    0.590344129    0.582802488    0.720347543
    4.555099099    0.564731907    0.558364016    0.736751232
    4.565108108    0.535235265    0.530764499    0.746191492
    4.575117117    0.503473416    0.500959260    0.739011831
    4.585126126    0.471567978    0.470564528    0.712181142
    4.595135135    0.442588277    0.442506490    0.672367335
    4.605144144    0.419613087    0.420003796    0.631311736
    4.615153153    0.404750033    0.405389102    0.599099390
    4.625162162    0.399014168    0.399852384    0.581263662
    4.635171171    0.402411865    0.403470491    0.579332048
    4.645180180    0.413458047    0.414736975    0.591799951
    4.655189189    0.428223540    0.429652921    0.614239308
    4.665198198    0.440074153    0.441523243    0.639502772
    4.675207207    0.442003214    0.443357783    0.660101881
    4.685216216    0.431139882    0.432387770    0.672726571
    4.695225225    0.410729975    0.411947355    0.680065946
    4.705234234    0.387151616    0.388410806    0.686390276
    4.715243243    0.365906887    0.367231882    0.691852343
    4.725252252    0.350106076    0.351505693    0.692670090
    4.735261261    0.341012858    0.342520930    0.687258608
    4.745270270    0.339040760    0.340720292    0.680618872
    4.755279279    0.344324351    0.346253296    0.681526359
    4.765288288    0.356782039    0.359051415    0.696830583
    4.775297297    0.375820866    0.378549103    0.728002960
    4.785306306    0.399869002    0.403212918    0.769582240
    4.795315315    0.426344417    0.430481127    0.809144412
    4.805324324    0.453008635    0.458096822    0.832076011
    4.815333333    0.480201799    0.486384710    0.831759193
    4.825342342    0.511191850    0.518645778    0.815285484
    4.835351351    0.549542117    0.558472187    0.796678822
    4.845360360    0.595950916    0.606468376    0.786004979
    4.855369369    0.646727708    0.658620607    0.784826976
    4.865378378    0.694365680    0.706903224    0.788121088
    4.875387387    0.730256889    0.742344930    0.788594753
    4.885396396    0.749058806    0.759842518    0.780784161
    4.895405405    0.751732053    0.761051970    0.763259123
    4.905414414    0.743948408    0.752112734    0.738224767
    4.915423423    0.732244598    0.739310953    0.710529097
    4.925432432    0.721494953    0.726637862    0.686656185
    4.935441441    0.713910660    0.715870317    0.672541917
    4.945450450    0.710241550    0.708822163    0.671775168
    4.955459459    0.712467618    0.709128635    0.685489731
    4.965468468    0.724170553    0.720918224    0.712478677
    4.975477477    0.747979772    0.746158194    0.748205411
    4.985486486    0.784007024    0.784067127    0.784290755
    4.995495495    0.831652897    0.833549432    0.811942606
    5.005504505    0.892528677    0.896116408    0.828875001
    5.015513514    0.969805237    0.974885587    0.842473559
    5.025522523    1.062709843    1.068764504    0.864670850
    5.035531532    1.160050739    1.166016425    0.903751429
    5.045540541    1.239191794    1.243791504    0.958958999
    5.055549550    1.276641484    1.279419375    1.018698304
    5.065558559    1.265010056    1.267048125    1.063808622
    5.075567568    1.217620262    1.220844829    1.078256684
    5.085576577    1.156836879    1.162634245    1.060668871
    5.095585586    1.101507125    1.110005731    1.023991898
    5.105594595    1.061046199    1.071229198    0.983902436
    5.115603604    1.034375389    1.044473636    0.948779947
    5.125612613    1.012801725    1.021007596    0.917781841
    5.135621622    0.987303440    0.992943508    0.885938279
    5.145630631    0.956507538    0.960592732    0.851908607
    5.155639640    0.927289949    0.931486712    0.820222241
    5.165648649    0.907514375    0.912578712    0.795624156
    5.175657658    0.899401471    0.904531640    0.777252879
    5.185666667    0.898827009    0.902313242    0.758725410
    5.195675676    0.899519127    0.900115334    0.733122543
    5.205684685    0.897874152    0.895546205    0.698214895
    5.215693694    0.894524010    0.890104899    0.657587780
    5.225702703    0.893671863    0.888363992    0.617874734
    5.235711712    0.902019387    0.897048254    0.585641335
    5.245720721    0.926148460    0.922412100    0.565389799
    5.255729730    0.968933269    0.966881538    0.558422044
    5.265738739    1.026833968    1.026588829    0.562175488
    5.275747748    1.089104871    1.090585695    0.569905088
    5.285756757    1.141362399    1.144373363    0.572106670
    5.295765766    1.174719887    1.179179555    0.561227708
    5.305774775    1.193490202    1.199640243    0.536712632
    5.315783784    1.212643996    1.220858734    0.504705408
    5.325792793    1.248406506    1.258907538    0.473045706
    5.335801802    1.311692264    1.324457752    0.447313666
    5.345810811    1.406666895    1.421305466    0.430286067
    5.355819820    1.530400213    1.545962028    0.423109580
    5.365828829    1.672324557    1.687393829    0.426325391
    5.375837838    1.818396250    1.831858012    0.440273910
    5.385846847    1.961738993    1.973830361    0.465019909
    5.395855856    2.107581567    2.119876700    0.499837939
    5.405864865    2.261579429    2.275621846    0.542410493
    5.415873874    2.413065804    2.428973727    0.588476317
    5.425882883    2.531555358    2.547826365    0.632915865
    5.435891892    2.583628324    2.598371494    0.672001116
    5.445900901    2.561325616    2.573726807    0.705001602
    5.455909910    2.493308932    2.503991795    0.733927284
    5.465918919    2.423895456    2.434294857    0.761760880
    5.475927928    2.384594686    2.396158210    0.790466151
    5.485936937    2.382837131    2.396558595    0.820343916
    5.495945946    2.406950943    2.423195322    0.851146818
    5.505954955    2.437532200    2.455734735    0.883178512
    5.515963964    2.456232788    2.474347395    0.916932788
    5.525972973    2.444824175    2.459366698    0.951192779
    5.535981982    2.383145612    2.390963794    0.980638895
    5.545990991    2.261764842    2.262445343    0.997247777
    5.556000000    2.095935098    2.091905121    0.997457082
    5.566009009    1.916999374    1.911374881    0.986629689
    5.576018018    1.752222926    1.747141576    0.973536934
    5.586027027    1.616307575    1.612708798    0.962934594
    5.596036036    1.515685155    1.513778499    0.954883201
    5.606045045    1.453693065    1.453393850    0.947978356
    5.616054054    1.431319378    1.432427299    0.942512888
    5.626063063    1.446148658    1.448332935    0.942529397
    5.636072072    1.491469389    1.494078213    0.954094374
    5.646081081    1.555060768    1.556867594    0.979789414
    5.656090090    1.618948983    1.618333334    1.013920851
    5.666099099    1.664701780    1.660691054    1.042990676
    5.676108108    1.683354762    1.676712569    1.053156245
    5.686117117    1.677523608    1.670390720    1.039872249
    5.696126126    1.652323177    1.646692887    1.009885854
    5.706135135    1.609628127    1.606234257    0.973617549
    5.716144144    1.551416065    1.549887094    0.938263190
    5.726153153    1.484057835    1.483874862    0.908751645
    5.736162162    1.417713256    1.418732593    0.890942754
    5.746171171    1.361040857    1.363231443    0.890363221
    5.756180180    1.315829175    1.318859445    0.908060979
    5.766189189    1.276064897    1.279354693    0.937092119
    5.776198198    1.233738058    1.237077441    0.962176601
    5.786207207    1.187720488    1.191645732    0.966428064
    5.796216216    1.145663821    1.150887619    0.943590904
    5.806225225    1.117107996    1.123560708    0.902818798
    5.816234234    1.106620933    1.112968570    0.859372202
    5.826243243    1.112485889    1.116638977    0.823259256
    5.836252252    1.130329042    1.130850676    0.796480085
    5.846261261    1.158246906    1.155223736    0.776509840
    5.856270270    1.198515887    1.192827786    0.759926209
    5.866279279    1.255063252    1.247440840    0.744210219
    5.876288288    1.331249827    1.322419409    0.728735021
    5.886297297    1.429979776    1.421032412    0.715237637
    5.896306306    1.554150081    1.546179604    0.707568052
    5.906315315    1.706279133    1.699737697    0.710578766
    5.916324324    1.885569338    1.880163445    0.727758477
    5.926333333    2.080864968    2.076005214    0.758415107
    5.936342342    2.264819587    2.260054500    0.796187016
    5.946351351    2.398161851    2.393571579    0.830649190
    5.956360360    2.446174913    2.442803484    0.852612819
    5.966369369    2.396714246    2.395980712    0.859492248
    5.976378378    2.265876291    2.267911339    0.854598934
    5.986387387    2.089180730    2.092584764    0.840973563
    5.996396396    1.904624568    1.907928091    0.818182858
    6.006405405    1.739201910    1.741597297    0.785749374
    6.016414414    1.607087751    1.608125223    0.747574749
    6.026423423    1.514784729    1.514136081    0.711287328
    6.036432432    1.465487628    1.462997120    0.684029202
    6.046441441    1.460152331    1.455991236    0.669675210
    6.056450450    1.495687981    1.490611743    0.668842246
    6.066459459    1.561771555    1.557361013    0.679823599
    6.076468468    1.638924884    1.637352694    0.698619651
    6.086477477    1.702006358    1.704975813    0.719182067
    6.096486486    1.730932854    1.738419759    0.736004470
    6.106495495    1.721611115    1.731710201    0.747114270
    6.116504505    1.686361240    1.696695594    0.753609577
    6.126513514    1.644128547    1.653572956    0.756729382
    6.136522523    1.609982071    1.618959569    0.755919492
    6.146531532    1.589381868    1.598784670    0.749113120
    6.156540541    1.578146589    1.588177363    0.735800879
    6.166549550    1.566193519    1.575952465    0.720348468
    6.176558559    1.542664335    1.550628988    0.711035372
    6.186567568    1.501992720    1.507305123    0.715846982
    6.196576577    1.447637278    1.451326566    0.739246078
    6.206585586    1.388524887    1.393260975    0.780448658
    6.216594595    1.332072644    1.340568235    0.831441366
    6.226603604    1.282830298    1.296254605    0.875899619
    6.236612613    1.245474526    1.263131439    0.894020564
    6.246621622    1.225076903    1.245245047    0.874259272
    6.256630631    1.223672872    1.244227269    0.821353728
    6.266639640    1.235465158    1.253729931    0.751509117
    6.276648649    1.243639144    1.256364074    0.681363201
    6.286657658    1.224749776    1.229432013    0.621245115
    6.296666667    1.163673674    1.160532657    0.574886920
    6.306675676    1.066238733    1.058177115    0.541920273
    6.316684685    0.953467929    0.943880591    0.519718469
    6.326693694    0.845532605    0.836638679    0.504172014
    6.336702703    0.753048646    0.745760149    0.490917167
    6.346711712    0.677973101    0.672430104    0.477288413
    6.356720721    0.617607544    0.613648395    0.462675285
    6.366729730    0.567893027    0.565273061    0.446647447
    6.376738739    0.525482386    0.523914503    0.428010446
    6.386747748    0.488681164    0.487867298    0.406526179
    6.396756757    0.457068118    0.456767194    0.384419291
    6.406765766    0.430349138    0.430412216    0.365011787
    6.416774775    0.407722855    0.408086055    0.350412306
    6.426783784    0.388372717    0.389029921    0.340723659
    6.436792793    0.372251593    0.373226578    0.334425111
    6.446801802    0.360026761    0.361364483    0.329138803
    6.456810811    0.352478022    0.354251685    0.323125123
    6.466819820    0.350191250    0.352498252    0.316774306
    6.476828829    0.353553414    0.356485850    0.312091969
    6.486837838    0.362731832    0.366339635    0.310565510
    6.496846847    0.377519713    0.381779129    0.311782565
    6.506855856    0.396927861    0.401697485    0.313966697
    6.516864865    0.418595042    0.423559380    0.315798424
    6.526873874    0.438841220    0.443539206    0.317360651
    6.536882883    0.454423801    0.458477849    0.318871552
    6.546891892    0.465104463    0.468485875    0.319217104
    6.556900901    0.474053240    0.477048705    0.316697641
    6.566909910    0.485577812    0.488534083    0.311117676
    6.576918919    0.503109822    0.506264584    0.304497162
    6.586927928    0.528825158    0.532283868    0.299885322
    6.596936937    0.563364876    0.567140133    0.299933034
    6.606945946    0.604700273    0.608748742    0.306086587
    6.616954955    0.647792743    0.652038890    0.318154094
    6.626963964    0.686873474    0.691220353    0.334033913
    6.636972973    0.718537915    0.722849218    0.350063615
    6.646981982    0.742191245    0.746322290    0.362746285
    6.656990991    0.758688491    0.762580280    0.371088769
    6.667000000    0.769546059    0.773145600    0.377069459
    6.677009009    0.775994659    0.778962836    0.383594633
    6.687018018    0.777080510    0.778637326    0.392183756
    6.697027027    0.769506028    0.768802839    0.402538629
    6.707036036    0.752049076    0.748875921    0.414454005
    6.717045045    0.729758558    0.724755879    0.429968328
    6.727054054    0.711181398    0.705435880    0.452836120
    6.737063063    0.701932087    0.696634606    0.485764978
    6.747072072    0.701639231    0.697922836    0.527773516
    6.757081081    0.705491853    0.704109256    0.572436961
    6.767090090    0.707838527    0.708780905    0.607795018
    6.777099099    0.705516118    0.707988236    0.620748616
    6.787108108    0.699178750    0.702042610    0.605674541
    6.797117117    0.691364618    0.693676768    0.568177147
    6.807126126    0.683789222    0.684985520    0.519033281
    6.817135135    0.677749651    0.677589467    0.467335916
    6.827144144    0.675897266    0.674495899    0.419065773
    6.837153153    0.681182267    0.679128571    0.377806300
    6.847162162    0.693717369    0.692107615    0.345096211
    6.857171171    0.709670288    0.709793032    0.320889111
    6.867180180    0.724373043    0.726931063    0.304331374
    6.877189189    0.736547295    0.741176215    0.294444491
    6.887198198    0.747844448    0.753652164    0.290293914
    6.897207207    0.758587767    0.764934646    0.290727447
    6.907216216    0.765965702    0.772582655    0.294314165
    6.917225225    0.766431661    0.773075839    0.299940908
    6.927234234    0.759247067    0.765485908    0.307564143
    6.937243243    0.747346315    0.752824582    0.318081058
    6.947252252    0.734648771    0.739521211    0.332426194
    6.957261261    0.722824674    0.727766443    0.351001389
    6.967270270    0.710615824    0.716363297    0.373959509
    6.977279279    0.696005659    0.702781851    0.401918386
    6.987288288    0.678978555    0.686311701    0.436263268
    6.997297297    0.662413916    0.669610789    0.478334034
    7.007306306    0.650300175    0.657018595    0.527469188
    7.017315315    0.645129420    0.651481197    0.579167323
    7.027324324    0.647493303    0.653808934    0.625946743
    7.037333333    0.658156349    0.664720616    0.662553958
    7.047342342    0.679470207    0.686406772    0.691330223
    7.057351351    0.713914916    0.721252318    0.720473487
    7.067360360    0.761204626    0.768960965    0.756510662
    7.077369369    0.816780592    0.824925487    0.799121080
    7.087378378    0.873416589    0.881763957    0.841861624
    7.097387387    0.924883033    0.933022897    0.875956129
    7.107396396    0.968094684    0.975437931    0.893347525
    7.117405405    1.003164611    1.009211939    0.889841531
    7.127414414    1.033069545    1.037685228    0.868615625
    7.137423423    1.061259529    1.064506638    0.838583187
    7.147432432    1.087719002    1.089637094    0.807452888
    7.157441441    1.108533268    1.109418824    0.776823248
    7.167450450    1.119375835    1.119958633    0.743882366
    7.177459459    1.117704889    1.118700801    0.707025663
    7.187468468    1.103555610    1.105236367    0.668655225
    7.197477477    1.080694889    1.082797992    0.633394493
    7.207486486    1.054274329    1.056155137    0.605652586
    7.217495495    1.026014159    1.027153812    0.588480030
    7.227504505    0.993778893    0.994293805    0.583054232
    7.237513514    0.956079582    0.956570162    0.588413645
    7.247522523    0.915716815    0.916511973    0.601147483
    7.257531532    0.878883548    0.879590989    0.615594989
    7.267540541    0.851580028    0.851627160    0.626165762
    7.277549550    0.836918818    0.836319929    0.630880669
    7.287558559    0.833868078    0.833116138    0.631461356
    7.297567568    0.836720172    0.836123262    0.628886029
    7.307576577    0.836784164    0.836157526    0.620516490
    7.317585586    0.827453728    0.826383850    0.602919709
    7.327594595    0.808957505    0.807189128    0.576428797
    7.337603604    0.787140414    0.784652789    0.545793304
    7.347612613    0.767778322    0.764680699    0.517541980
    7.357621622    0.752755590    0.749254142    0.497344575
    7.367630631    0.739874927    0.736248345    0.488420071
    7.377639640    0.725295106    0.721846734    0.491034447
    7.387648649    0.707649078    0.704657349    0.502877530
    7.397657658    0.689775493    0.687393322    0.520316059
    7.407666667    0.675991861    0.674153894    0.540349734
    7.417675676    0.669660198    0.668059450    0.561268726
    7.427684685    0.673657158    0.671783523    0.580285573
    7.437693694    0.690729391    0.688018048    0.590988060
    7.447702703    0.722258221    0.718410357    0.585790540
    7.457711712    0.766745064    0.762109504    0.562830800
    7.467720721    0.818179786    0.813873725    0.528800539
    7.477729730    0.864746730    0.862299923    0.493846148
    7.487738739    0.891133008    0.891708977    0.465536524
    7.497747748    0.886848872    0.890398575    0.447382211
    7.507756757    0.854628107    0.859820757    0.440432051
    7.517765766    0.808268668    0.813471022    0.445082657
    7.527774775    0.762187056    0.766370906    0.461988145
    7.537783784    0.724659815    0.727517573    0.492266332
    7.547792793    0.698106935    0.699769769    0.537467941
    7.557801802    0.681326875    0.682118668    0.599240652
    7.567810811    0.670587410    0.670907464    0.678191713
    7.577819820    0.661473618    0.661759644    0.771943011
    7.587828829    0.651869875    0.652499093    0.873345182
    7.597837838    0.642365962    0.643422044    0.970085963
    7.607846847    0.633639567    0.634727838    1.045868254
    7.617855856    0.624991590    0.625423641    1.084188525
    7.627864865    0.615556406    0.614928571    1.076742625
    7.637873874    0.605722233    0.604282487    1.029728776
    7.647882883    0.597348837    0.595708745    0.959186812
    7.657891892    0.593663850    0.592275804    0.881986307
    7.667900901    0.598625629    0.597554435    0.811106002
    7.677909910    0.614773996    0.613763694    0.753453925
    7.687918919    0.640498130    0.639087653    0.708729796
    7.697927928    0.668773924    0.666439520    0.671120966
    7.707936937    0.689496549    0.685995758    0.633952970
    7.717945946    0.695610210    0.691371286    0.594306801
    7.727954955    0.687769338    0.683749306    0.553930687
    7.737963964    0.672707679    0.669687623    0.516904088
    7.747972973    0.658491971    0.656605628    0.487502126
    7.757981982    0.650862393    0.649783177    0.469189413
    7.767990991    0.651082455    0.650447913    0.464041554
    7.778000000    0.655809937    0.655422197    0.472462206
    7.788009009    0.660199017    0.659951986    0.492840922
    7.798018018    0.662205942    0.661950813    0.520600017
    7.808027027    0.663210650    0.662806000    0.547188349
    7.818036036    0.664608012    0.664096385    0.561603245
    7.828045045    0.664985305    0.664627154    0.555777225
    7.838054054    0.660736069    0.660872466    0.528998303
    7.848063063    0.649152412    0.650052970    0.486767439
    7.858072072    0.630700965    0.632515653    0.437226678
    7.868081081    0.608467730    0.611209259    0.388256370
    7.878090090    0.586719884    0.590105949    0.345344083
    7.888099099    0.570443596    0.573868332    0.310978594
    7.898108108    0.564225359    0.567118099    0.285487946
    7.908117117    0.570060571    0.572277595    0.268132517
    7.918126126    0.585909619    0.587828563    0.257767073
    7.928135135    0.606116546    0.608377309    0.253138309
    7.938144144    0.624063668    0.627062264    0.253129869
    7.948153153    0.635744072    0.639386248    0.257007584
    7.958162162    0.641207601    0.645244376    0.264322234
    7.968171171    0.643327330    0.647700739    0.274269181
    7.978180180    0.645803329    0.650579233    0.284903287
    7.988189189    0.651331607    0.656441771    0.293025194
    7.998198198    0.659981283    0.664974326    0.295467267
    8.008207207    0.668684187    0.672760244    0.291492455
    8.018216216    0.673377001    0.675901793    0.283927825
    8.028225225    0.672257243    0.673178645    0.277297366
    8.038234234    0.666243130    0.665848437    0.275146763
    8.048243243    0.657326147    0.655844813    0.278921251
    8.058252252    0.647557698    0.645116263    0.287954067
    8.068261261    0.637369020    0.634100976    0.299573148
    8.078270270    0.624071375    0.620147364    0.309543818
    8.088279279    0.603798172    0.599418632    0.313367359
    8.098288288    0.574865315    0.570320779    0.308052690
    8.108297297    0.538349189    0.534047221    0.293657503
    8.118306306    0.496623468    0.492946040    0.273585319
    8.128315315    0.452656830    0.449785851    0.252721088
    8.138324324    0.409701713    0.407566498    0.234966679
    8.148333333    0.370352708    0.368700817    0.222324414
    8.158342342    0.336010375    0.334565198    0.215406325
    8.168351351    0.307259147    0.305866813    0.214222356
    8.178360360    0.284287854    0.282943600    0.218583722
    8.188369369    0.266748825    0.265535244    0.228021876
    8.198378378    0.253547156    0.252572366    0.241416987
    8.208387387    0.243137013    0.242492857    0.256598997
    8.218396396    0.234006221    0.233757364    0.270321151
    8.228405405    0.224893133    0.225087627    0.279403896
    8.238414414    0.215134400    0.215776944    0.283100310
    8.248423423    0.205183877    0.206201291    0.284191680
    8.258432432    0.196384286    0.197658736    0.286990348
    8.268441441    0.190010827    0.191432422    0.294483258
    8.278450450    0.186575199    0.188047908    0.306961689
    8.288459459    0.185687177    0.187119136    0.322170695
    8.298468468    0.186233670    0.187549999    0.336707626
    8.308477477    0.186889524    0.188044366    0.348285971
    8.318486486    0.186860030    0.187829935    0.357398647
    8.328495495    0.186201920    0.186977387    0.366997510
    8.338504505    0.185272419    0.185846675    0.380304599
    8.348513514    0.183910630    0.184284999    0.398639969
    8.358522523    0.181359233    0.181587599    0.421246600
    8.368531532    0.177081810    0.177296256    0.446626486
    8.378540541    0.171383727    0.171727827    0.472727850
    8.388549550    0.164972126    0.165492087    0.494847994
    8.398558559    0.158210362    0.158832412    0.504407306
    8.408567568    0.151098078    0.151726815    0.492949325
    8.418576577    0.143748659    0.144361861    0.459283062
    8.428585586    0.136610284    0.137245588    0.411176235
    8.438594595    0.130274057    0.130969691    0.359542503
    8.448603604    0.125096749    0.125867264    0.312434226
    8.458612613    0.120959342    0.121796122    0.273438101
    8.468621622    0.117425092    0.118290669    0.242868742
    8.478630631    0.114064234    0.114883486    0.219256649
    8.488639640    0.110527965    0.111204796    0.200392662
    8.498648649    0.106576123    0.107050666    0.184265101
    8.508657658    0.102348936    0.102643488    0.169892992
    8.518666667    0.098448559    0.098642063    0.157397573
    8.528675676    0.095582284    0.095752366    0.147302284
    8.538684685    0.094205893    0.094400484    0.139898866
    8.548693694    0.094415262    0.094652410    0.135036410
    8.558702703    0.095934504    0.096204996    0.132094865
    8.568711712    0.098114657    0.098378612    0.130037748
    8.578720721    0.100104660    0.100296766    0.127765894
    8.588729730    0.101315307    0.101381169    0.124790751
    8.598738739    0.101808762    0.101751218    0.121551318
    8.608747748    0.102133587    0.102008366    0.118925161
    8.618756757    0.102860265    0.102722577    0.117557494
    8.628765766    0.104349582    0.104223899    0.117650376
    8.638774775    0.106743513    0.106652184    0.119163757
    8.648783784    0.109981495    0.109979291    0.122058087
    8.658792793    0.113861494    0.114012624    0.126237295
    8.668801802    0.118243710    0.118553098    0.131263075
    8.678810811    0.123298085    0.123690558    0.136349931
    8.688819820    0.129438693    0.129843171    0.140907258
    8.698828829    0.136892385    0.137330775    0.144990116
    8.708837838    0.145322460    0.145889166    0.148828605
    8.718846847    0.153896521    0.154658274    0.151953703
    8.728855856    0.161848560    0.162785065    0.153272848
    8.738864865    0.169184808    0.170213196    0.152312928
    8.748873874    0.176739731    0.177730307    0.150084765
    8.758882883    0.185051572    0.185788503    0.148381283
    8.768891892    0.193006605    0.193190157    0.148510926
    8.778900901    0.197903206    0.197294760    0.150755963
    8.788909910    0.197430026    0.196038777    0.154636501
    8.798918919    0.191747035    0.189829499    0.159599493
    8.808927928    0.183172233    0.181065640    0.165637322
    8.818936937    0.174002283    0.171997606    0.173310772
    8.828945946    0.165184360    0.163481436    0.183302578
    8.838954955    0.156864086    0.155539697    0.196000108
    8.848963964    0.149490448    0.148496568    0.210992068
    8.858972973    0.143956778    0.143188071    0.226306175
    8.868981982    0.140920642    0.140295142    0.238225431
    8.878990991    0.140314979    0.139810756    0.242805279
    8.889000000    0.141332627    0.140982045    0.238391182
    8.899009009    0.142700323    0.142549094    0.226802388
    8.909018018    0.143329313    0.143370257    0.212170456
    8.919027027    0.143120554    0.143262988    0.198644518
    8.929036036    0.142925013    0.143051518    0.188818666
    8.939045045    0.143481835    0.143530362    0.183530032
    8.949054054    0.144620248    0.144604127    0.182394166
    8.959063063    0.145620233    0.145581250    0.184466467
    8.969072072    0.146132217    0.146088444    0.188743337
    8.979081081    0.146392260    0.146340056    0.194349998
    8.989090090    0.146709273    0.146655191    0.200698565
    8.999099099    0.147233000    0.147186828    0.207693952
    9.009108108    0.147996262    0.147939269    0.215268320
    9.019117117    0.148705243    0.148604033    0.222372016
    9.029126126    0.148678224    0.148537564    0.226856390
    9.039135135    0.147352499    0.147229826    0.226904486
    9.049144144    0.144836733    0.144781672    0.222442094
    9.059153153    0.141987256    0.141975663    0.214627083
    9.069162162    0.140064748    0.140009108    0.204630888
    9.079171171    0.140063618    0.139888769    0.193664523
    9.089180180    0.141943451    0.141654794    0.183243217
    9.099189189    0.144242880    0.143944101    0.174532447
    9.109198198    0.144627382    0.144470349    0.167727936
    9.119207207    0.141494051    0.141572756    0.162363144
    9.129216216    0.135263302    0.135546430    0.158156077
    9.139225225    0.127766145    0.128145812    0.155469825
    9.149234234    0.120543165    0.120934787    0.155035558
    9.159243243    0.113893682    0.114284369    0.157478327
    9.169252252    0.107224531    0.107650194    0.163145580
    9.179261261    0.100116640    0.100614116    0.172143690
    9.189270270    0.092969113    0.093555343    0.184259657
    9.199279279    0.086649345    0.087330216    0.198699766
    9.209288288    0.081857445    0.082637440    0.214064875
    9.219297297    0.078899427    0.079783138    0.229081585
    9.229306306    0.077783091    0.078775832    0.243697797
    9.239315315    0.078338075    0.079443325    0.259278767
    9.249324324    0.080228059    0.081433571    0.277552997
    9.259333333    0.082931523    0.084199439    0.299445622
    9.269342342    0.085920904    0.087209216    0.325128610
    9.279351351    0.089037925    0.090332193    0.355180973
    9.289360360    0.092551985    0.093846807    0.390802027
    9.299369369    0.096616593    0.097852623    0.431696399
    9.309378378    0.100697840    0.101742389    0.473332156
    9.319387387    0.103724470    0.104464678    0.506722227
    9.329396396    0.105003856    0.105474556    0.522635723
    9.339405405    0.104868257    0.105228679    0.517862681
    9.349414414    0.104105643    0.104474055    0.496879921
    9.359423423    0.102891981    0.103234045    0.466506935
    9.369432432    0.100559941    0.100726665    0.430704250
    9.379441441    0.096428229    0.096302270    0.391487807
    9.389450450    0.090689134    0.090302208    0.352039723
    9.399459459    0.084391327    0.083892839    0.316523068
    9.409468468    0.078755252    0.078296146    0.287923248
    9.419477477    0.074603873    0.074268525    0.267108733
    9.429486486    0.072181020    0.071984755    0.253244818
    9.439495495    0.071163630    0.071067905    0.244642993
    9.449504505    0.070718867    0.070646972    0.239696957
    9.459513514    0.069744649    0.069615146    0.237373407
    9.469522523    0.067428927    0.067200938    0.236621347
    9.479531532    0.063706461    0.063388060    0.235438547
    9.489540541    0.059088540    0.058707381    0.231306634
    9.499549550    0.054209615    0.053796641    0.223178037
    9.509558559    0.049601432    0.049187474    0.212603959
    9.519567568    0.045622592    0.045229412    0.202402089
    9.529576577    0.042426588    0.042062741    0.194674802
    9.539585586    0.039989884    0.039656661    0.190010473
    9.549594595    0.038179077    0.037878158    0.187707628
    9.559603604    0.036832687    0.036567698    0.186535358
    9.569612613    0.035847610    0.035619297    0.185772052
    9.579621622    0.035214184    0.035016614    0.185723638
    9.589630631    0.034958586    0.034780849    0.187118770
    9.599639640    0.035054304    0.034884517    0.190140604
    9.609648649    0.035386895    0.035216636    0.194164592
    9.619657658    0.035795820    0.035626457    0.198475475
    9.629666667    0.036133469    0.035982247    0.203298555
    9.639675676    0.036253534    0.036150586    0.209988172
    9.649684685    0.035994083    0.035964738    0.220302844
    9.659693694    0.035285338    0.035331405    0.235777753
    9.669702703    0.034272988    0.034374685    0.257577472
    9.679711712    0.033257137    0.033391481    0.286469225
    9.689720721    0.032515908    0.032670057    0.322646592
    9.699729730    0.032209371    0.032382042    0.365478771
    9.709738739    0.032391941    0.032589480    0.413262007
    9.719747748    0.033052168    0.033285340    0.462620793
    9.729756757    0.034135858    0.034419121    0.507845840
    9.739765766    0.035561632    0.035911916    0.541949748
    9.749774775    0.037222413    0.037649846    0.559213389
    9.759783784    0.038946128    0.039432700    0.556861194
    9.769792793    0.040457378    0.040935781    0.536608451
    9.779801802    0.041423469    0.041787900    0.505497168
    9.789810811    0.041629819    0.041796617    0.473007124
    9.799819820    0.041197742    0.041161745    0.446973391
    9.809828829    0.040575887    0.040393116    0.431797079
    9.819837838    0.040260006    0.039990507    0.428288640
    9.829846847    0.040541236    0.040221317    0.433702747
    9.839855856    0.041440603    0.041092238    0.442065876
    9.849864865    0.042767391    0.042419064    0.446433484
    9.859873874    0.044255757    0.043944719    0.443468916
    9.869882883    0.045746051    0.045484245    0.436131222
    9.879891892    0.047265618    0.047004001    0.430850606
    9.889900901    0.048863786    0.048513005    0.432594250
    9.899909910    0.050352537    0.049863199    0.442149165
    9.909918919    0.051280701    0.050725717    0.455823045
    9.919927928    0.051214376    0.050770412    0.467235709
    9.929936937    0.050086964    0.049891327    0.471657180
    9.939945946    0.048310762    0.048357428    0.470132113
    9.949954955    0.046513931    0.046700237    0.468412116
    9.959963964    0.045160071    0.045377158    0.471608444
    9.969972973    0.044391546    0.044555094    0.479932943
    9.979981982    0.044101945    0.044147650    0.488073007
    9.989990991    0.044094472    0.043986966    0.488670713
   10.000000000    0.044247889    0.043994785    0.478504470
