# energy grid [eV]     epsr_x  epsr_y  epsr_z
# plasmon frequences [eV]:     5.179667760    5.187363584    4.809616072
    0.031027027-5650.885494863-5734.181496894   21.279322032
    0.041036036-3215.920698394-3265.874492636   21.571029587
    0.051045045-2065.018048344-2098.959899517   21.863942354
    0.061054054-1431.158162437-1456.035192909   22.181440500
    0.071063063-1045.428659051-1064.554083495   22.521816976
    0.081072072 -793.941580920 -809.100181230   22.870825263
    0.091081081 -621.721152205 -633.993810326   23.204948229
    0.101090090 -499.260384404 -509.392199851   23.493055591
    0.111099099 -409.298319999 -417.834111745   23.697362894
    0.121108108 -341.417336973 -348.728175133   23.783213651
    0.131117117 -289.479610294 -295.797702194   23.751070155
    0.141126126 -249.722669547 -255.212682033   23.660025311
    0.151135135 -219.167810353 -223.990989369   23.574696560
    0.161144144 -194.848486967 -199.172155931   23.453985516
    0.171153153 -174.161739552 -178.119195104   23.088504500
    0.181162162 -155.529579524 -159.194608347   22.127782835
    0.191171171 -138.382816780 -141.785968564   20.196107571
    0.201180180 -122.639650064 -125.795282791   17.134601375
    0.211189189 -108.276360580 -111.198172528   13.282186179
    0.221198198  -95.179305118  -97.885127421    9.427269161
    0.231207207  -83.182470157  -85.693577656    6.287350205
    0.241216216  -72.136701396  -74.475148268    4.092649293
    0.251225225  -61.929014960  -64.115365181    2.707297150
    0.261234234  -52.471738630  -54.523999165    1.949026462
    0.271243243  -43.697048964  -45.630425124    1.696517512
    0.281252252  -35.563863976  -37.390886188    1.813281405
    0.291261261  -28.069095252  -29.800205973    2.098724144
    0.301270270  -21.249689260  -22.895082398    2.316047207
    0.311279279  -15.158027532  -16.731567124    2.246749453
    0.321288288   -9.813293569  -11.336645961    1.759643159
    0.331297297   -5.190062414   -6.691005035    0.883718556
    0.341306306   -1.307360108   -2.809936914   -0.178624860
    0.351315315    1.651351012    0.138657276   -1.160413177
    0.361324324    3.322499319    1.820804174   -1.900868632
    0.371333333    3.255483410    1.838159813   -2.406199822
    0.381342342    1.006557697   -0.185917157   -2.758134692
    0.391351351   -3.810350493   -4.593535940   -3.000749323
    0.401360360  -11.521653927  -11.726434951   -3.106662019
    0.411369369  -22.299336064  -21.863386378   -3.027239452
    0.421378378  -35.526034046  -34.607891953   -2.755881618
    0.431387387  -49.090980808  -48.069047459   -2.336400003
    0.441396396  -60.155577832  -59.407001593   -1.833940851
    0.451405405  -66.998863704  -66.684176428   -1.314300081
    0.461414414  -69.707568331  -69.781860992   -0.842503559
    0.471423423  -69.387113037  -69.727754401   -0.490408906
    0.481432432  -67.238858380  -67.733040040   -0.340429581
    0.491441441  -64.160148403  -64.730321317   -0.467899156
    0.501450450  -60.712324758  -61.312361771   -0.887166238
    0.511459459  -57.208605462  -57.813780564   -1.491584142
    0.521468468  -53.811480056  -54.410466985   -2.079026406
    0.531477477  -50.609064691  -51.198942816   -2.480327204
    0.541486486  -47.659041690  -48.241441015   -2.650217044
    0.551495495  -44.999301361  -45.575623834   -2.637874133
    0.561504505  -42.633809265  -43.199864001   -2.511845659
    0.571513514  -40.513708001  -41.058290276   -2.317079730
    0.581522523  -38.548010371  -39.059057110   -2.074529754
    0.591531532  -36.652635975  -37.125101151   -1.797854951
    0.601540541  -34.790980295  -35.227866015   -1.503005107
    0.611549550  -32.970686186  -33.378489908   -1.208044322
    0.621558559  -31.218375406  -31.602958451   -0.931434333
    0.631567568  -29.560452975  -29.925414314   -0.692207548
    0.641576577  -28.013139456  -28.359740989   -0.509432101
    0.651585586  -26.578671667  -26.906133425   -0.396453369
    0.661594595  -25.253665714  -25.558980283   -0.349621378
    0.671603604  -24.051089669  -24.327946140   -0.343017122
    0.681612613  -23.019082002  -23.256465838   -0.342561894
    0.691621622  -22.239704295  -22.422335778   -0.329252980
    0.701630631  -21.798230446  -21.913114453   -0.307210449
    0.711639640  -21.715910235  -21.767242513   -0.290243759
    0.721648649  -21.878399503  -21.898757707   -0.281212181
    0.731657658  -22.052807920  -22.089047488   -0.264399283
    0.741666667  -22.022443732  -22.105235161   -0.218817417
    0.751675676  -21.703592841  -21.835782420   -0.135552178
    0.761684685  -21.135440015  -21.303681198   -0.020237948
    0.771693694  -20.403780947  -20.592404195    0.115284598
    0.781702703  -19.586652079  -19.783759485    0.260073857
    0.791711712  -18.737591573  -18.935651540    0.406588377
    0.801720721  -17.887458263  -18.082077217    0.550741891
    0.811729730  -17.050655545  -17.239280569    0.691273869
    0.821738739  -16.231837177  -16.412901146    0.828666630
    0.831747748  -15.432149043  -15.604649231    0.963798505
    0.841756757  -14.652990192  -14.816358366    1.097176168
    0.851765766  -13.896816058  -14.051060548    1.228989455
    0.861774775  -13.166965653  -13.313050288    1.359412091
    0.871783784  -12.469039628  -12.609160757    1.488753257
    0.881792793  -11.815661392  -11.953178850    1.617459317
    0.891801802  -11.233944509  -11.373534445    1.746057924
    0.901810811  -10.772494792  -10.921098496    1.875093283
    0.911819820  -10.503030848  -10.670855915    2.005068468
    0.921828829  -10.506211028  -10.705521465    2.136409682
    0.931837838  -10.827150623  -11.065759397    2.269469810
    0.941846847  -11.408172496  -11.678798082    2.404521887
    0.951855856  -12.064214063  -12.342050100    2.541524226
    0.961864865  -12.570122433  -12.827991166    2.679395883
    0.971873874  -12.794793483  -13.019675917    2.814798770
    0.981882883  -12.743134735  -12.936638407    2.940484370
    0.991891892  -12.499849263  -12.669525995    3.042930395
    1.001900901  -12.166560817  -12.319549927    3.099155131
    1.011909910  -11.835347927  -11.976405377    3.074253436
    1.021918919  -11.584181897  -11.716053851    2.925136990
    1.031927928  -11.468145012  -11.592733644    2.620141845
    1.041936937  -11.493411557  -11.612784987    2.175919065
    1.051945946  -11.595264232  -11.711667628    1.679753370
    1.061954955  -11.666616620  -11.781644805    1.251474904
    1.071963964  -11.628289448  -11.742499411    0.969558227
    1.081972973  -11.465527167  -11.578840257    0.841639292
    1.091981982  -11.207120581  -11.319299334    0.832244818
    1.101990991  -10.891397051  -11.002248547    0.898641685
    1.112000000  -10.548755008  -10.658159117    1.007751600
    1.122009009  -10.198722813  -10.306606092    1.138366915
    1.132018018   -9.852497091   -9.958797357    1.278202503
    1.142027027   -9.516093242   -9.620720952    1.420579975
    1.152036036   -9.192747864   -9.295538861    1.562022958
    1.162045045   -8.884551033   -8.985205983    1.700784794
    1.172054054   -8.593533294   -8.691553511    1.836139362
    1.182063063   -8.322284271   -8.416955478    1.968314768
    1.192072072   -8.073889626   -8.164442600    2.098719005
    1.202081081   -7.850754887   -7.936855642    2.229656304
    1.212090090   -7.652480874   -7.734857263    2.363199195
    1.222099099   -7.474968617   -7.555345593    2.500175603
    1.232108108   -7.312658398   -7.392727136    2.640028966
    1.242117117   -7.160377982   -7.241054037    2.781021776
    1.252126126   -7.011740943   -7.093313379    2.920037546
    1.262135135   -6.859252657   -6.941580168    3.051840277
    1.272144144   -6.698667455   -6.781211505    3.168502129
    1.282153153   -6.531260551   -6.613339383    3.260420202
    1.292162162   -6.361244768   -6.442387654    3.318995919
    1.302171171   -6.192666768   -6.272690555    3.336252664
    1.312180180   -6.029075182   -6.107800700    3.295256196
    1.322189189   -5.874834730   -5.951806336    3.157541483
    1.332198198   -5.735199023   -5.809753079    2.866900458
    1.342207207   -5.613716954   -5.685390174    2.384156690
    1.352216216   -5.508079446   -5.577067385    1.742874921
    1.362225225   -5.408876656   -5.476004400    1.069105304
    1.372234234   -5.304932392   -5.371018116    0.512602647
    1.382243243   -5.190146077   -5.255524870    0.153420942
    1.392252252   -5.064682237   -5.129331161   -0.015485538
    1.402261261   -4.931893521   -4.995727491   -0.044520722
    1.412270270   -4.795471587   -4.858458585    0.013126096
    1.422279279   -4.658222834   -4.720370830    0.117769653
    1.432288288   -4.521915634   -4.583244234    0.244249613
    1.442297297   -4.387510173   -4.448039335    0.378071854
    1.452306306   -4.255401575   -4.315152704    0.511466937
    1.462315315   -4.125581389   -4.184581039    0.640592522
    1.472324324   -3.997781423   -4.056058823    0.763799918
    1.482333333   -3.871649170   -3.929228317    0.880624860
    1.492342342   -3.746875190   -3.803771154    0.991217127
    1.502351351   -3.623211563   -3.679432807    1.096021988
    1.512360360   -3.500443474   -3.555993923    1.195600968
    1.522369369   -3.378384651   -3.433261747    1.290525541
    1.532378378   -3.256915514   -3.311103581    1.381302592
    1.542387387   -3.136068106   -3.189525757    1.468302167
    1.552396396   -3.016177816   -3.068815846    1.551660631
    1.562405405   -2.898146994   -2.949790344    1.631130542
    1.572414414   -2.783892268   -2.834217203    1.705853448
    1.582423423   -2.677056076   -2.725496675    1.774077947
    1.592432432   -2.583972726   -2.629616131    1.833013853
    1.602441441   -2.514469673   -2.556046718    1.879379084
    1.612450450   -2.481044122   -2.517296527    1.911425963
    1.622459459   -2.493756642   -2.524505377    1.932018206
    1.632468468   -2.550171743   -2.577618984    1.949441629
    1.642477477   -2.628454986   -2.656870679    1.973299125
    1.652486486   -2.696384040   -2.729507315    2.009242455
    1.662495495   -2.731345816   -2.770236423    2.057669401
    1.672504505   -2.729328831   -2.772643043    2.115815629
    1.682513514   -2.697416390   -2.742999880    2.180104221
    1.692522523   -2.644468998   -2.690930748    2.247243848
    1.702531532   -2.578644346   -2.626214925    2.314213399
    1.712540541   -2.508220075   -2.558642559    2.377716074
    1.722549550   -2.441854773   -2.497539432    2.433630716
    1.732558559   -2.387404496   -2.449874804    2.477161871
    1.742567568   -2.348568472   -2.416458873    2.504747531
    1.752576577   -2.320943066   -2.389493760    2.517915892
    1.762585586   -2.292954903   -2.356742078    2.525640168
    1.772594595   -2.253535927   -2.309846052    2.540016652
    1.782603604   -2.198843267   -2.248115297    2.567911304
    1.792612613   -2.131836473   -2.175961679    2.607643698
    1.802621622   -2.058049448   -2.098901612    2.652463643
    1.812630631   -1.982261803   -2.021124119    2.696110418
    1.822639640   -1.906929857   -1.944455088    2.737484275
    1.832648649   -1.832038949   -1.868456479    2.782036032
    1.842657658   -1.756428821   -1.791844801    2.837698392
    1.852666667   -1.679600036   -1.714179704    2.909083962
    1.862675676   -1.602436561   -1.636399237    2.996033298
    1.872684685   -1.526889822   -1.560444863    3.096003148
    1.882693694   -1.455529141   -1.488840419    3.206393656
    1.892702703   -1.391040994   -1.424201779    3.325400512
    1.902711712   -1.335032050   -1.368014813    3.451941309
    1.912720721   -1.286092606   -1.318710893    3.585250586
    1.922729730   -1.239129354   -1.271127623    3.724257178
    1.932738739   -1.188140725   -1.219408941    3.866583926
    1.942747748   -1.130171962   -1.160883875    4.007015754
    1.952756757   -1.066385599   -1.096988845    4.135216577
    1.962765766   -1.000633564   -1.031830369    4.232311418
    1.972774775   -0.938206338   -0.970998592    4.266452438
    1.982783784   -0.885518136   -0.921201095    4.189903037
    1.992792793   -0.849551124   -0.889355433    3.945816939
    2.002801802   -0.835185251   -0.879274905    3.498002432
    2.012810811   -0.840027952   -0.886366905    2.881611644
    2.022819820   -0.851510217   -0.896317489    2.223805757
    2.032828829   -0.852895024   -0.893069520    1.678533673
    2.042837838   -0.833968402   -0.868798677    1.330219743
    2.052846847   -0.794801899   -0.825439927    1.170004876
    2.062855856   -0.741689179   -0.769880379    1.138317620
    2.072864865   -0.682461900   -0.709837685    1.166882162
    2.082873874   -0.624443291   -0.652332213    1.195728451
    2.092882883   -0.573726401   -0.602999569    1.178302933
    2.102891892   -0.533724768   -0.564396609    1.091049461
    2.112900901   -0.502771342   -0.533686303    0.948061761
    2.122909910   -0.473734408   -0.503123526    0.799043543
    2.132918919   -0.438148490   -0.464856727    0.696985937
    2.142927928   -0.391192027   -0.415216780    0.665874006
    2.152936937   -0.332696313   -0.354700506    0.699338014
    2.162945946   -0.265117894   -0.285792328    0.777886040
    2.172954955   -0.191404109   -0.211194716    0.882481296
    2.182963964   -0.113902354   -0.132999762    0.999353234
    2.192972973   -0.034257021   -0.052655809    1.119864322
    2.202981982    0.046205004    0.028637783    1.238952137
    2.212990991    0.126281169    0.109685558    1.353742344
    2.223000000    0.205322284    0.189629277    1.462845254
    2.233009009    0.284031177    0.268777882    1.566340561
    2.243018018    0.364626281    0.349096765    1.665851745
    2.253027027    0.449811099    0.433467085    1.763810729
    2.263036036    0.541581564    0.524306963    1.862143019
    2.273045045    0.640685932    0.622664645    1.961669738
    2.283054054    0.746353151    0.727810905    2.062500704
    2.293063063    0.856064158    0.837059784    2.164613190
    2.303072072    0.965130784    0.945410609    2.268137211
    2.313081081    1.065565268    1.044422068    2.373398037
    2.323090090    1.144063049    1.120173562    2.480867935
    2.333099099    1.179836787    1.151191073    2.591103072
    2.343108108    1.145122009    1.109443249    2.704680180
    2.353117117    1.014462562    0.970728672    2.822120941
    2.363126126    0.787176170    0.737941351    2.943781448
    2.373135135    0.508075236    0.459799917    3.069681325
    2.383144144    0.251355813    0.210487721    3.199262774
    2.393153153    0.069450855    0.038148293    3.331140972
    2.403162162   -0.036693151   -0.060552161    3.463068899
    2.413171171   -0.102328257   -0.122510079    3.592433139
    2.423180180   -0.167578495   -0.187424335    3.717039602
    2.433189189   -0.253317913   -0.274857928    3.834684832
    2.443198198   -0.352992989   -0.376624107    3.940185989
    2.453207207   -0.445086040   -0.469756970    4.020909672
    2.463216216   -0.513133535   -0.537452747    4.052413033
    2.473225225   -0.554146741   -0.577819477    3.995040109
    2.483234234   -0.577002398   -0.601165453    3.797395781
    2.493243243   -0.596031654   -0.621928576    3.419741215
    2.503252252   -0.618832233   -0.645928536    2.876557253
    2.513261261   -0.637620254   -0.663300161    2.255627456
    2.523270270   -0.636679880   -0.658290811    1.669794358
    2.533279279   -0.608240897   -0.625030778    1.187447948
    2.543288288   -0.557521935   -0.570469769    0.818044255
    2.553297297   -0.494739425   -0.505327441    0.543042691
    2.563306306   -0.425779186   -0.435103019    0.348866942
    2.573315315   -0.350084736   -0.358640410    0.238178861
    2.583324324   -0.265816365   -0.273784397    0.214983351
    2.593333333   -0.175392962   -0.182983825    0.268538937
    2.603342342   -0.086272436   -0.093895581    0.375621326
    2.613351351   -0.008297522   -0.016676586    0.511184478
    2.623360360    0.049983843    0.039724736    0.654749910
    2.633369369    0.085089875    0.071694598    0.791978858
    2.643378378    0.100749680    0.083649638    0.915144170
    2.653387387    0.106202155    0.086057198    1.022984643
    2.663396396    0.109908936    0.087808839    1.117039463
    2.673405405    0.112881946    0.089099056    1.195144656
    2.683414414    0.110241935    0.084256921    1.248671155
    2.693423423    0.101030494    0.072579483    1.266707530
    2.703432432    0.093527316    0.063262187    1.244003475
    2.713441441    0.098434724    0.067832285    1.189236300
    2.723450450    0.119561490    0.090501972    1.128048597
    2.733459459    0.150760049    0.124829617    1.091758273
    2.743468468    0.176604528    0.154566274    1.098461877
    2.753477477    0.176378138    0.158203793    1.147066557
    2.763486486    0.133840944    0.118780578    1.226017373
    2.773495495    0.049014617    0.035541162    1.322945857
    2.783504505   -0.060835473   -0.074533486    1.428336147
    2.793513514   -0.176665454   -0.191788770    1.534773694
    2.803522523   -0.292155170   -0.309105999    1.634954871
    2.813531532   -0.413215709   -0.432039950    1.720270632
    2.823540541   -0.548111827   -0.568778084    1.781034659
    2.833549550   -0.694191574   -0.716432833    1.810050876
    2.843558559   -0.831247594   -0.853918638    1.810028608
    2.853567568   -0.932032485   -0.952848220    1.798626890
    2.863576577   -0.979143112   -0.995908524    1.801058612
    2.873585586   -0.971973959   -0.984044026    1.834504262
    2.883594595   -0.922137987   -0.930335411    1.901402215
    2.893603604   -0.844856250   -0.850480945    1.994908334
    2.903612613   -0.753231027   -0.757374860    2.106247091
    2.913621622   -0.656843355   -0.660212855    2.228059422
    2.923630631   -0.562718718   -0.565703218    2.354479755
    2.933639640   -0.476750437   -0.479557783    2.479846206
    2.943648649   -0.404373960   -0.407202841    2.597044030
    2.953657658   -0.349452645   -0.352714910    2.696114967
    2.963666667   -0.311228137   -0.315705240    2.764519969
    2.973675676   -0.282442995   -0.289075916    2.791759029
    2.983684685   -0.253112446   -0.262435214    2.779356995
    2.993693694   -0.217520245   -0.229366144    2.747791189
    3.003702703   -0.177340330   -0.191130690    2.726586869
    3.013711712   -0.139980534   -0.155137834    2.734470261
    3.023720721   -0.114983202   -0.131024079    2.772699456
    3.033729730   -0.109076828   -0.125394457    2.831436772
    3.043738739   -0.120708108   -0.136449738    2.893107509
    3.053747748   -0.139549730   -0.154068807    2.930748509
    3.063756757   -0.154972018   -0.168524840    2.908582789
    3.073765766   -0.164782589   -0.178471862    2.789189643
    3.083774775   -0.173810710   -0.188608565    2.550598880
    3.093783784   -0.185289470   -0.200900472    2.212905906
    3.103792793   -0.194733442   -0.209475610    1.850996281
    3.113801802   -0.192933688   -0.205179935    1.558168034
    3.123810811   -0.174513213   -0.184135309    1.384851235
    3.133819820   -0.141882390   -0.150193624    1.318510613
    3.143828829   -0.102319283   -0.111084504    1.310309991
    3.153837838   -0.063191293   -0.073588134    1.309223044
    3.163846847   -0.028366449   -0.040280046    1.283489944
    3.173855856    0.002988926   -0.009266352    1.224127792
    3.183864865    0.034035795    0.022480272    1.129291172
    3.193873874    0.066598796    0.055878235    0.990291724
    3.203882883    0.100550590    0.090311357    0.803857047
    3.213891892    0.135623233    0.125670508    0.593402566
    3.223900901    0.171751259    0.161986450    0.399391295
    3.233909910    0.207496054    0.197558271    0.244231761
    3.243918919    0.239671159    0.229078635    0.120071843
    3.253927928    0.265565495    0.254234894    0.013038403
    3.263936937    0.285460979    0.273921401   -0.071858887
    3.273945946    0.302784852    0.291847432   -0.115205886
    3.283954955    0.322350970    0.312721480   -0.104315651
    3.293963964    0.348183963    0.340287138   -0.042303153
    3.303972973    0.381348631    0.375212795    0.057005363
    3.313981982    0.419505020    0.414723371    0.176171175
    3.323990991    0.458549173    0.454420941    0.298360828
    3.334000000    0.493926033    0.489796930    0.409435962
    3.344009009    0.521018127    0.516599694    0.500170105
    3.354018018    0.535561721    0.530950478    0.569084827
    3.364027027    0.532799916    0.528195099    0.621679730
    3.374036036    0.505286731    0.500645829    0.662881451
    3.384045045    0.445054924    0.439940513    0.690267240
    3.394054054    0.353198876    0.347031941    0.698134542
    3.404063063    0.246726549    0.239529213    0.689483345
    3.414072072    0.149373689    0.142235974    0.681481975
    3.424081081    0.073837151    0.068221157    0.695037500
    3.434090090    0.016511939    0.013185659    0.739773160
    3.444099099   -0.031470222   -0.032843786    0.811081390
    3.454108108   -0.071212314   -0.071836227    0.897428403
    3.464117117   -0.094950692   -0.096168203    0.987580784
    3.474126126   -0.095923679   -0.098534956    1.074056210
    3.484135135   -0.075321579   -0.079554885    1.153342237
    3.494144144   -0.040447786   -0.046336349    1.222613393
    3.504153153   -0.000108908   -0.007744539    1.274387491
    3.514162162    0.038392441    0.028903509    1.294659666
    3.524171171    0.071052930    0.059847858    1.268085626
    3.534180180    0.098189057    0.085849479    1.188045582
    3.544189189    0.123520791    0.110990576    1.065971282
    3.554198198    0.151473021    0.139757779    0.932073196
    3.564207207    0.184902408    0.174676732    0.820454723
    3.574216216    0.224271704    0.215640294    0.747302758
    3.584225225    0.268004884    0.260644401    0.704990713
    3.594234234    0.313486621    0.306950451    0.677318665
    3.604243243    0.357866689    0.351764781    0.658639558
    3.614252252    0.398286673    0.392322512    0.658340104
    3.624261261    0.432021947    0.426005126    0.688009127
    3.634270270    0.457487057    0.451398950    0.748704410
    3.644279279    0.476043470    0.470095351    0.830779255
    3.654288288    0.492168506    0.486704486    0.919540447
    3.664297297    0.510040881    0.505327944    0.998314813
    3.674306306    0.529699208    0.525853804    1.048672335
    3.684315315    0.546938462    0.544015620    1.051984599
    3.694324324    0.556467307    0.554484692    0.996989805
    3.704333333    0.555826982    0.554605279    0.892585495
    3.714342342    0.547330041    0.546411379    0.772493858
    3.724351351    0.535684673    0.534694382    0.678704666
    3.734360360    0.523911042    0.522933555    0.637353916
    3.744369369    0.513081613    0.512391436    0.651386241
    3.754378378    0.505689477    0.505262031    0.709651322
    3.764387387    0.506904487    0.506412591    0.797840483
    3.774396396    0.521112559    0.520273405    0.904217994
    3.784405405    0.548627219    0.547364732    1.020831981
    3.794414414    0.586409184    0.584743348    1.142644354
    3.804423423    0.630433202    0.628315119    1.266144307
    3.814432432    0.676959679    0.674150212    1.387965257
    3.824441441    0.722498133    0.718468888    1.503505728
    3.834450450    0.763177645    0.757034214    1.605527702
    3.844459459    0.794183698    0.784730693    1.683207843
    3.854468468    0.810093511    0.796326442    1.723284028
    3.864477477    0.807200121    0.789395897    1.715689733
    3.874486486    0.787475865    0.768081264    1.662139754
    3.884495495    0.759876816    0.742565369    1.576712535
    3.894504505    0.735114107    0.722420997    1.470800237
    3.904513514    0.719332515    0.711571379    1.339489876
    3.914522523    0.713998477    0.710081409    1.170338221
    3.924531532    0.718856227    0.717432036    0.966338428
    3.934540541    0.732562353    0.732636250    0.758265201
    3.944549550    0.751680006    0.752804563    0.590343706
    3.954558559    0.770334862    0.772537778    0.489854542
    3.964567568    0.781657569    0.785184796    0.453959952
    3.974576577    0.781243098    0.786152898    0.464033660
    3.984585586    0.771047403    0.776812121    0.505028564
    3.994594595    0.759722175    0.765238042    0.571071562
    4.004603604    0.757177229    0.761370171    0.658610908
    4.014612613    0.768181839    0.770666564    0.759509522
    4.024621622    0.791239396    0.792405102    0.859956426
    4.034630631    0.821798677    0.822437373    0.941752485
    4.044639640    0.854958063    0.855815166    0.983663040
    4.054648649    0.886093467    0.887470776    0.965177551
    4.064657658    0.911340312    0.912765922    0.874290946
    4.074666667    0.929035261    0.929277061    0.713550036
    4.084675676    0.940669452    0.938612087    0.498591516
    4.094684685    0.950338976    0.946202369    0.258209685
    4.104693694    0.963482526    0.958751607    0.037144443
    4.114702703    0.984631118    0.980697850   -0.119238353
    4.124711712    1.014585400    1.011874517   -0.190887165
    4.134720721    1.049684108    1.047840465   -0.187517107
    4.144729730    1.083601288    1.081965100   -0.132811676
    4.154738739    1.109721387    1.107591046   -0.050227782
    4.164747748    1.122238489    1.118913500    0.041934882
    4.174756757    1.115061443    1.109837950    0.130324597
    4.184765766    1.081145048    1.073556878    0.205931019
    4.194774775    1.017192334    1.007504982    0.264811634
    4.204783784    0.931692881    0.921079741    0.308435927
    4.214792793    0.845496884    0.835532762    0.341253757
    4.224801802    0.780187940    0.772051586    0.366798342
    4.234810811    0.745003555    0.739007264    0.385034883
    4.244819820    0.734226197    0.729974187    0.392202258
    4.254828829    0.734052603    0.730948211    0.384603161
    4.264837838    0.731533537    0.729213110    0.364485912
    4.274846847    0.721446799    0.719921348    0.340451777
    4.284855856    0.708451754    0.707895584    0.319385312
    4.294864865    0.702215277    0.702667489    0.299798990
    4.304873874    0.709241777    0.710526553    0.275258286
    4.314882883    0.729405038    0.731114681    0.244082276
    4.324891892    0.758945811    0.760309074    0.214507616
    4.334900901    0.794189921    0.794044209    0.197883328
    4.344909910    0.831661439    0.828693626    0.198047599
    4.354918919    0.866303783    0.859369518    0.210201248
    4.364927928    0.891238203    0.879790795    0.227467429
    4.374936937    0.899469942    0.884251658    0.245422597
    4.384945946    0.886062330    0.869418795    0.262064232
    4.394954955    0.849697817    0.834768529    0.277190047
    4.404963964    0.793885664    0.783228638    0.293067832
    4.414972973    0.728128939    0.722574278    0.314208504
    4.424981982    0.666939077    0.665171777    0.344765696
    4.434990991    0.624612568    0.624169680    0.385967864
    4.445000000    0.608367782    0.607305391    0.435918170
    4.455009009    0.616308100    0.613870190    0.490909308
    4.465018018    0.641232146    0.637325857    0.546571598
    4.475027027    0.674644949    0.669093671    0.598194058
    4.485036036    0.708257438    0.700562903    0.640817398
    4.495045045    0.734693111    0.724448418    0.670293621
    4.505054054    0.749051843    0.736744879    0.685752177
    4.515063063    0.750899662    0.738305482    0.691489209
    4.525072072    0.744333242    0.733672704    0.694585337
    4.535081081    0.735171718    0.727800853    0.698697457
    4.545090090    0.728137717    0.724194887    0.700610869
    4.555099099    0.725935496    0.724757571    0.693551648
    4.565108108    0.729727604    0.730255211    0.674279722
    4.575117117    0.740430462    0.741563643    0.648180569
    4.585126126    0.759120083    0.760089282    0.627490994
    4.595135135    0.785995359    0.786503722    0.623447803
    4.605144144    0.819621757    0.819711572    0.639766219
    4.615153153    0.857368251    0.857209621    0.672779632
    4.625162162    0.896083526    0.895816715    0.715404480
    4.635171171    0.932205728    0.931875836    0.760109593
    4.645180180    0.961734442    0.961307023    0.799942481
    4.655189189    0.980989476    0.980410708    0.829205810
    4.665198198    0.988787496    0.988061247    0.845204772
    4.675207207    0.988920308    0.988151724    0.850370468
    4.685216216    0.989465460    0.988807492    0.851359817
    4.695225225    0.997998765    0.997548804    0.853679418
    4.705234234    1.017643804    1.017419797    0.857400703
    4.715243243    1.047392594    1.047396357    0.859587353
    4.725252252    1.084531695    1.084796308    0.860512355
    4.735261261    1.126412288    1.126992032    0.865770061
    4.745270270    1.170940861    1.171883408    0.881108726
    4.755279279    1.216354052    1.217692909    0.906444934
    4.765288288    1.260881595    1.262644103    0.935242754
    4.775297297    1.302600359    1.304806765    0.957371032
    4.785306306    1.339761413    1.342401822    0.962628026
    4.795315315    1.371817419    1.374821000    0.945692745
    4.805324324    1.400418797    1.403657273    0.911805745
    4.815333333    1.428479626    1.431801840    0.876275132
    4.825342342    1.457160361    1.460373460    0.853767620
    4.835351351    1.483837083    1.486610938    0.847964755
    4.845360360    1.502989748    1.504767208    0.852140843
    4.855369369    1.508960865    1.508993017    0.856506476
    4.865378378    1.499119690    1.496753842    0.854431255
    4.875387387    1.476268850    1.471413590    0.844959220
    4.885396396    1.448517096    1.441784246    0.832134198
    4.895405405    1.425286264    1.417478251    0.822144334
    4.905414414    1.412630266    1.404084406    0.820619747
    4.915423423    1.412102652    1.402522010    0.831384831
    4.925432432    1.422145667    1.411262474    0.855214452
    4.935441441    1.440350674    1.429048450    0.889280199
    4.945450450    1.465769412    1.456074805    0.928487784
    4.955459459    1.498648483    1.492197652    0.967000270
    4.965468468    1.537725206    1.534673014    0.998664831
    4.975477477    1.579265836    1.578679256    1.017734893
    4.985486486    1.619265503    1.620018609    1.021829181
    4.995495495    1.655571206    1.656826383    1.015618521
    5.005504505    1.686379663    1.687543041    1.009663564
    5.015513514    1.705939712    1.706408271    1.012598540
    5.025522523    1.702594077    1.701704287    1.023942453
    5.035531532    1.663136890    1.660543354    1.033859064
    5.045540541    1.583400591    1.579703418    1.027976222
    5.055549550    1.477877167    1.474686642    0.994354916
    5.065558559    1.375029087    1.373852339    0.931730470
    5.075567568    1.299226164    1.300189114    0.853759174
    5.085576577    1.258932417    1.260720357    0.781545320
    5.095585586    1.248349897    1.249124595    0.729183102
    5.105594595    1.254322766    1.252590339    0.697090408
    5.115603604    1.263538652    1.258714278    0.676930599
    5.125612613    1.269084600    1.261936513    0.660534732
    5.135621622    1.273837780    1.266234552    0.646205045
    5.145630631    1.286373044    1.279879927    0.637777077
    5.155639640    1.311776688    1.306386432    0.637380444
    5.165648649    1.347060102    1.341423514    0.641028596
    5.175657658    1.384619500    1.377367776    0.641859998
    5.185666667    1.418619420    1.409620435    0.636341137
    5.195675676    1.448797173    1.439317136    0.627421831
    5.205684685    1.479392220    1.471107702    0.622354186
    5.215693694    1.515654328    1.509798872    0.627621881
    5.225702703    1.561419661    1.558596172    0.645680031
    5.235711712    1.617153353    1.617312437    0.674711717
    5.245720721    1.678360867    1.680957415    0.709694266
    5.255729730    1.736256074    1.740589938    0.743837143
    5.265738739    1.780722598    1.786170911    0.770157261
    5.275747748    1.805219195    1.811305983    0.783691956
    5.285756757    1.812688854    1.819161683    0.784679193
    5.295765766    1.817065550    1.823937668    0.780208396
    5.305774775    1.835358036    1.842640756    0.780696074
    5.315783784    1.876542755    1.883934542    0.793451177
    5.325792793    1.937915216    1.944840321    0.819862453
    5.335801802    2.008953532    2.014677722    0.857386325
    5.345810811    2.075863663    2.079556831    0.902516196
    5.355819820    2.124337704    2.125334100    0.952206901
    5.365828829    2.143693512    2.142044271    1.003930897
    5.375837838    2.132902793    2.129790225    1.055278440
    5.385846847    2.100027485    2.097168243    1.103533965
    5.395855856    2.049492455    2.047675022    1.145453745
    5.405864865    1.971066549    1.969388380    1.177667394
    5.415873874    1.846435897    1.843040120    1.198004431
    5.425882883    1.669130622    1.662792520    1.207027308
    5.435891892    1.461513766    1.452688539    1.208158402
    5.445900901    1.269278274    1.259631601    1.205916960
    5.455909910    1.130731253    1.121857051    1.203614333
    5.465918919    1.051701540    1.044261206    1.202061405
    5.475927928    1.009274611    1.002888810    1.200048884
    5.485936937    0.971476851    0.965025024    1.196084459
    5.495945946    0.913591692    0.905455721    1.189480396
    5.505954955    0.824450844    0.812644882    1.179672315
    5.515963964    0.702858629    0.685591044    1.164918627
    5.525972973    0.552660429    0.529759061    1.141811390
    5.535981982    0.388385122    0.362475433    1.107550216
    5.545990991    0.240771324    0.216106359    1.064970065
    5.556000000    0.142140515    0.121775312    1.023670309
    5.566009009    0.105698883    0.090220481    0.992558438
    5.576018018    0.124097500    0.112489869    0.972881204
    5.586027027    0.182273709    0.173149213    0.960521240
    5.596036036    0.266408519    0.258620783    0.951850441
    5.606045045    0.364283104    0.356983417    0.946216923
    5.616054054    0.463403418    0.455900036    0.945454846
    5.626063063    0.550843838    0.542465415    0.950900291
    5.636072072    0.614050232    0.604111974    0.959104081
    5.646081081    0.642509176    0.630612616    0.960801010
    5.656090090    0.632021842    0.618738841    0.945356515
    5.666099099    0.589826726    0.577043982    0.908431091
    5.676108108    0.532030560    0.521984652    0.857152108
    5.686117117    0.472258778    0.465938704    0.806516529
    5.696126126    0.416278358    0.412939798    0.768911276
    5.706135135    0.367631323    0.365712784    0.747973807
    5.716144144    0.332277283    0.330644054    0.742087989
    5.726153153    0.316402905    0.314714541    0.749443193
    5.736162162    0.321363609    0.319524202    0.767230093
    5.746171171    0.341439930    0.339135255    0.788504723
    5.756180180    0.367123848    0.363955689    0.802143795
    5.766189189    0.392042547    0.388009371    0.796462887
    5.776198198    0.418633147    0.414235030    0.766015854
    5.786207207    0.455758893    0.451301637    0.718381555
    5.796216216    0.509427231    0.504314638    0.672001127
    5.806225225    0.577416074    0.570307241    0.642874713
    5.816234234    0.652095245    0.641838408    0.634349180
    5.826243243    0.726496060    0.713236565    0.639838518
    5.836252252    0.798473706    0.783862119    0.651132485
    5.846261261    0.870042014    0.856005558    0.663210722
    5.856270270    0.943022161    0.930630433    0.674601769
    5.866279279    1.016313875    1.006059860    0.686342982
    5.876288288    1.086659395    1.079031091    0.700876525
    5.886297297    1.149587205    1.144801918    0.720648227
    5.896306306    1.198869054    1.196421968    0.746589074
    5.906315315    1.224902358    1.223790160    0.776627149
    5.916324324    1.212335023    1.211739749    0.804965402
    5.926333333    1.141074216    1.140757427    0.823382618
    5.936342342    0.995531505    0.995806763    0.824680772
    5.946351351    0.778692458    0.780284703    0.807027549
    5.956360360    0.519436754    0.522846299    0.775958167
    5.966369369    0.263889156    0.268272383    0.740674153
    5.976378378    0.056327350    0.059746013    0.707254032
    5.986387387   -0.077485707   -0.076259958    0.676780499
    5.996396396   -0.135657222   -0.136504776    0.650041546
    6.006405405   -0.132141225   -0.134433722    0.631337757
    6.016414414   -0.084859103   -0.087982094    0.626195634
    6.026423423   -0.009852991   -0.013133237    0.636515182
    6.036432432    0.078611214    0.076019467    0.659172541
    6.046441441    0.165924822    0.165063089    0.688263640
    6.056450450    0.235866877    0.237864925    0.717616545
    6.066459459    0.272063560    0.277699821    0.741720902
    6.076468468    0.263229064    0.272158245    0.756145515
    6.086477477    0.210702561    0.221010221    0.759214951
    6.096486486    0.131648686    0.140589431    0.753336190
    6.106495495    0.051385337    0.057059588    0.743006517
    6.116504505   -0.010561528   -0.008056318    0.731242119
    6.126513514   -0.048615542   -0.047793486    0.718593929
    6.136522523   -0.069803240   -0.069437466    0.704833211
    6.146531532   -0.087119036   -0.087173973    0.691561853
    6.156540541   -0.112104468   -0.113415412    0.683596039
    6.166549550   -0.149991732   -0.153268865    0.686244612
    6.176558559   -0.197664431   -0.202491623    0.700610531
    6.186567568   -0.244982760   -0.249484672    0.721927816
    6.196576577   -0.281122794   -0.283022304    0.741053452
    6.206585586   -0.301536706   -0.299925694    0.746369847
    6.216594595   -0.307728150   -0.303904641    0.726224343
    6.226603604   -0.302396780   -0.299141160    0.674345912
    6.236612613   -0.288540676   -0.288573073    0.597081177
    6.246621622   -0.272316592   -0.277443084    0.514062902
    6.256630631   -0.264640746   -0.275915491    0.447308730
    6.266639640   -0.279216759   -0.297025080    0.408829304
    6.276648649   -0.325637310   -0.348927583    0.398039013
    6.286657658   -0.399066120   -0.424542199    0.407176963
    6.296666667   -0.476890246   -0.500102239    0.427319934
    6.306675676   -0.532051488   -0.550010909    0.451153458
    6.316684685   -0.550948453   -0.563271486    0.473344823
    6.326693694   -0.536764593   -0.544668375    0.490776063
    6.336702703   -0.500714761   -0.505699858    0.503140841
    6.346711712   -0.453788692   -0.457024039    0.512249992
    6.356720721   -0.403377405   -0.405635314    0.519759936
    6.366729730   -0.353023086   -0.354810315    0.526250448
    6.376738739   -0.303424888   -0.305073249    0.532815929
    6.386747748   -0.254040131   -0.255713579    0.542079379
    6.396756757   -0.204584115   -0.206305931    0.556362451
    6.406765766   -0.155441633   -0.157160461    0.575540210
    6.416774775   -0.106959389   -0.108606918    0.597343015
    6.426783784   -0.058760105   -0.060284613    0.619004145
    6.436792793   -0.010071213   -0.011443781    0.638498112
    6.446801802    0.039466270    0.038258968    0.655399822
    6.456810811    0.089570538    0.088520720    0.671224098
    6.466819820    0.139562341    0.138616252    0.688107784
    6.476828829    0.188513034    0.187551127    0.706644001
    6.486837838    0.235227148    0.234066883    0.725364239
    6.496846847    0.278170684    0.276580088    0.742226121
    6.506855856    0.315497216    0.313217512    0.756437882
    6.516864865    0.345619379    0.342444110    0.768815368
    6.526873874    0.368622694    0.364566083    0.780227425
    6.536882883    0.387472443    0.382881475    0.790354587
    6.546891892    0.406931371    0.402308504    0.798736733
    6.556900901    0.430486672    0.426162439    0.806568517
    6.566909910    0.458590169    0.454611902    0.816551277
    6.576918919    0.489373653    0.485609924    0.830926867
    6.586927928    0.519678265    0.515944035    0.850066386
    6.596936937    0.545206289    0.541327785    0.872495460
    6.606945946    0.561191773    0.557023494    0.895531671
    6.616954955    0.564698890    0.560125019    0.915990707
    6.626963964    0.556652363    0.551574444    0.931118549
    6.636972973    0.540786471    0.535129009    0.939970756
    6.646981982    0.520882457    0.514639722    0.944448967
    6.656990991    0.499591919    0.492767344    0.948335906
    6.667000000    0.478299030    0.470732458    0.954563920
    6.677009009    0.456723885    0.448122105    0.963470160
    6.687018018    0.433754497    0.424089581    0.973572732
    6.697027027    0.410820911    0.400785381    0.983810810
    6.707036036    0.393838266    0.384707147    0.994894353
    6.717045045    0.388816131    0.381741131    1.007853455
    6.727054054    0.395794814    0.391368698    1.021212086
    6.737063063    0.408707990    0.406975240    1.029916600
    6.747072072    0.420109636    0.420556821    1.026517106
    6.757081081    0.425611668    0.427146340    1.003792787
    6.767090090    0.425494526    0.426758744    0.959108913
    6.777099099    0.423521468    0.423475517    0.899139747
    6.787108108    0.423743300    0.422077601    0.838765006
    6.797117117    0.427793581    0.424842951    0.791900316
    6.807126126    0.435631244    0.432032204    0.764448278
    6.817135135    0.447608294    0.444127099    0.755847409
    6.827144144    0.463686092    0.461177007    0.762986135
    6.837153153    0.481175376    0.480435166    0.781899509
    6.847162162    0.495182921    0.496621185    0.808534860
    6.857171171    0.502200106    0.505404194    0.839505906
    6.867180180    0.503041600    0.506759949    0.872464312
    6.877189189    0.500969415    0.503928607    0.905900204
    6.887198198    0.497088678    0.498779142    0.938684519
    6.897207207    0.489589391    0.490114039    0.969943042
    6.907216216    0.477245228    0.476758872    0.999443519
    6.917225225    0.462212765    0.460718129    1.027904892
    6.927234234    0.449136962    0.446747938    1.056470940
    6.937243243    0.441560187    0.438789768    1.085695656
    6.947252252    0.439512948    0.437067768    1.115220093
    6.957261261    0.440589502    0.438836430    1.144343278
    6.967270270    0.443065633    0.441709387    1.172651425
    6.977279279    0.447958540    0.446226766    1.199939625
    6.987288288    0.458332097    0.455608777    1.225325650
    6.997297297    0.476655398    0.472954761    1.246178914
    7.007306306    0.502690329    0.498475898    1.258081226
    7.017315315    0.534081885    0.529801836    1.256980076
    7.027324324    0.568798022    0.564622799    1.243154319
    7.037333333    0.606101001    0.601933330    1.223196669
    7.047342342    0.644713204    0.640354228    1.205501323
    7.057351351    0.680694693    0.675969657    1.192605969
    7.067360360    0.707807317    0.702536938    1.179104860
    7.077369369    0.720429154    0.714356945    1.156448141
    7.087378378    0.716812357    0.709626460    1.118841342
    7.097387387    0.699622164    0.691078879    1.065769303
    7.107396396    0.673646329    0.663765798    1.001973451
    7.117405405    0.643713592    0.632902201    0.936938013
    7.127414414    0.612746370    0.601557563    0.881095457
    7.137423423    0.579680204    0.568509514    0.839285862
    7.147432432    0.540809736    0.530056874    0.808838347
    7.157441441    0.494248451    0.484459956    0.784428167
    7.167450450    0.441830396    0.433270037    0.764219384
    7.177459459    0.387666073    0.380000440    0.750964020
    7.187468468    0.337117066    0.329664104    0.748061613
    7.197477477    0.294555973    0.286672900    0.756339672
    7.207486486    0.259980974    0.251455344    0.773899367
    7.217495495    0.230280595    0.221522278    0.796994688
    7.227504505    0.204380532    0.196014821    0.820859603
    7.237513514    0.185430657    0.177593671    0.840468618
    7.247522523    0.177768362    0.169945271    0.851450110
    7.257531532    0.182614932    0.174328957    0.851845358
    7.267540541    0.196697420    0.188169962    0.843764385
    7.277549550    0.213653287    0.205464758    0.831871400
    7.287558559    0.226065872    0.218390624    0.818882033
    7.297567568    0.228155860    0.220640823    0.803910209
    7.307576577    0.219326593    0.211575873    0.786277155
    7.317585586    0.205547303    0.197528293    0.769396153
    7.327594595    0.195259781    0.187246694    0.759455293
    7.337603604    0.192919573    0.185228888    0.761133886
    7.347612613    0.197074329    0.189966519    0.775288518
    7.357621622    0.203392867    0.197065253    0.799163076
    7.367630631    0.208554392    0.203099752    0.827760072
    7.377639640    0.213043368    0.208428251    0.855548227
    7.387648649    0.220887992    0.216929250    0.878028459
    7.397657658    0.235675771    0.232042649    0.892900738
    7.407666667    0.257806424    0.254112299    0.899855244
    7.417675676    0.285710071    0.281646954    0.898453036
    7.427684685    0.317102544    0.312593635    0.886813821
    7.437693694    0.348209028    0.343575060    0.864404849
    7.447702703    0.373157737    0.369180599    0.836779813
    7.457711712    0.384479390    0.382162595    0.815143293
    7.467720721    0.374433474    0.374448082    0.809070738
    7.477729730    0.338407570    0.340522696    0.820962855
    7.487738739    0.280399982    0.283275548    0.847518459
    7.497747748    0.215412908    0.217133083    0.883958772
    7.507756757    0.162278525    0.161522124    0.926491281
    7.517765766    0.131817292    0.128525103    0.972589378
    7.527774775    0.123157201    0.118107216    1.020329209
    7.537783784    0.129149525    0.123250952    1.067704558
    7.547792793    0.142100866    0.136050764    1.112029557
    7.557801802    0.155783645    0.150019258    1.149159267
    7.567810811    0.166306765    0.161048677    1.172768618
    7.577819820    0.173371010    0.168624551    1.174579057
    7.587828829    0.179300405    0.174790867    1.146211921
    7.597837838    0.185764647    0.180973729    1.082195476
    7.607846847    0.192529425    0.186997252    0.983288530
    7.617855856    0.199275778    0.193040172    0.860172744
    7.627864865    0.207056909    0.200733811    0.733528300
    7.637873874    0.217711163    0.211974111    0.625001363
    7.647882883    0.232778620    0.227819227    0.546860255
    7.657891892    0.252641117    0.248160380    0.500538441
    7.667900901    0.275224476    0.270765002    0.480035089
    7.677909910    0.295211120    0.290425461    0.475097378
    7.687918919    0.305394154    0.300176263    0.475219617
    7.697927928    0.300346054    0.294971396    0.474141058
    7.707936937    0.280854315    0.276042983    0.472005511
    7.717945946    0.254983156    0.251543540    0.473240655
    7.727954955    0.233046663    0.231219703    0.482128916
    7.737963964    0.221394326    0.220658412    0.500293721
    7.747972973    0.220424369    0.220004007    0.526751920
    7.757981982    0.225829786    0.225243881    0.558534127
    7.767990991    0.231226454    0.230372910    0.591279108
    7.778000000    0.231858538    0.230793833    0.619764885
    7.788009009    0.227454374    0.226210444    0.638182082
    7.798018018    0.220959255    0.219576463    0.640686539
    7.808027027    0.214224660    0.212885810    0.623537989
    7.818036036    0.206033238    0.205024418    0.588794164
    7.828045045    0.194217849    0.193733306    0.545568260
    7.838054054    0.178923065    0.178941569    0.505644566
    7.848063063    0.163606965    0.163917922    0.477992843
    7.858072072    0.152952340    0.153243105    0.466769338
    7.868081081    0.150356890    0.150215333    0.471526735
    7.878090090    0.157348946    0.156323574    0.488674345
    7.888099099    0.173366279    0.171290622    0.513703635
    7.898108108    0.194904258    0.192115762    0.542744915
    7.908117117    0.215914574    0.213056746    0.572985655
    7.918126126    0.229980726    0.227584058    0.602510556
    7.928135135    0.233204642    0.231315181    0.630105864
    7.938144144    0.226255881    0.224425660    0.655124705
    7.948153153    0.213585715    0.211343734    0.677176157
    7.958162162    0.200257183    0.197464373    0.695600918
    7.968171171    0.189367685    0.186026575    0.709199831
    7.978180180    0.181178980    0.177136263    0.716737807
    7.988189189    0.173333268    0.168210955    0.718222067
    7.998198198    0.162053906    0.155441018    0.716149163
    8.008207207    0.144665224    0.136548621    0.715094187
    8.018216216    0.121889558    0.112858042    0.718958688
    8.028225225    0.096959815    0.087768040    0.728502331
    8.038234234    0.072639020    0.063721168    0.741545478
    8.048243243    0.050019746    0.041542718    0.754549827
    8.058252252    0.028375364    0.020477403    0.763818196
    8.068261261    0.005141882   -0.002011803    0.766392599
    8.078270270   -0.021726747   -0.027984895    0.761169805
    8.088279279   -0.050933063   -0.056152749    0.749765004
    8.098288288   -0.078555066   -0.082605293    0.736378864
    8.108297297   -0.100842815   -0.103727937    0.726471867
    8.118306306   -0.115366119   -0.117328756    0.724338429
    8.128315315   -0.120825994   -0.122272199    0.731171135
    8.138324324   -0.117327952   -0.118656888    0.745427189
    8.148333333   -0.106384441   -0.107835397    0.764551581
    8.158342342   -0.090039943   -0.091628150    0.786214153
    8.168351351   -0.070180179   -0.071771135    0.808583153
    8.178360360   -0.048585995   -0.050031539    0.830052194
    8.188369369   -0.027084468   -0.028299556    0.848932749
    8.198378378   -0.007200384   -0.008175077    0.863437709
    8.208387387    0.010299615    0.009517163    0.872107529
    8.218396396    0.025421094    0.024754895    0.874785237
    8.228405405    0.038812897    0.038161205    0.873756153
    8.238414414    0.051758651    0.050982161    0.873353152
    8.248423423    0.065653044    0.064618610    0.877143058
    8.258432432    0.081042488    0.079678235    0.885446267
    8.268441441    0.097309505    0.095596449    0.895613799
    8.278450450    0.113161504    0.111103279    0.903946047
    8.288459459    0.127267270    0.124890026    0.907720884
    8.298468468    0.138795573    0.136153626    0.906714642
    8.308477477    0.147799185    0.144959304    0.903307135
    8.318486486    0.155075433    0.152102773    0.900721657
    8.328495495    0.161395398    0.158349464    0.900539117
    8.338504505    0.166846335    0.163785268    0.901426458
    8.348513514    0.171068734    0.168071859    0.900165090
    8.358522523    0.174115631    0.171283279    0.893680314
    8.368531532    0.176825894    0.174212806    0.879636091
    8.378540541    0.180147247    0.177693185    0.855293981
    8.388549550    0.184378095    0.181940693    0.817543874
    8.398558559    0.189345479    0.186820711    0.766500654
    8.408567568    0.195028862    0.192423306    0.709636531
    8.418576577    0.201694954    0.199069789    0.659720416
    8.428585586    0.209552701    0.206936726    0.626790734
    8.438594595    0.218436912    0.215811167    0.613069926
    8.448603604    0.227790375    0.225114128    0.614731067
    8.458612613    0.236990119    0.234215357    0.626059405
    8.468621622    0.245717022    0.242794830    0.642053373
    8.478630631    0.253977476    0.250879143    0.659253878
    8.488639640    0.261958035    0.258711654    0.675891327
    8.498648649    0.270078513    0.266779592    0.691790162
    8.508657658    0.278934954    0.275692795    0.707714030
    8.518666667    0.288886150    0.285757708    0.724297026
    8.528675676    0.299778529    0.296759173    0.741465597
    8.538684685    0.311074006    0.308126174    0.758598307
    8.548693694    0.322087255    0.319163183    0.774884629
    8.558702703    0.332155005    0.329206288    0.789603020
    8.568711712    0.340837871    0.337826951    0.802437894
    8.578720721    0.348202421    0.345127569    0.813818581
    8.588729730    0.354902920    0.351817545    0.824823783
    8.598738739    0.361769484    0.358754464    0.836443421
    8.608747748    0.369261401    0.366365941    0.848947067
    8.618756757    0.377362771    0.374585649    0.861976173
    8.628765766    0.385805991    0.383134427    0.875008222
    8.638774775    0.394247003    0.391688297    0.887655287
    8.648783784    0.402374914    0.399930286    0.899606114
    8.658792793    0.410044220    0.407660919    0.910419229
    8.668801802    0.417355012    0.414934473    0.919601175
    8.678810811    0.424470937    0.421953603    0.927041053
    8.688819820    0.431234641    0.428656702    0.933218720
    8.698828829    0.437030403    0.434462076    0.938656962
    8.708837838    0.441114872    0.438553770    0.943253705
    8.718846847    0.443168352    0.440512313    0.946611235
    8.728855856    0.443602359    0.440716621    0.949129650
    8.738864865    0.443199690    0.439971761    0.952352790
    8.748873874    0.442091152    0.438424138    0.957822244
    8.758882883    0.439095966    0.434928732    0.965827222
    8.768891892    0.432560352    0.427972627    0.975443330
    8.778900901    0.422263300    0.417559102    0.985405552
    8.788909910    0.410471533    0.406072159    0.994901807
    8.798918919    0.400553528    0.396770293    1.003862519
    8.808927928    0.394462647    0.391394552    1.012594900
    8.818936937    0.391994017    0.389574806    1.021108423
    8.828945946    0.392138948    0.390199618    1.028769401
    8.838954955    0.394443597    0.392766721    1.034276797
    8.848963964    0.398939639    0.397343214    1.035699646
    8.858972973    0.405281723    0.403681555    1.031023939
    8.868981982    0.412443033    0.410840660    1.019664744
    8.878990991    0.419127462    0.417556755    1.003944027
    8.889000000    0.424305650    0.422778875    0.988634628
    8.899009009    0.427669185    0.426138952    0.978508669
    8.909018018    0.429887360    0.428255651    0.975978407
    8.919027027    0.432128004    0.430319684    0.980551447
    8.929036036    0.434950924    0.432979271    0.989967385
    8.939045045    0.437861674    0.435807908    1.001627684
    8.949054054    0.440069095    0.438008803    1.013448165
    8.959063063    0.441434956    0.439391361    1.024136627
    8.969072072    0.442462471    0.440424956    1.033065069
    8.979081081    0.443539848    0.441506918    1.040041366
    8.989090090    0.444644760    0.442623863    1.045198161
    8.999099099    0.445594439    0.443574234    1.048588487
    9.009108108    0.446091552    0.444055628    1.049587684
    9.019117117    0.445759975    0.443728146    1.047210775
    9.029126126    0.444581171    0.442605117    1.041465742
    9.039135135    0.443196540    0.441298321    1.034147983
    9.049144144    0.442580287    0.440712410    1.027740084
    9.059153153    0.443426238    0.441515427    1.023827188
    9.069162162    0.445640065    0.443669354    1.023150872
    9.079171171    0.448130046    0.446171081    1.026237988
    9.089180180    0.449159836    0.447332854    1.033052604
    9.099189189    0.447306468    0.445702465    1.042677293
    9.109198198    0.442650344    0.441255755    1.053955100
    9.119207207    0.437121349    0.435811139    1.066345924
    9.129216216    0.433123905    0.431756461    1.080059586
    9.139225225    0.431723497    0.430243589    1.095443554
    9.149234234    0.432353184    0.430799773    1.112409874
    9.159243243    0.433914832    0.432355084    1.130411730
    9.169252252    0.435966509    0.434435600    1.148687695
    9.179261261    0.438996462    0.437488718    1.166372630
    9.189270270    0.443679475    0.442174601    1.182474683
    9.199279279    0.450124220    0.448604964    1.196053174
    9.209288288    0.457864518    0.456316011    1.206815336
    9.219297297    0.466230300    0.464636443    1.215653771
    9.229306306    0.474592688    0.472933737    1.224200955
    9.239315315    0.482410801    0.480657035    1.233502776
    9.249324324    0.489229030    0.487339642    1.243168132
    9.259333333    0.494786954    0.492729800    1.251854623
    9.269342342    0.499194246    0.496966824    1.258406560
    9.279351351    0.502812103    0.500420862    1.261914077
    9.289360360    0.505735424    0.503151396    1.260128456
    9.299369369    0.507489587    0.504657225    1.248394781
    9.309378378    0.507454740    0.504375994    1.221430555
    9.319387387    0.505670309    0.502474281    1.177608824
    9.329396396    0.503076499    0.499945237    1.122416139
    9.339405405    0.500677865    0.497679117    1.066567999
    9.349414414    0.498600548    0.495641309    1.019040600
    9.359423423    0.496277938    0.493222163    0.982619919
    9.369432432    0.493475898    0.490294041    0.956672870
    9.379441441    0.490908743    0.487727424    0.941454167
    9.389450450    0.489760548    0.486760921    0.937812083
    9.399459459    0.490751784    0.488027499    0.944715272
    9.409468468    0.493737872    0.491259951    0.959014784
    9.419477477    0.497938508    0.495611767    0.976953459
    9.429486486    0.502330432    0.500049630    0.995426375
    9.439495495    0.505942038    0.503620957    1.012552511
    9.449504505    0.508127811    0.505722007    1.027603784
    9.459513514    0.508895790    0.506421243    1.040222455
    9.469522523    0.508994746    0.506511243    1.049713698
    9.479531532    0.509436437    0.507000092    1.055615001
    9.489540541    0.510892578    0.508534477    1.059135375
    9.499549550    0.513568959    0.511302931    1.063318406
    9.509558559    0.517361520    0.515186115    1.071002227
    9.519567568    0.521982687    0.519883357    1.082909926
    9.529576577    0.527076410    0.525036147    1.097822118
    9.539585586    0.532325807    0.530333161    1.113859360
    9.549594595    0.537517804    0.535566011    1.129594768
    9.559603604    0.542567052    0.540648239    1.144707098
    9.569612613    0.547485071    0.545587782    1.159893079
    9.579621622    0.552288401    0.550401697    1.175913680
    9.589630631    0.556921252    0.555039811    1.192730107
    9.599639640    0.561265185    0.559391488    1.209680814
    9.609648649    0.565213118    0.563358068    1.226396715
    9.619657658    0.568731806    0.566913050    1.243498202
    9.629666667    0.571850485    0.570084171    1.262264516
    9.639675676    0.574628868    0.572915142    1.283560190
    9.649684685    0.577211065    0.575526096    1.307237583
    9.659693694    0.579875125    0.578183820    1.332320042
    9.669702703    0.582914068    0.581192996    1.357296637
    9.679711712    0.586452087    0.584698081    1.380182347
    9.689720721    0.590411782    0.588633696    1.398507973
    9.699729730    0.594614894    0.592822849    1.409431101
    9.709738739    0.598873130    0.597072974    1.409866005
    9.719747748    0.603019377    0.601211269    1.396738048
    9.729756757    0.606911739    0.605088760    1.368305081
    9.739765766    0.610431678    0.608574504    1.326214993
    9.749774775    0.613466697    0.611535723    1.275852887
    9.759783784    0.615908470    0.613845158    1.225218331
    9.769792793    0.617720421    0.615473472    1.183561012
    9.779801802    0.619052863    0.616626075    1.157966294
    9.789810811    0.620305329    0.617780247    1.150012427
    9.799819820    0.621981531    0.619469099    1.156204025
    9.809828829    0.624371518    0.621942227    1.170404285
    9.819837838    0.627391010    0.625061569    1.185748870
    9.829846847    0.630699678    0.628463894    1.196090154
    9.839855856    0.633906378    0.631761128    1.197993039
    9.849864865    0.636731357    0.634675859    1.193075856
    9.859873874    0.639100538    0.637112432    1.187714915
    9.869882883    0.641111681    0.639134548    1.188238759
    9.879891892    0.642838576    0.640819980    1.196077411
    9.889900901    0.644153124    0.642108768    1.207524459
    9.899909910    0.644822256    0.642859252    1.216616764
    9.909918919    0.644818478    0.643068658    1.218468199
    9.919927928    0.644517087    0.643005938    1.212385957
    9.929936937    0.644568520    0.643166483    1.203026217
    9.939945946    0.645511420    0.644043057    1.196884187
    9.949954955    0.647452743    0.645816036    1.196525218
    9.959963964    0.650106490    0.648282116    1.198649964
    9.969972973    0.653063569    0.651073852    1.197040374
    9.979981982    0.656014793    0.653906884    1.187464961
    9.989990991    0.658844839    0.656689165    1.171785580
   10.000000000    0.661591773    0.659460835    1.157518941
