# energy grid [eV]     epsr_x  epsr_y  epsr_z
# plasmon frequences [eV]:     8.470563238    8.476552618    7.810784613
    0.001000000  255.386341113  340.755303620   24.668087110
    0.011009009 -332.835864811 -323.979787391   23.943894827
    0.021018018 -435.731760733 -442.334197892   23.654568329
    0.031027027 -441.811842257 -451.736413030   23.673810675
    0.041036036 -421.197784347 -431.796683105   23.822836230
    0.051045045 -390.321133792 -400.688474458   24.049674983
    0.061054054 -355.713182086 -365.458731688   24.331946150
    0.071063063 -320.882361885 -329.820199207   24.651826890
    0.081072072 -287.975059410 -296.025671660   24.988206201
    0.091081081 -258.201039424 -265.372629026   25.314242965
    0.101090090 -231.857873746 -238.242792073   25.597043612
    0.111099099 -208.595343159 -214.323932314   25.797823179
    0.121108108 -188.094614451 -193.265761508   25.881327697
    0.131117117 -170.495538413 -175.157718378   25.847648475
    0.141126126 -156.066503048 -160.257440492   25.755641197
    0.151135135 -144.487572796 -148.279028443   25.669767645
    0.161144144 -134.586580883 -138.081671757   25.548824292
    0.171153153 -124.995957995 -128.281178234   25.183350391
    0.181162162 -115.003394868 -118.117924527   24.222823438
    0.191171171 -104.655994325 -107.604459344   22.291493169
    0.201180180  -94.317054812  -97.094160223   19.230454908
    0.211189189  -84.288572217  -86.892951051   15.378610006
    0.221198198  -74.698158128  -77.135972922   11.524349577
    0.231207207  -65.560508433  -67.843909290    8.385160695
    0.241216216  -56.863244187  -59.007086821    6.191253930
    0.251225225  -48.597914918  -50.617038099    4.806755358
    0.261234234  -40.757470295  -42.665292555    4.049398187
    0.271243243  -33.336799724  -35.144822271    3.797865360
    0.281252252  -26.343995993  -28.061738473    3.915668509
    0.291261261  -19.814822081  -21.450263804    4.202210908
    0.301270270  -13.817138931  -15.378446361    4.420689731
    0.311279279   -8.428092875   -9.927451735    4.352599729
    0.321288288   -3.686832221   -5.144512300    3.866750269
    0.331297297    0.415875535   -1.026735422    2.992130557
    0.341306306    3.847795728    2.397191234    1.931141265
    0.351315315    6.414632498    4.948380638    0.950758897
    0.361324324    7.743883269    6.283803491    0.211763380
    0.371333333    7.377548461    5.997614562   -0.292053499
    0.381342342    4.865725118    3.706929404   -0.642420908
    0.391351351   -0.182807429   -0.935581415   -0.883416775
    0.401360360   -8.098784432   -8.276040358   -0.987661258
    0.411369369  -19.057833467  -18.596916067   -0.906522680
    0.421378378  -32.445676011  -31.504838729   -0.633401983
    0.431387387  -46.154165431  -45.111561880   -0.212110509
    0.441396396  -57.346937441  -56.579500456    0.292206397
    0.451405405  -64.304941952  -63.973015314    0.813753905
    0.461414414  -67.116549199  -67.175059061    1.287507075
    0.471423423  -66.888592644  -67.214762577    1.641608963
    0.481432432  -64.823652264  -65.304545403    1.793646561
    0.491441441  -61.820128206  -62.378081534    1.668286636
    0.501450450  -58.440279377  -59.029064423    1.251181051
    0.511459459  -54.998122638  -55.592923219    0.648977444
    0.521468468  -51.656845035  -52.246254570    0.063803786
    0.531477477  -48.505173248  -49.086199461   -0.335172506
    0.541486486  -45.601325261  -46.175534094   -0.502680827
    0.551495495  -42.983662461  -43.552398413   -0.487898777
    0.561504505  -40.656565633  -41.215586174   -0.359373154
    0.571513514  -38.571544181  -39.109598084   -0.162051668
    0.581522523  -36.637935625  -37.142917885    0.083112775
    0.591531532  -34.771947603  -35.238774334    0.362461600
    0.601540541  -32.937231581  -33.368870651    0.660045789
    0.611549550  -31.141658340  -31.544576186    0.957802106
    0.621558559  -29.412052964  -29.792082758    1.237269731
    0.631567568  -27.775002184  -28.135717312    1.479417223
    0.641576577  -26.246889244  -26.589528303    1.665177459
    0.651585586  -24.830096849  -25.153858588    1.781206139
    0.661594595  -23.521372137  -23.823229664    1.831154370
    0.671603604  -22.333801058  -22.607425637    1.840942291
    0.681612613  -21.315628315  -21.549989102    1.844649661
    0.691621622  -20.549011399  -20.728813723    1.861280193
    0.701630631  -20.119310884  -20.231545839    1.886714905
    0.711639640  -20.047854847  -20.096705405    1.907145592
    0.721648649  -20.220369778  -20.238401760    1.919714360
    0.731657658  -20.404029090  -20.438087086    1.940139050
    0.741666667  -20.382198779  -20.462943457    1.989408725
    0.751675676  -20.071217455  -20.201486185    2.076439232
    0.761684685  -19.510318197  -19.676756258    2.195597694
    0.771693694  -18.785340940  -18.972271214    2.335045010
    0.781702703  -17.974362529  -18.169880052    2.483841214
    0.791711712  -17.130957972  -17.327524573    2.634446552
    0.801720721  -16.286019702  -16.479235676    2.782776489
    0.811729730  -15.453981774  -15.641288462    2.927572257
    0.821738739  -14.639525959  -14.819350853    3.069317979
    0.831747748  -13.843823800  -14.015159124    3.208893877
    0.841756757  -13.068297894  -13.230570693    3.346808634
    0.851765766  -12.315425296  -12.468639497    3.483254196
    0.861774775  -11.588564875  -11.733680199    3.618406492
    0.871783784  -10.893335515  -11.032544475    3.752576987
    0.881792793  -10.242377381  -10.379036222    3.886214415
    0.891801802   -9.662819438   -9.801600943    4.019848893
    0.901810811   -9.203281655   -9.351123957    4.154027188
    0.911819820   -8.935495660   -9.102603385    4.289255042
    0.921828829   -8.940131778   -9.138766139    4.425961435
    0.931837838   -9.262316316   -9.500287649    4.564502146
    0.941846847   -9.844382271  -10.114406583    4.705153221
    0.951855856  -10.501276394  -10.778545008    4.847876109
    0.961864865  -11.007854394  -11.265187371    4.991593112
    0.971873874  -11.233020054  -11.457396333    5.132969497
    0.981882883  -11.181688146  -11.374713322    5.264760186
    0.991891892  -10.938568381  -11.107792476    5.373446376
    1.001900901  -10.605290577  -10.757851263    5.436049845
    1.011909910  -10.273938785  -10.414590556    5.417668967
    1.021918919  -10.022489322  -10.153977037    5.275219136
    1.031927928   -9.906029039  -10.030253667    4.977040768
    1.041936937   -9.930736442  -10.049764844    4.539790516
    1.051945946  -10.031898125  -10.147974029    4.050759895
    1.061954955  -10.102431186  -10.217147809    3.629786055
    1.071963964  -10.063159442  -10.177072147    3.355349817
    1.081972973   -9.899330044  -10.012358660    3.235092703
    1.091981982   -9.639736165   -9.751641852    3.233546941
    1.101990991   -9.322707245   -9.433295827    3.307985309
    1.112000000   -8.978643521   -9.087793705    3.425335938
    1.122009009   -8.627074928   -8.734712165    3.564398119
    1.132018018   -8.279199465   -8.385260509    3.712894090
    1.142027027   -7.941033779   -8.045428046    3.864153160
    1.152036036   -7.615815697   -7.718377992    4.014706845
    1.162045045   -7.305636651   -7.406066583    4.162816389
    1.172054054   -7.012528810   -7.110326608    4.307763432
    1.182063063   -6.739083623   -6.833533904    4.449783887
    1.192072072   -6.488388120   -6.578720616    4.590294708
    1.202081081   -6.262847306   -6.348727188    4.731612606
    1.212090090   -6.062058596   -6.144213152    4.875828014
    1.222099099   -5.881918360   -5.962072145    5.023790336
    1.232108108   -5.716864606   -5.796708409    5.174963253
    1.242117117   -5.561727241   -5.642176251    5.327625951
    1.252126126   -5.410125650   -5.491468667    5.478676775
    1.262135135   -5.254572252   -5.336667732    5.622895164
    1.272144144   -5.090824962   -5.173133798    5.752370567
    1.282153153   -4.920152299   -5.001991341    5.857519365
    1.292162162   -4.746747580   -4.827643954    5.929763875
    1.302171171   -4.574634226   -4.654402691    5.961149262
    1.312180180   -4.407346606   -4.485806600    5.934762798
    1.322189189   -4.249246723   -4.325941791    5.812158716
    1.332198198   -4.105591078   -4.179856961    5.537142488
    1.342207207   -3.979931743   -4.051304481    5.070539564
    1.352216216   -3.869961436   -3.938635785    4.445895649
    1.362225225   -3.766271228   -3.833071387    3.789209319
    1.372234234   -3.657685799   -3.723429081    3.250145249
    1.382243243   -3.538104882   -3.603125738    2.908652284
    1.392252252   -3.407689202   -3.471964547    2.757653553
    1.402261261   -3.269777859   -3.333222970    2.746926955
    1.412270270   -3.128038601   -3.190621715    2.823712982
    1.422279279   -2.985253635   -3.046982031    2.948801390
    1.432288288   -2.843178873   -2.904070419    3.097304531
    1.442297297   -2.702776119   -2.762848494    3.254772299
    1.452306306   -2.564450578   -2.623722677    3.413381993
    1.462315315   -2.428202916   -2.486698327    3.569249210
    1.472324324   -2.293758212   -2.351502355    3.720730898
    1.482333333   -2.160726919   -2.217739599    3.867411661
    1.492342342   -2.028740321   -2.085033866    4.009516055
    1.502351351   -1.897505454   -1.953088718    4.147571630
    1.512360360   -1.766807921   -1.821688367    4.282217383
    1.522369369   -1.636513185   -1.690694408    4.414102772
    1.532378378   -1.506603029   -1.560078270    4.543846074
    1.542387387   -1.377261898   -1.430000765    4.671989343
    1.552396396   -1.249013911   -1.300934694    4.798819997
    1.562405405   -1.122928002   -1.173848186    4.923982496
    1.572414414   -1.000983577   -1.050550086    5.045969389
    1.582423423   -0.886761248   -0.934365636    5.161596540
    1.592432432   -0.786461036   -0.831148837    5.265623989
    1.602441441   -0.709754708   -0.750221603    5.351148913
    1.612450450   -0.669040182   -0.703998372    5.411892183
    1.622459459   -0.674434406   -0.703682498    5.446748485
    1.632468468   -0.723621794   -0.749362685    5.464067844
    1.642477477   -0.794602818   -0.821153503    5.480656318
    1.652486486   -0.854541290   -0.885725271    5.513076811
    1.662495495   -0.880206326   -0.917156920    5.566658894
    1.672504505   -0.867624136   -0.909031871    5.631545116
    1.682513514   -0.824728003   -0.868453123    5.686827824
    1.692522523   -0.761670368   -0.806349469    5.707105438
    1.702531532   -0.687843056   -0.733757022    5.670362460
    1.712540541   -0.612346247   -0.661281695    5.570411835
    1.722549550   -0.544088577   -0.598431648    5.428909671
    1.732558559   -0.490415313   -0.551552486    5.288455825
    1.742567568   -0.453680533   -0.520028462    5.185463260
    1.752576577   -0.427866579   -0.494480586    5.134131090
    1.762585586   -0.400192267   -0.461605254    5.134533716
    1.772594595   -0.358819443   -0.412430103    5.183147159
    1.782603604   -0.299489228   -0.345917313    5.273106587
    1.792612613   -0.225001144   -0.266261325    5.392833980
    1.802621622   -0.140496293   -0.178443194    5.528952049
    1.812630631   -0.049955289   -0.085731729    5.670566995
    1.822639640    0.044719117    0.010604861    5.812576398
    1.832648649    0.143190930    0.110568793    5.955992760
    1.842657658    0.245401231    0.214136460    6.103002871
    1.852666667    0.350070483    0.319907214    6.250655962
    1.862675676    0.453959838    0.424531235    6.390376047
    1.872684685    0.551818993    0.522687826    6.514080206
    1.882693694    0.636526452    0.607189220    6.621153292
    1.892702703    0.700170351    0.670104441    6.718720509
    1.902711712    0.737876569    0.706764343    6.815765591
    1.912720721    0.754087038    0.722171621    6.921689770
    1.922729730    0.764642799    0.732756253    7.048459662
    1.932738739    0.787871311    0.756832035    7.204692317
    1.942747748    0.832219278    0.802218912    7.385482761
    1.952756757    0.893550440    0.864109185    7.568634190
    1.962765766    0.961283147    0.931515828    7.714719490
    1.972774775    1.025313116    0.994155092    7.766405703
    1.982783784    1.079453718    1.045814868    7.652439762
    1.992792793    1.120428965    1.083484976    7.308217248
    2.002801802    1.145963330    1.105900726    6.718697125
    2.012810811    1.157583059    1.116436354    5.961087921
    2.022819820    1.164981271    1.125982467    5.195708857
    2.032828829    1.182178005    1.147300546    4.581464302
    2.042837838    1.216638652    1.185014584    4.184976470
    2.052846847    1.263395116    1.232033256    3.973672545
    2.062855856    1.308543621    1.273992742    3.876483805
    2.072864865    1.337617208    1.297684589    3.832832367
    2.082873874    1.344776507    1.300008915    3.793953995
    2.092882883    1.337738864    1.291399461    3.706209487
    2.102891892    1.332565108    1.288575150    3.518510977
    2.112900901    1.343345614    1.304447753    3.213061620
    2.122909910    1.378197078    1.345671847    2.826801786
    2.132918919    1.440606548    1.414370216    2.441159877
    2.142927928    1.530196304    1.509039852    2.143978407
    2.152936937    1.643094456    1.625368239    1.984412598
    2.162945946    1.772885928    1.757109860    1.956820896
    2.172954955    1.911760612    1.896768206    2.025953018
    2.182963964    2.051263340    2.036056062    2.158811570
    2.192972973    2.182183912    2.165749021    2.334197910
    2.202981982    2.293844263    2.275008013    2.537082916
    2.212990991    2.374164945    2.351538212    2.755013187
    2.223000000    2.413163610    2.385403867    2.978314984
    2.233009009    2.410543721    2.376938553    3.199827961
    2.243018018    2.379484224    2.340244835    3.414763030
    2.253027027    2.337359348    2.293444923    3.621335146
    2.263036036    2.293375448    2.246643562    3.821575957
    2.273045045    2.251042219    2.204569887    4.021236382
    2.283054054    2.219072612    2.176285141    4.225942161
    2.293063063    2.210672830    2.173407842    4.435230487
    2.303072072    2.230911545    2.198343035    4.640536940
    2.313081081    2.268749028    2.238159361    4.827430451
    2.323090090    2.299699172    2.268087387    4.977724027
    2.333099099    2.291531066    2.256397659    5.071296210
    2.343108108    2.209813102    2.169043764    5.094758489
    2.353117117    2.029500447    1.982129529    5.060109180
    2.363126126    1.756455801    1.704811733    5.014187986
    2.373135135    1.443287880    1.393337409    5.014839230
    2.383144144    1.167626868    1.125127945    5.093407576
    2.393153153    0.979911936    0.946522478    5.245349660
    2.403162162    0.876862641    0.850399684    5.447757762
    2.413171171    0.819568555    0.796218580    5.675228097
    2.423180180    0.764236238    0.740128699    5.902881162
    2.433189189    0.684742970    0.657288872    6.103285524
    2.443198198    0.583107515    0.552349526    6.243423432
    2.453207207    0.480756874    0.449110637    6.281522627
    2.463216216    0.396527171    0.366152660    6.162997907
    2.473225225    0.332475426    0.303050100    5.824132982
    2.483234234    0.275788263    0.245384170    5.220715315
    2.493243243    0.212777345    0.180823468    4.377371711
    2.503252252    0.146204167    0.115353660    3.411554040
    2.513261261    0.098937682    0.073706147    2.489635189
    2.523270270    0.096251415    0.079686175    1.738674260
    2.533279279    0.145738672    0.137715259    1.192528110
    2.543288288    0.236043773    0.234331834    0.813912891
    2.553297297    0.350023481    0.352096001    0.551712907
    2.563306306    0.476589568    0.480665918    0.383667123
    2.573315315    0.613036407    0.618246284    0.319850704
    2.583324324    0.759208106    0.765194199    0.371020861
    2.593333333    0.911238430    0.917684970    0.523888710
    2.603342342    1.060223733    1.066574430    0.746512097
    2.613351351    1.194461771    1.199704942    1.004673482
    2.623360360    1.302868048    1.305344987    1.271070091
    2.633369369    1.378732884    1.376265908    1.527033419
    2.643378378    1.421955331    1.412452412    1.761811201
    2.653387387    1.436799146    1.418519675    1.971001760
    2.663396396    1.424222586    1.394951399    2.152334626
    2.673405405    1.375525332    1.332173064    2.300235292
    2.683414414    1.278956285    1.219552298    2.405316662
    2.693423423    1.137769273    1.064815565    2.460236836
    2.703432432    0.980894729    0.902558769    2.467921040
    2.713441441    0.850695077    0.777292045    2.448006343
    2.723450450    0.776984052    0.715558677    2.434503264
    2.733459459    0.761200199    0.713484485    2.459410812
    2.743468468    0.779647849    0.743866311    2.534326553
    2.753477477    0.797634928    0.771002811    2.649034576
    2.763486486    0.786166967    0.766028772    2.785146491
    2.773495495    0.735650249    0.719532808    2.929452206
    2.783504505    0.656719986    0.642541230    3.078093292
    2.793513514    0.565044096    0.551535485    3.232076728
    2.803522523    0.467742850    0.454163557    3.391329118
    2.813531532    0.363256449    0.348863290    3.552073058
    2.823540541    0.247751389    0.231879051    3.706055672
    2.833549550    0.125235984    0.107751876    3.843055800
    2.843558559    0.014491720   -0.003613200    3.958930928
    2.853567568   -0.059147186   -0.075694091    4.061816132
    2.863576577   -0.079238656   -0.092188347    4.165207058
    2.873585586   -0.045602177   -0.054459799    4.273597577
    2.883594595    0.029216430    0.023559222    4.380118036
    2.893603604    0.128294568    0.124509652    4.477766974
    2.903612613    0.236171751    0.233033579    4.564751427
    2.913621622    0.340215284    0.336706008    4.634510676
    2.923630631    0.430537387    0.425944516    4.667582595
    2.933639640    0.500899970    0.494983080    4.640283922
    2.943648649    0.549710402    0.542704444    4.539155703
    2.953657658    0.579839548    0.572117974    4.364558326
    2.963666667    0.598310213    0.589858466    4.124671626
    2.973675676    0.615457948    0.605683709    3.834736871
    2.983684685    0.640490188    0.628612786    3.522087399
    2.993693694    0.675675334    0.661242213    3.221188382
    3.003702703    0.715753764    0.698896493    2.963843797
    3.013711712    0.752128876    0.733578165    2.778976186
    3.023720721    0.776967303    0.757870055    2.691223353
    3.033729730    0.786407785    0.768070204    2.706762650
    3.043738739    0.784014170    0.767617200    2.802334316
    3.053747748    0.780355355    0.766426529    2.930404817
    3.063756757    0.784824278    0.772747077    3.032291258
    3.073765766    0.797814312    0.786117444    3.051693408
    3.083774775    0.812867590    0.800308987    2.952374293
    3.093783784    0.825577129    0.812287927    2.743630972
    3.103792793    0.839755929    0.827329886    2.493151428
    3.113801802    0.864377220    0.854393023    2.292535019
    3.123810811    0.904735536    0.897278618    2.195951313
    3.133819820    0.958027367    0.951723550    2.193421253
    3.143828829    1.015977676    1.008973982    2.228065606
    3.153837838    1.069738123    1.060748680    2.227426739
    3.163846847    1.113985634    1.103032073    2.132509013
    3.173855856    1.148862349    1.137115888    1.918601463
    3.183864865    1.178340469    1.167017727    1.600255286
    3.193873874    1.207010647    1.196586646    1.221067997
    3.203882883    1.238724264    1.229122818    0.838855851
    3.213891892    1.276106870    1.267102875    0.511249945
    3.223900901    1.319163976    1.310322489    0.275616092
    3.233909910    1.364220715    1.354746520    0.129602126
    3.243918919    1.405331833    1.394476238    0.038872162
    3.253927928    1.438113698    1.425843074   -0.027024533
    3.263936937    1.462773452    1.449788586   -0.068001843
    3.273945946    1.483262298    1.470265073   -0.064035928
    3.283954955    1.504266621    1.491498376   -0.002813924
    3.293963964    1.529303928    1.516835477    0.111111883
    3.303972973    1.559943456    1.548155044    0.264833365
    3.313981982    1.595927595    1.585429695    0.444755340
    3.323990991    1.635467567    1.626469492    0.637649266
    3.334000000    1.674706717    1.666841484    0.829676120
    3.344009009    1.708132334    1.700982451    1.008531323
    3.354018018    1.730503233    1.723982523    1.167869054
    3.364027027    1.736580447    1.730723111    1.307192098
    3.374036036    1.717909322    1.712398810    1.423359945
    3.384045045    1.664126795    1.658000498    1.502104230
    3.394054054    1.573113900    1.564909263    1.521139243
    3.404063063    1.459358184    1.448000611    1.464813551
    3.414072072    1.346346296    1.332302711    1.339667193
    3.424081081    1.249914956    1.235233109    1.179064485
    3.434090090    1.172399993    1.159327929    1.031392157
    3.444099099    1.110234903    1.099678436    0.935634575
    3.454108108    1.063568852    1.054796495    0.903520661
    3.464117117    1.037602005    1.029286278    0.925140055
    3.474126126    1.035373886    1.026678122    0.985531843
    3.484135135    1.053315977    1.044081051    1.072433608
    3.494144144    1.084603590    1.074951490    1.174086604
    3.504153153    1.123365804    1.113283273    1.274820621
    3.514162162    1.165173970    1.154404216    1.354124100
    3.524171171    1.206789293    1.195136331    1.391855124
    3.534180180    1.247442982    1.235132800    1.378055317
    3.544189189    1.289208365    1.276909937    1.322043209
    3.554198198    1.335127407    1.323669504    1.252847154
    3.564207207    1.387140198    1.377097834    1.204007896
    3.574216216    1.445194131    1.436626329    1.191525607
    3.584225225    1.507493057    1.500066654    1.207804154
    3.594234234    1.571386753    1.564662596    1.236769942
    3.604243243    1.634042523    1.627637168    1.272873529
    3.614252252    1.692556941    1.686171314    1.325440273
    3.624261261    1.744044047    1.737477546    1.405651031
    3.634270270    1.786618468    1.779837743    1.513504085
    3.644279279    1.821165530    1.814361872    1.637328256
    3.654288288    1.851459705    1.844949327    1.759411046
    3.664297297    1.880796164    1.874818493    1.859794182
    3.674306306    1.908470396    1.903139775    1.918341603
    3.684315315    1.930170484    1.925570305    1.918232190
    3.694324324    1.941181943    1.937344679    1.852856397
    3.704333333    1.939657956    1.936405359    1.735117433
    3.714342342    1.928356691    1.925325196    1.600586207
    3.724351351    1.913242652    1.910294143    1.493558534
    3.734360360    1.899924193    1.897380115    1.444721438
    3.744369369    1.892055879    1.890266576    1.461730122
    3.754378378    1.893069901    1.891939529    1.535582651
    3.764387387    1.907361101    1.906459216    1.650972195
    3.774396396    1.937814490    1.936793520    1.793190997
    3.784405405    1.983349439    1.982098630    1.950880136
    3.794414414    2.039977288    2.038459144    2.116039960
    3.804423423    2.103169734    2.101234080    2.282796210
    3.814432432    2.168924768    2.166273373    2.445886548
    3.824441441    2.233432782    2.229656688    2.599117133
    3.834450450    2.292174117    2.286720975    2.733540075
    3.844459459    2.339108176    2.331270090    2.835710303
    3.854468468    2.366948585    2.356186527    2.888714935
    3.864477477    2.370063669    2.356759132    2.879893241
    3.874486486    2.349679159    2.335525944    2.812999601
    3.884495495    2.315824648    2.302758128    2.709557824
    3.894504505    2.280653357    2.269250493    2.589050867
    3.904513514    2.250003667    2.239453300    2.450289940
    3.914522523    2.223801773    2.213212195    2.280600732
    3.924531532    2.202260475    2.191771513    2.082266189
    3.934540541    2.188595154    2.179392282    1.886869631
    3.944549550    2.185275322    2.178586707    1.739894585
    3.954558559    2.188729306    2.185033323    1.668082981
    3.964567568    2.189901418    2.188993169    1.665818312
    3.974576577    2.181350478    2.182623563    1.710945415
    3.984585586    2.164593020    2.167107748    1.786019148
    3.994594595    2.150291598    2.152917423    1.885093154
    4.004603604    2.150199223    2.152050993    2.006417659
    4.014612613    2.169104022    2.169925181    2.143547835
    4.024621622    2.204126214    2.204214217    2.282677642
    4.034630631    2.249263617    2.249093223    2.404165037
    4.044639640    2.299029823    2.298958630    2.485441138
    4.054648649    2.348949260    2.349055009    2.505985972
    4.064657658    2.395272686    2.395094888    2.454267992
    4.074666667    2.435930770    2.434364735    2.331223779
    4.084675676    2.471518594    2.467583440    2.146900937
    4.094684685    2.504980725    2.499014787    1.920550860
    4.104693694    2.540537839    2.534130288    1.685594611
    4.114702703    2.581554583    2.576157157    1.480016788
    4.124711712    2.627741168    2.623740816    1.329018226
    4.134720721    2.674303067    2.671194914    1.243350454
    4.144729730    2.713731681    2.710622817    1.223622406
    4.154738739    2.738672720    2.734576828    1.259078375
    4.164747748    2.743889590    2.737853279    1.329570005
    4.174756757    2.726029876    2.717306038    1.413169584
    4.184765766    2.682937535    2.671379407    1.494437226
    4.194774775    2.616345895    2.602784275    1.569072889
    4.204783784    2.537323451    2.523366179    1.641170542
    4.214792793    2.466152237    2.453455759    1.715299837
    4.224801802    2.421909585    2.411475928    1.790939607
    4.234810811    2.410909822    2.402788453    1.861592774
    4.244819820    2.425008900    2.418544585    1.916485572
    4.254828829    2.448811334    2.443182967    1.945259011
    4.264837838    2.468558551    2.463259527    1.944788570
    4.274846847    2.478898965    2.473966681    1.922319969
    4.284855856    2.485271648    2.481115030    1.891207758
    4.294864865    2.498889168    2.495859876    1.863001461
    4.304873874    2.527228193    2.525352225    1.841802213
    4.314882883    2.569141139    2.568051024    1.826175871
    4.324891892    2.617639847    2.616491482    1.815216780
    4.334900901    2.664566172    2.662060770    1.807853095
    4.344909910    2.702967293    2.697631215    1.799237877
    4.354918919    2.728698067    2.719246550    1.786382774
    4.364927928    2.741569963    2.727389779    1.776643918
    4.374936937    2.742919485    2.724780016    1.783314972
    4.384945946    2.731815371    2.712170765    1.812814544
    4.394954955    2.705722265    2.687953051    1.861013057
    4.404963964    2.664808229    2.651964078    1.919635647
    4.414972973    2.614949438    2.608622444    1.981491756
    4.424981982    2.566737759    2.566403416    2.040584954
    4.434990991    2.531302427    2.534798609    2.092818412
    4.445000000    2.515612976    2.520293061    2.140334587
    4.455009009    2.520073470    2.523633595    2.192685321
    4.465018018    2.538082678    2.539001666    2.259001073
    4.475027027    2.556515997    2.553978951    2.338009722
    4.485036036    2.558823404    2.552174311    2.415642974
    4.495045045    2.530585956    2.519216025    2.468796723
    4.505054054    2.464582582    2.448791710    2.470058013
    4.515063063    2.363781547    2.345697601    2.393563378
    4.525072072    2.241581429    2.224663032    2.225252866
    4.535081081    2.118866078    2.105926700    1.978239810
    4.545090090    2.018497024    2.010187958    1.699651930
    4.555099099    1.957020093    1.952227747    1.449648472
    4.565108108    1.938805961    1.935896193    1.269104917
    4.575117117    1.958677100    1.956276138    1.170356544
    4.585126126    2.008145030    2.005438796    1.148338441
    4.595135135    2.078812083    2.075537593    1.190594511
    4.605144144    2.163178605    2.159413865    1.280969359
    4.615153153    2.254931540    2.250862762    1.402395112
    4.625162162    2.348931024    2.344698692    1.539838290
    4.635171171    2.440634670    2.436283103    1.681360543
    4.645180180    2.525556774    2.521065082    1.817515391
    4.655189189    2.599705152    2.595061486    1.941016176
    4.665198198    2.661563378    2.656864128    2.048112132
    4.675207207    2.714396255    2.709926093    2.140908990
    4.685216216    2.765297833    2.761519183    2.226852798
    4.695225225    2.820056970    2.817522415    2.312941772
    4.705234234    2.878987483    2.878224577    2.399820149
    4.715243243    2.937429683    2.938703645    2.482654289
    4.725252252    2.988930680    2.991832572    2.556929649
    4.735261261    3.028203419    3.031466866    2.621036653
    4.745270270    3.052781000    3.054961753    2.672917097
    4.755279279    3.063876780    3.064606403    2.708817528
    4.765288288    3.066888549    3.067170366    2.728987636
    4.775297297    3.069100794    3.070036376    2.740249091
    4.785306306    3.073612345    3.075087130    2.747610150
    4.795315315    3.076619022    3.077402827    2.746742355
    4.805324324    3.072807008    3.071696069    2.728038152
    4.815333333    3.061633442    3.058326798    2.682075305
    4.825342342    3.045880071    3.040830703    2.598073568
    4.835351351    3.026175093    3.020030016    2.468261634
    4.845360360    3.001648212    2.995051784    2.304769478
    4.855369369    2.974665539    2.968053982    2.144276918
    4.865378378    2.950587772    2.943926123    2.022845923
    4.875387387    2.934531799    2.927629469    1.949450476
    4.885396396    2.930433550    2.923439726    1.906152707
    4.895405405    2.940243352    2.933486207    1.863319078
    4.905414414    2.962839990    2.956259538    1.795337572
    4.915423423    2.995659464    2.988518451    1.696906201
    4.925432432    3.037418344    3.028896034    1.592363372
    4.935441441    3.088893289    3.079397361    1.521593633
    4.945450450    3.151720855    3.143100753    1.510128097
    4.955459459    3.225785108    3.219746043    1.555499504
    4.965468468    3.306431332    3.303269124    1.637104943
    4.975477477    3.384856559    3.383777836    1.731230847
    4.985486486    3.452529220    3.452437649    1.821143702
    4.995495495    3.505609644    3.505325908    1.901569876
    5.005504505    3.544035989    3.542313228    1.975773566
    5.015513514    3.565008815    3.560960025    2.046660949
    5.025522523    3.557989150    3.551462511    2.110598265
    5.035531532    3.508338515    3.499686935    2.158312152
    5.045540541    3.410487081    3.400053361    2.177589871
    5.055549550    3.280665032    3.268537784    2.156285737
    5.065558559    3.150950010    3.137057858    2.090633760
    5.075567568    3.046693355    3.030877177    1.994598608
    5.085576577    2.974639213    2.956722768    1.896565936
    5.095585586    2.929827960    2.909900516    1.822373309
    5.105594595    2.904463717    2.882955113    1.781212414
    5.115603604    2.888612625    2.866230671    1.764096479
    5.125612613    2.869872185    2.848033243    1.751851360
    5.135621622    2.839727201    2.820707421    1.728054025
    5.145630631    2.800791070    2.786500220    1.690119563
    5.155639640    2.767034087    2.757519446    1.651396687
    5.165648649    2.755198236    2.748634438    1.631478112
    5.175657658    2.773162053    2.767282309    1.641700096
    5.185666667    2.817686358    2.811380899    1.681127327
    5.195675676    2.882069761    2.875815084    1.744289256
    5.205684685    2.962067500    2.957023498    1.827406425
    5.215693694    3.056261149    3.053384732    1.927624852
    5.225702703    3.164346712    3.164132951    2.039810619
    5.235711712    3.284134073    3.286507742    2.154154357
    5.245720721    3.408642073    3.413023339    2.255083511
    5.255729730    3.526202527    3.531791388    2.322529459
    5.265738739    3.623780023    3.629776284    2.337230175
    5.275747748    3.692881873    3.698560853    2.291594272
    5.285756757    3.736016288    3.740813064    2.200317529
    5.295765766    3.766591950    3.770149617    2.095618179
    5.305774775    3.798123940    3.800080894    2.005796208
    5.315783784    3.832938014    3.832795013    1.939725959
    5.325792793    3.863237163    3.860652395    1.891483915
    5.335801802    3.882089866    3.877143904    1.853797685
    5.345810811    3.890852610    3.883969988    1.823405690
    5.355819820    3.894617282    3.886374469    1.795184818
    5.365828829    3.893561320    3.884807421    1.757282353
    5.375837838    3.884304170    3.876495589    1.700506519
    5.385846847    3.865991705    3.860658159    1.634534844
    5.395855856    3.835810678    3.833115297    1.586097070
    5.405864865    3.779941450    3.778174047    1.575907155
    5.415873874    3.676563695    3.673377498    1.604020820
    5.425882883    3.512883150    3.507111707    1.657245259
    5.435891892    3.302748841    3.295182713    1.721790111
    5.445900901    3.083835634    3.076251308    1.788362327
    5.455909910    2.892480075    2.886107139    1.851903388
    5.465918919    2.744697027    2.739712527    1.910464641
    5.475927928    2.636573853    2.632480178    1.962909941
    5.485936937    2.550934072    2.546680178    2.005517815
    5.495945946    2.466263197    2.460051468    2.031442518
    5.505954955    2.367178904    2.356613943    2.035327301
    5.515963964    2.247994606    2.230927382    2.019818769
    5.525972973    2.110389997    2.086478901    1.995629534
    5.535981982    1.966058661    1.937815454    1.973075753
    5.545990991    1.838607075    1.810099217    1.956721557
    5.556000000    1.749273018    1.723570365    1.947561011
    5.566009009    1.701217620    1.679541487    1.944429619
    5.576018018    1.686486477    1.669083288    1.946009678
    5.586027027    1.703904631    1.690734640    1.956174241
    5.596036036    1.760396596    1.751057467    1.983461010
    5.606045045    1.856609563    1.850206256    2.034031516
    5.616054054    1.979804164    1.975137974    2.108438372
    5.626063063    2.109795511    2.105545729    2.202022020
    5.636072072    2.227042398    2.221862211    2.303748412
    5.646081081    2.317148351    2.310119107    2.395654621
    5.656090090    2.373899674    2.365401940    2.456038269
    5.666099099    2.402116912    2.394166678    2.465946186
    5.676108108    2.414476649    2.409529193    2.416152041
    5.686117117    2.421344738    2.420370867    2.312159980
    5.696126126    2.426740283    2.428502548    2.177967365
    5.706135135    2.433463759    2.435536440    2.054416603
    5.716144144    2.445031725    2.445418643    1.982543111
    5.726153153    2.461747639    2.459498346    1.982390716
    5.736162162    2.478348674    2.473136140    2.048231376
    5.746171171    2.488178731    2.480098805    2.158120605
    5.756180180    2.490693001    2.480611233    2.284369039
    5.766189189    2.493724603    2.483441403    2.400257094
    5.776198198    2.508789052    2.500258550    2.485481931
    5.786207207    2.543423442    2.537270828    2.530212970
    5.796216216    2.595075759    2.589917564    2.531235912
    5.806225225    2.652887258    2.646294488    2.481180843
    5.816234234    2.707742472    2.698079050    2.369014803
    5.826243243    2.761795642    2.749566214    2.198222988
    5.836252252    2.827103245    2.814613926    1.994749012
    5.846261261    2.913858916    2.903393355    1.783067775
    5.856270270    3.021610583    3.014205361    1.562263307
    5.866279279    3.141339689    3.137288840    1.320049130
    5.876288288    3.262087347    3.261716973    1.064522194
    5.886297297    3.374827271    3.378189309    0.829612394
    5.896306306    3.473504238    3.479688932    0.650427802
    5.906315315    3.552168201    3.559482506    0.540179330
    5.916324324    3.596586654    3.603487669    0.484817963
    5.926333333    3.580211631    3.585938700    0.453269629
    5.936342342    3.475744095    3.480427457    0.418263149
    5.946351351    3.277287397    3.281768947    0.373438798
    5.956360360    3.014667051    3.019279156    0.330951087
    5.966369369    2.743268738    2.745984547    0.304402975
    5.976378378    2.515848046    2.513055003    0.297437462
    5.986387387    2.360455987    2.350489042    0.305528584
    5.996396396    2.278903517    2.263501942    0.323053409
    6.006405405    2.260570054    2.242751279    0.348142704
    6.016414414    2.293590402    2.275179546    0.383823047
    6.026423423    2.363463252    2.344667409    0.435627632
    6.036432432    2.446071837    2.426632260    0.506539971
    6.046441441    2.506308612    2.486688478    0.593320888
    6.056450450    2.507688846    2.489218602    0.687615835
    6.066459459    2.430924320    2.414751333    0.779389362
    6.076468468    2.290804974    2.276630115    0.860217634
    6.086477477    2.133956124    2.119942425    0.926341393
    6.096486486    2.013419412    1.997278693    0.979806152
    6.106495495    1.961227919    1.941664749    1.026538882
    6.116504505    1.978936271    1.956653154    1.073097003
    6.126513514    2.044187390    2.021449718    1.123662738
    6.136522523    2.122395544    2.101507358    1.178378583
    6.146531532    2.178293956    2.160132626    1.234946522
    6.156540541    2.184415114    2.167754602    1.291384910
    6.166549550    2.123002457    2.106131597    1.345362128
    6.176558559    1.985601913    1.970063902    1.392398779
    6.186567568    1.776533790    1.768210442    1.428120815
    6.196576577    1.515746752    1.519863988    1.451629169
    6.206585586    1.235134837    1.250204350    1.463554401
    6.216594595    0.970163290    0.988579400    1.462015127
    6.226603604    0.748209835    0.762687554    1.445537281
    6.236612613    0.576079545    0.584364451    1.421267441
    6.246621622    0.437455027    0.440953041    1.406340495
    6.256630631    0.308738260    0.308100372    1.417563217
    6.266639640    0.179835075    0.172994434    1.460268289
    6.276648649    0.057676197    0.042187998    1.526753628
    6.286657658   -0.044805352   -0.068360484    1.601618662
    6.296666667   -0.117219188   -0.145352546    1.666068118
    6.306675676   -0.157358684   -0.186911689    1.697987391
    6.316684685   -0.174458739   -0.204285050    1.672733944
    6.326693694   -0.182646470   -0.212292405    1.571896978
    6.336702703   -0.190235696   -0.218550718    1.397216999
    6.346711712   -0.197682937   -0.223382940    1.172384220
    6.356720721   -0.204024929   -0.226871507    0.926810019
    6.366729730   -0.209760106   -0.230607799    0.687292455
    6.376738739   -0.212772573   -0.232470997    0.485659371
    6.386747748   -0.205681375   -0.223968282    0.352980167
    6.396756757   -0.179722673   -0.195241137    0.300165899
    6.406765766   -0.131658804   -0.142777914    0.314653378
    6.416774775   -0.066435707   -0.071946338    0.374337727
    6.426783784    0.007278267    0.007688749    0.459476147
    6.436792793    0.084997919    0.090320839    0.555606740
    6.446801802    0.170744370    0.178798477    0.652859306
    6.456810811    0.271671532    0.280216201    0.745716136
    6.466819820    0.387758117    0.395645199    0.831993230
    6.476828829    0.508127738    0.515446483    0.910380874
    6.486837838    0.615445435    0.622858726    0.978966130
    6.496846847    0.692275073    0.700218047    1.036817564
    6.506855856    0.725776173    0.733973867    1.086676924
    6.516864865    0.710782211    0.718352838    1.133835409
    6.526873874    0.654724748    0.660767652    1.181340489
    6.536882883    0.581903522    0.586131394    1.227926561
    6.546891892    0.524371164    0.527197561    1.270489810
    6.556900901    0.502909193    0.504874145    1.306401055
    6.566909910    0.518694450    0.520066273    1.333741895
    6.576918919    0.559566761    0.560581769    1.352079788
    6.586927928    0.609270652    0.610383845    1.363874767
    6.596936937    0.651469338    0.653099761    1.372976672
    6.606945946    0.670074536    0.672211525    1.381230238
    6.616954955    0.654272918    0.656372245    1.388580296
    6.626963964    0.608896259    0.610106692    1.396558458
    6.636972973    0.556568550    0.556229312    1.409616790
    6.646981982    0.523441885    0.521453470    1.432926151
    6.656990991    0.523208246    0.519810337    1.469453818
    6.667000000    0.554467833    0.549795830    1.517514919
    6.677009009    0.606470007    0.600577584    1.569876688
    6.687018018    0.665319684    0.658691739    1.615613299
    6.697027027    0.720230701    0.714218757    1.643916468
    6.707036036    0.767961608    0.764327347    1.648530472
    6.717045045    0.811800871    0.811463844    1.632127402
    6.727054054    0.857157152    0.859567903    1.607796650
    6.737063063    0.906674573    0.910455851    1.591782280
    6.747072072    0.956940448    0.960659976    1.590990197
    6.757081081    1.000887529    1.003187283    1.599622298
    6.767090090    1.033649881    1.033363589    1.608176479
    6.777099099    1.055267603    1.051945579    1.614367395
    6.787108108    1.068542007    1.062934584    1.624803859
    6.797117117    1.075436259    1.069214253    1.646249347
    6.807126126    1.076018747    1.070720803    1.678762992
    6.817135135    1.070581254    1.066822433    1.717614112
    6.827144144    1.061623933    1.059200765    1.756508524
    6.837153153    1.052390594    1.050757787    1.786428131
    6.847162162    1.043533157    1.041986107    1.793059172
    6.857171171    1.032624253    1.030275395    1.758855932
    6.867180180    1.018056519    1.014187018    1.673275433
    6.877189189    1.000953502    0.995654632    1.545894842
    6.887198198    0.981207117    0.975144385    1.408305757
    6.897207207    0.954569577    0.947890483    1.297906323
    6.907216216    0.915704198    0.907756376    1.236429666
    6.917225225    0.864158752    0.854427172    1.222162925
    6.927234234    0.808749574    0.797905015    1.238507398
    6.937243243    0.766002682    0.755914350    1.265905587
    6.947252252    0.750865787    0.743307442    1.289005069
    6.957261261    0.767216928    0.762602679    1.301756709
    6.967270270    0.808567553    0.805908996    1.310945216
    6.977279279    0.866398935    0.864156950    1.331113567
    6.987288288    0.936503501    0.933611220    1.371880092
    6.997297297    1.019258553    1.015573723    1.430415718
    7.007306306    1.115574427    1.111452113    1.494407618
    7.017315315    1.223558374    1.219233540    1.550025822
    7.027324324    1.338884473    1.334251146    1.589888745
    7.037333333    1.456140795    1.450832308    1.617103616
    7.047342342    1.568233168    1.561832333    1.641039638
    7.057351351    1.665173067    1.657473352    1.668047596
    7.067360360    1.734894414    1.726093662    1.696315025
    7.077369369    1.766946681    1.757671104    1.717417973
    7.087378378    1.757521477    1.748559016    1.721358570
    7.097387387    1.712195769    1.703977796    1.701842241
    7.107396396    1.645106246    1.637560380    1.660939050
    7.117405405    1.574974073    1.568017067    1.611905369
    7.127414414    1.515834454    1.509713185    1.573539021
    7.137423423    1.467106038    1.462415745    1.556929817
    7.147432432    1.413918554    1.411673389    1.558807912
    7.157441441    1.338608457    1.339785230    1.567351176
    7.167450450    1.234254961    1.238566077    1.571031087
    7.177459459    1.113069621    1.118400430    1.561338093
    7.187468468    1.003112600    1.006613822    1.531912023
    7.197477477    0.930386841    0.930074550    1.482865891
    7.207486486    0.902620517    0.898078738    1.428072528
    7.217495495    0.911286064    0.903335064    1.390907670
    7.227504505    0.943656766    0.933404179    1.387336983
    7.237513514    0.989632980    0.977513264    1.415888748
    7.247522523    1.040806233    1.026441378    1.463234768
    7.257531532    1.088371510    1.071508205    1.515303397
    7.267540541    1.124930298    1.106298153    1.564521769
    7.277549550    1.148084132    1.128976238    1.609919550
    7.287558559    1.160852954    1.142197416    1.652154898
    7.297567568    1.168834549    1.150892545    1.690689762
    7.307576577    1.178583644    1.161223873    1.726496568
    7.317585586    1.197646388    1.180783632    1.764638068
    7.327594595    1.230865534    1.214700900    1.811640633
    7.337603604    1.274570015    1.259554156    1.870823780
    7.347612613    1.316146409    1.302875057    1.939687923
    7.357621622    1.339576125    1.328842553    2.009332507
    7.367630631    1.332958221    1.325918184    2.065864996
    7.377639640    1.294514480    1.292416327    2.093698496
    7.387648649    1.233490807    1.236716482    2.080298042
    7.397657658    1.165164939    1.172513699    2.021293431
    7.407666667    1.105087265    1.114134105    1.923195338
    7.417675676    1.066311762    1.074454590    1.801993234
    7.427684685    1.056063497    1.061509279    1.676847669
    7.437693694    1.071599677    1.073856048    1.562967758
    7.447702703    1.100698566    1.100633756    1.472767195
    7.457711712    1.126041611    1.125564843    1.419637495
    7.467720721    1.130140636    1.131323772    1.411608320
    7.477729730    1.101956102    1.105854723    1.444038475
    7.487738739    1.044948075    1.050889263    1.503902949
    7.497747748    0.977553458    0.983750527    1.578285356
    7.507756757    0.919173097    0.924395722    1.657285201
    7.517765766    0.875819995    0.880231567    1.733835597
    7.527774775    0.843075496    0.847481119    1.805721263
    7.537783784    0.817676556    0.822600887    1.876654916
    7.547792793    0.798723030    0.804400003    1.950927953
    7.557801802    0.780114776    0.786955682    2.025514075
    7.567810811    0.750270709    0.758793846    2.087320186
    7.577819820    0.702842448    0.712800460    2.116585817
    7.587828829    0.645281085    0.655075546    2.093510549
    7.597837838    0.594310679    0.601603093    2.005563540
    7.607846847    0.564570853    0.567398604    1.853747548
    7.617855856    0.562295346    0.560023330    1.655242435
    7.627864865    0.585401907    0.579090310    1.438289503
    7.637873874    0.626932913    0.618497425    1.231322281
    7.647882883    0.679451742    0.670382161    1.057146875
    7.657891892    0.736533587    0.727484482    0.931827329
    7.667900901    0.790105271    0.781384237    0.857991098
    7.677909910    0.829105445    0.821108417    0.820827464
    7.687918919    0.844274041    0.837425360    0.797750237
    7.697927928    0.835648796    0.830269167    0.773435107
    7.707936937    0.815783445    0.812048078    0.748169580
    7.717945946    0.804657653    0.802440011    0.734346284
    7.727954955    0.818523934    0.817261799    0.744544188
    7.737963964    0.861695424    0.860586783    0.782506211
    7.747972973    0.927022650    0.925451907    0.843208815
    7.757981982    1.001312620    0.999034303    0.917500320
    7.767990991    1.071362663    1.068278749    0.996172703
    7.778000000    1.129300922    1.125127131    1.070965566
    7.788009009    1.173886042    1.168072896    1.131579399
    7.798018018    1.205000352    1.197133949    1.163074228
    7.808027027    1.217080938    1.207465621    1.149006140
    7.818036036    1.199945262    1.189669879    1.079028124
    7.828045045    1.146694121    1.137154635    0.955391607
    7.838054054    1.061251918    1.053684429    0.796126852
    7.848063063    0.958279510    0.953427784    0.635104799
    7.858072072    0.856433007    0.854403692    0.511666278
    7.868081081    0.772923675    0.773370959    0.449718216
    7.878090090    0.719927449    0.722633430    0.448373165
    7.888099099    0.698354053    0.704026912    0.492155060
    7.898108108    0.694796822    0.705070157    0.563052945
    7.908117117    0.688598927    0.704567899    0.643754199
    7.918126126    0.664066040    0.684587813    0.717220583
    7.928135135    0.617188053    0.639073398    0.768600396
    7.938144144    0.552447048    0.572543247    0.789258633
    7.948153153    0.474651322    0.491618256    0.779288025
    7.958162162    0.384995036    0.398948180    0.746307481
    7.968171171    0.286918804    0.297442877    0.701804865
    7.978180180    0.193017268    0.198389071    0.657318898
    7.988189189    0.119972214    0.118727444    0.622316353
    7.998198198    0.076751704    0.069245824    0.603900516
    8.008207207    0.061805838    0.050084553    0.606909701
    8.018216216    0.069105851    0.055822477    0.632221153
    8.028225225    0.092710007    0.079993510    0.675191790
    8.038234234    0.126740152    0.115455222    0.727434804
    8.048243243    0.163604539    0.153254661    0.779131465
    8.058252252    0.193138075    0.182270029    0.820092134
    8.068261261    0.205084333    0.191858992    0.842468798
    8.078270270    0.195190011    0.178105927    0.845758059
    8.088279279    0.168879252    0.147843355    0.839355485
    8.098288288    0.137734816    0.114765356    0.837852612
    8.108297297    0.112091370    0.090482067    0.852267981
    8.118306306    0.095099969    0.077324024    0.885406411
    8.128315315    0.081389999    0.067724366    0.933806249
    8.138324324    0.061193139    0.050354852    0.992570116
    8.148333333    0.028161539    0.018948113    1.057934054
    8.158342342   -0.013653003   -0.021445532    1.125659143
    8.168351351   -0.049118982   -0.055026068    1.188798522
    8.178360360   -0.060852906   -0.064648429    1.238153410
    8.188369369   -0.041820589   -0.044109160    1.264677200
    8.198378378    0.000586358   -0.001450979    1.262243069
    8.208387387    0.051493189    0.048536618    1.229921207
    8.218396396    0.098363554    0.094201756    1.173577910
    8.228405405    0.137063554    0.132529712    1.107461680
    8.238414414    0.171541598    0.167857138    1.052270873
    8.248423423    0.207587273    0.205396005    1.025373470
    8.258432432    0.245522161    0.244671446    1.031357652
    8.268441441    0.277515671    0.277450557    1.062749664
    8.278450450    0.291520015    0.291719644    1.107600516
    8.288459459    0.279208134    0.279448765    1.156399370
    8.298468468    0.243397020    0.243785207    1.205193044
    8.308477477    0.200532137    0.201293735    1.254775903
    8.318486486    0.173253627    0.174462304    1.307637710
    8.328495495    0.176723785    0.178173769    1.365056276
    8.338504505    0.212048602    0.213400875    1.425191641
    8.348513514    0.269914956    0.271028504    1.482277697
    8.358522523    0.337139094    0.338219928    1.527546455
    8.368531532    0.401563364    0.402983053    1.551666645
    8.378540541    0.454887067    0.456814924    1.548031176
    8.388549550    0.494248885    0.496356990    1.516658349
    8.398558559    0.522084617    0.523702655    1.466401297
    8.408567568    0.543067736    0.543759239    1.412688821
    8.418576577    0.559759504    0.559636179    1.371059985
    8.428585586    0.571243595    0.570767139    1.349543645
    8.438594595    0.576529628    0.576183778    1.344642543
    8.448603604    0.579096635    0.579111333    1.343131160
    8.458612613    0.586425486    0.586645248    1.327486590
    8.468621622    0.603401582    0.603403974    1.283418973
    8.478630631    0.627080234    0.626464935    1.209953809
    8.488639640    0.648788785    0.647528169    1.125630615
    8.498648649    0.660677556    0.659290743    1.058389727
    8.508657658    0.660846745    0.659874162    1.024602844
    8.518666667    0.652945004    0.651859233    1.019897505
    8.528675676    0.641186572    0.638015178    1.027886908
    8.538684685    0.626674435    0.619133353    1.034334494
    8.548693694    0.608538191    0.595933413    1.036317538
    8.558702703    0.587973241    0.572313569    1.041559326
    8.568711712    0.570769496    0.555761544    1.059337563
    8.578720721    0.565277987    0.553825535    1.092765879
    8.588729730    0.576274532    0.569105101    1.138681722
    8.598738739    0.600573802    0.596898745    1.189965096
    8.608747748    0.629771487    0.628392619    1.235208452
    8.618756757    0.657032967    0.656724986    1.258648303
    8.628765766    0.680802437    0.680256950    1.244770836
    8.638774775    0.702207360    0.700184645    1.187609019
    8.648783784    0.720455331    0.716170070    1.098046236
    8.658792793    0.732410171    0.725809281    0.999496875
    8.668801802    0.735699354    0.727550660    0.914192701
    8.678810811    0.731123022    0.722944222    0.854402223
    8.688819820    0.721599024    0.715167041    0.822787236
    8.698828829    0.708052688    0.704704531    0.814350288
    8.708837838    0.687867307    0.688173262    0.818702954
    8.718846847    0.659683567    0.663402912    0.825271346
    8.728855856    0.629402138    0.635480637    0.829120666
    8.738864865    0.608937811    0.615833732    0.833011524
    8.748873874    0.607285063    0.613805391    0.843589932
    8.758882883    0.624522781    0.630320469    0.865522712
    8.768891892    0.655622667    0.660710467    0.899657796
    8.778900901    0.697509573    0.701687700    0.944707161
    8.788909910    0.751076445    0.754111875    0.998216002
    8.798918919    0.817955369    0.819928833    1.056351484
    8.808927928    0.896861642    0.898112456    1.114707074
    8.818936937    0.982510607    0.983465909    1.170122811
    8.828945946    1.066544320    1.067635240    1.221322421
    8.838954955    1.139061471    1.140620734    1.266635757
    8.848963964    1.190258853    1.192360711    1.300710496
    8.858972973    1.212219091    1.214597255    1.315167516
    8.868981982    1.199788890    1.202054800    1.304425568
    8.878990991    1.150352070    1.152485926    1.272183808
    8.889000000    1.065933398    1.068569952    1.232532698
    8.899009009    0.956993191    0.961030229    1.202759723
    8.909018018    0.840280627    0.846145084    1.192192962
    8.919027027    0.729138670    0.736571846    1.196876279
    8.929036036    0.627124802    0.635388202    1.204794238
    8.939045045    0.534747213    0.542642902    1.206044635
    8.949054054    0.459145248    0.465378241    1.198513536
    8.959063063    0.410927054    0.415021066    1.185111252
    8.969072072    0.394579713    0.397007017    1.169206083
    8.979081081    0.405812611    0.407078033    1.154670459
    8.989090090    0.435086181    0.435143528    1.146055328
    8.999099099    0.472442375    0.470896596    1.144507937
    9.009108108    0.511269011    0.507851094    1.144570430
    9.019117117    0.549192537    0.544003242    1.137278407
    9.029126126    0.586876431    0.580248850    1.117034236
    9.039135135    0.625856733    0.618209616    1.085312932
    9.049144144    0.665068279    0.657024345    1.046544614
    9.059153153    0.698326261    0.690987414    1.001868127
    9.069162162    0.715351912    0.710365251    0.949628827
    9.079171171    0.706301745    0.705217141    0.890554598
    9.089180180    0.668145061    0.671158542    0.830905454
    9.099189189    0.608556417    0.613847433    0.780908430
    9.109198198    0.542785468    0.547618692    0.749744913
    9.119207207    0.486425036    0.489017749    0.742117621
    9.129216216    0.450220653    0.450328084    0.758780913
    9.139225225    0.436058487    0.434313738    0.797824737
    9.149234234    0.433281404    0.430636609    0.854567926
    9.159243243    0.420383390    0.418106522    0.921483692
    9.169252252    0.375575465    0.375329033    0.989574979
    9.179261261    0.292573144    0.295804100    1.050379040
    9.189270270    0.189718291    0.196229936    1.097768893
    9.199279279    0.099677468    0.107152578    1.130048407
    9.209288288    0.046538230    0.052113121    1.152097186
    9.219297297    0.033159303    0.035027819    1.174430752
    9.229306306    0.046130652    0.043836353    1.207184009
    9.239315315    0.068243510    0.062474905    1.254237426
    9.249324324    0.088925813    0.081342113    1.312964502
    9.259333333    0.107544075    0.100205975    1.377864466
    9.269342342    0.129541355    0.123877968    1.444000137
    9.279351351    0.160927115    0.157190985    1.507925112
    9.289360360    0.205313551    0.203030400    1.566202595
    9.299369369    0.262820172    0.261493109    1.613856453
    9.309378378    0.329988294    0.329307248    1.644841261
    9.319387387    0.400826104    0.400436929    1.654998507
    9.329396396    0.468854382    0.468024140    1.645300710
    9.339405405    0.529250571    0.526778846    1.620851310
    9.349414414    0.579833975    0.574491203    1.585314257
    9.359423423    0.620018355    0.611109777    1.537102512
    9.369432432    0.648284431    0.635889367    1.471776962
    9.379441441    0.661529026    0.646635233    1.388542095
    9.389450450    0.658183187    0.642511310    1.294784997
    9.399459459    0.641131837    0.626269943    1.203588039
    9.409468468    0.616608054    0.603280979    1.127862596
    9.419477477    0.590832007    0.579016561    1.077072997
    9.429486486    0.567066521    0.556309712    1.055213295
    9.439495495    0.543914218    0.533466823    1.060096344
    9.449504505    0.516836501    0.505933229    1.086191278
    9.459513514    0.482943995    0.471290885    1.128194196
    9.469522523    0.445417975    0.433832027    1.181841682
    9.479531532    0.414586224    0.405219983    1.243049947
    9.489540541    0.403367648    0.398606482    1.307943670
    9.499549550    0.419557350    0.420372761    1.372975457
    9.509558559    0.461895185    0.467395963    1.433615594
    9.519567568    0.522011331    0.530223572    1.483699025
    9.529576577    0.588466756    0.597155877    1.516949086
    9.539585586    0.649553864    0.656579453    1.528503505
    9.549594595    0.695196877    0.698800325    1.515637666
    9.559603604    0.719562939    0.718833374    1.479504501
    9.569612613    0.723087670    0.717854116    1.426582600
    9.579621622    0.710181938    0.700063470    1.366173455
    9.589630631    0.684031761    0.668681096    1.306544085
    9.599639640    0.645774411    0.626753509    1.254776852
    9.609648649    0.597109235    0.577683239    1.217181302
    9.619657658    0.536866524    0.518842022    1.195477124
    9.629666667    0.454717022    0.437028784    1.182841188
    9.639675676    0.336796382    0.318029230    1.166920812
    9.649684685    0.183942870    0.165373711    1.139726374
    9.659693694    0.022499999    0.007820591    1.105829486
    9.669702703   -0.109927613   -0.117675523    1.078767742
    9.679711712   -0.189871383   -0.190299590    1.068760803
    9.689720721   -0.216307177   -0.211169279    1.076419614
    9.699729730   -0.200452290   -0.192242697    1.096116538
    9.709738739   -0.154448195   -0.145367149    1.120542892
    9.719747748   -0.087168354   -0.078617062    1.142146844
    9.729756757   -0.004880271    0.002454581    1.153803890
    9.739765766    0.086681526    0.092342622    1.150957378
    9.749774775    0.180475433    0.183835386    1.133895040
    9.759783784    0.267486912    0.267686441    1.108869671
    9.769792793    0.337814196    0.334134896    1.087007220
    9.779801802    0.383722445    0.376424450    1.079704321
    9.789810811    0.403903170    0.394952471    1.094221356
    9.799819820    0.405375594    0.397879667    1.132072158
    9.809828829    0.398697485    0.395122282    1.188561890
    9.819837838    0.388371057    0.389410904    1.253754529
    9.829846847    0.367569791    0.372507614    1.315337475
    9.839855856    0.323493611    0.331093631    1.362818166
    9.849864865    0.249582459    0.258653320    1.392179438
    9.859873874    0.153247277    0.162802928    1.407657712
    9.869882883    0.050361310    0.059623649    1.417351600
    9.879891892   -0.045889214   -0.037287675    1.426213427
    9.889900901   -0.127550069   -0.119237040    1.432631089
    9.899909910   -0.188713115   -0.179803833    1.429232490
    9.909918919   -0.226429943   -0.216239564    1.406336231
    9.919927928   -0.242576197   -0.231061069    1.358943523
    9.929936937   -0.241477659   -0.229193167    1.293621363
    9.939945946   -0.227130502   -0.214941985    1.224532881
    9.949954955   -0.203282057   -0.192122235    1.160597187
    9.959963964   -0.173971260   -0.164749286    1.101573374
    9.969972973   -0.142865350   -0.136323638    1.045826362
    9.979981982   -0.113401241   -0.109885191    0.994972936
    9.989990991   -0.090011660   -0.089343064    0.951902287
   10.000000000   -0.077069903   -0.078440923    0.919960154
