# energy grid [eV]     ieps_x  ieps_y  ieps_z
#
    0.001000000 4846.128804613 4950.275378552   23.732345095
    0.011009009 3111.251913958 3177.985088516   23.084593546
    0.021018018 1885.168773314 1925.266001223   22.379707680
    0.031027027 1286.983646995 1313.994913546   21.761066765
    0.041036036  951.538115714  971.195732908   21.174098587
    0.051045045  741.265577670  756.321137718   20.600114745
    0.061054054  598.993962527  610.948227783   20.034212006
    0.071063063  497.331737324  507.082154161   19.476274795
    0.081072072  421.659019578  429.779661402   18.927808772
    0.091081081  363.515302958  370.392679069   18.390718507
    0.101090090  317.690196152  323.595210515   17.866813679
    0.111099099  280.813005621  285.941797397   17.357617738
    0.121108108  250.614452703  255.112883359   16.864310784
    0.131117117  225.515565058  229.494573286   16.387733610
    0.141126126  204.386812693  207.932408826   15.928418809
    0.151135135  186.400857346  189.580837229   15.486632281
    0.161144144  170.939222239  173.807801115   15.062416785
    0.171153153  157.531272365  160.132359234   14.655633406
    0.181162162  145.813228294  148.182787781   14.265999009
    0.191171171  135.499976549  137.667763933   13.893118959
    0.201180180  126.365270835  128.356127493   13.536515039
    0.211189189  118.227564581  120.062399427   13.195648830
    0.221198198  110.939702070  112.636244960   12.869940980
    0.231207207  104.381303301  105.954690343   12.558786871
    0.241216216   98.453061348   99.916294594   12.261569171
    0.251225225   93.072418541   94.436730635   11.977667762
    0.261234234   88.170250653   89.445396754   11.706467454
    0.271243243   83.688297530   84.882790984   11.447363888
    0.281252252   79.577152971   80.698457062   11.199767939
    0.291261261   75.794678181   76.849363278   10.963108909
    0.301270270   72.304739248   73.298612461   10.736836753
    0.311279279   69.076194822   70.014407642   10.520423513
    0.321288288   66.082078627   66.969216819   10.313364156
    0.331297297   63.298934942   64.139094019   10.115176915
    0.341306306   60.706275067   61.503123986    9.925403277
    0.351315315   58.286130151   59.042965331    9.743607672
    0.361324324   56.022681281   56.742472615    9.569376968
    0.371333333   53.901951894   54.587382113    9.402319805
    0.381342342   51.911550755   52.565049238    9.242065817
    0.391351351   50.040456194   50.664228118    9.088264795
    0.401360360   48.278834173   48.874885742    8.940585798
    0.411369369   46.617884241   47.188044580    8.798716243
    0.421378378   45.049708561   45.595648800    8.662360996
    0.431387387   43.567200149   44.090450092    8.531241463
    0.441396396   42.163947140   42.665909871    8.405094713
    0.451405405   40.834150493   41.316115219    8.283672609
    0.461414414   39.572553026   40.035706386    8.166740982
    0.471423423   38.374377998   38.819814059    8.054078833
    0.481432432   37.235275808   37.664004920    7.945477573
    0.491441441   36.151277589   36.564234238    7.840740294
    0.501450450   35.118754688   35.516804491    7.739681084
    0.511459459   34.134383186   34.518329123    7.642124377
    0.521468468   33.195112755   33.565700740    7.547904330
    0.531477477   32.298139232   32.656063103    7.456864251
    0.541486486   31.440880432   31.786786423    7.368856047
    0.551495495   30.620954739   30.955445503    7.283739710
    0.561504505   29.836162125   30.159800356    7.201382834
    0.571513514   29.084467285   29.397778985    7.121660160
    0.581522523   28.363984610   28.667462041    7.044453150
    0.591531532   27.672964777   27.967069130    6.969649587
    0.601540541   27.009782749   27.294946569    6.897143200
    0.611549550   26.372927026   26.649556411    6.826833312
    0.621558559   25.760989988   26.029466584    6.758624509
    0.631567568   25.172659206   25.433342033    6.692426336
    0.641576577   24.606709610   24.859936720    6.628153000
    0.651585586   24.061996423   24.308086416    6.565723104
    0.661594595   23.537448760   23.776702171    6.505059392
    0.671603604   23.032063835   23.264764402    6.446088509
    0.681612613   22.544901704   22.771317531    6.388740779
    0.691621622   22.075080480   22.295465111    6.332949994
    0.701630631   21.621771991   21.836365381    6.278653220
    0.711639640   21.184197803   21.393227232    6.225790609
    0.721648649   20.761625610   20.965306506    6.174305231
    0.731657658   20.353365914   20.551902625    6.124142907
    0.741666667   19.958769003   20.152355504    6.075252061
    0.751675676   19.577222169   19.766042713    6.027583574
    0.761684685   19.208147159   19.392376888    5.981090649
    0.771693694   18.850997836   19.030803336    5.935728691
    0.781702703   18.505258022   18.680797845    5.891455179
    0.791711712   18.170439513   18.341864660    5.848229565
    0.801720721   17.846080252   18.013534616    5.806013159
    0.811729730   17.531742636   17.695363422    5.764769038
    0.821738739   17.227011960   17.386930071    5.724461952
    0.831747748   16.931494968   17.087835364    5.685058232
    0.841756757   16.644818520   16.797700555    5.646525713
    0.851765766   16.366628353   16.516166088    5.608833656
    0.861774775   16.096587931   16.242890425    5.571952671
    0.871783784   15.834377376   15.977548961    5.535854653
    0.881792793   15.579692480   15.719833013    5.500512715
    0.891801802   15.332243778   15.469448883    5.465901125
    0.901810811   15.091755693   15.226116985    5.431995253
    0.911819820   14.857965735   14.989571026    5.398771512
    0.921828829   14.630623753   14.759557250    5.366207309
    0.931837838   14.409491239   14.535833731    5.334280996
    0.941846847   14.194340679   14.318169707    5.302971822
    0.951855856   13.984954946   14.106344965    5.272259893
    0.961864865   13.781126728   13.900149262    5.242126129
    0.971873874   13.582657997   13.699381783    5.212552225
    0.981882883   13.389359515   13.503850637    5.183520616
    0.991891892   13.201050360   13.313372376    5.155014438
    1.001900901   13.017557491   13.127771556    5.127017503
    1.011909910   12.838715340   12.946880317    5.099514257
    1.021918919   12.664365421   12.770537988    5.072489761
    1.031927928   12.494355967   12.598590720    5.045929655
    1.041936937   12.328541595   12.430891141    5.019820137
    1.051945946   12.166782979   12.267298028    4.994147934
    1.061954955   12.008946549   12.107675998    4.968900281
    1.071963964   11.854904208   11.951895223    4.944064895
    1.081972973   11.704533066   11.799831157    4.919629957
    1.091981982   11.557715179   11.651364275    4.895584090
    1.101990991   11.414337322   11.506379835    4.871916339
    1.112000000   11.274290754   11.364767649    4.848616153
    1.122009009   11.137471010   11.226421863    4.825673367
    1.132018018   11.003777700   11.091240760    4.803078188
    1.142027027   10.873114318   10.959126560    4.780821174
    1.152036036   10.745388065   10.829985243    4.758893225
    1.162045045   10.620509673   10.703726371    4.737285563
    1.172054054   10.498393253   10.580262933    4.715989723
    1.182063063   10.378956135   10.459511181    4.694997537
    1.192072072   10.262118727   10.341390491    4.674301121
    1.202081081   10.147804379   10.225823218    4.653892867
    1.212090090   10.035939251   10.112734570    4.633765429
    1.222099099    9.926452193   10.002052479    4.613911711
    1.232108108    9.819274623    9.893707484    4.594324860
    1.242117117    9.714340422    9.787632619    4.574998256
    1.252126126    9.611585826    9.683763305    4.555925497
    1.262135135    9.510949324    9.582037249    4.537100399
    1.272144144    9.412371568    9.482394346    4.518516982
    1.282153153    9.315795276    9.384776591    4.500169460
    1.292162162    9.221165151    9.289127987    4.482052241
    1.302171171    9.128427797    9.195394465    4.464159910
    1.312180180    9.037531641    9.103523804    4.446487231
    1.322189189    8.948426861    9.013465555    4.429029132
    1.332198198    8.861065310    8.925170969    4.411780707
    1.342207207    8.775400455    8.838592933    4.394737201
    1.352216216    8.691387307    8.753685896    4.377894012
    1.362225225    8.608982365    8.670405816    4.361246679
    1.372234234    8.528143552    8.588710096    4.344790882
    1.382243243    8.448830165    8.508557526    4.328522433
    1.392252252    8.371002815    8.429908234    4.312437272
    1.402261261    8.294623384    8.352723630    4.296531463
    1.412270270    8.219654970    8.276966357    4.280801190
    1.422279279    8.146061842    8.202600248    4.265242750
    1.432288288    8.073809398    8.129590277    4.249852552
    1.442297297    8.002864121    8.057902515    4.234627111
    1.452306306    7.933193538    7.987504093    4.219563044
    1.462315315    7.864766182    7.918363162    4.204657068
    1.472324324    7.797551553    7.850448852    4.189905996
    1.482333333    7.731520087    7.783731238    4.175306731
    1.492342342    7.666643117    7.718181306    4.160856268
    1.502351351    7.602892841    7.653770919    4.146551685
    1.512360360    7.540242296    7.590472788    4.132390145
    1.522369369    7.478665320    7.528260436    4.118368889
    1.532378378    7.418136530    7.467108174    4.104485236
    1.542387387    7.358631292    7.406991073    4.090736581
    1.552396396    7.300125694    7.347884934    4.077120388
    1.562405405    7.242596522    7.289766265    4.063634193
    1.572414414    7.186021234    7.232612255    4.050275599
    1.582423423    7.130377939    7.176400752    4.037042272
    1.592432432    7.075645373    7.121110239    4.023931944
    1.602441441    7.021802879    7.066719812    4.010942404
    1.612450450    6.968830385    7.013209160    3.998071503
    1.622459459    6.916708384    6.960558547    3.985317148
    1.632468468    6.865417916    6.908748788    3.972677298
    1.642477477    6.814940549    6.857761233    3.960149970
    1.652486486    6.765258364    6.807577750    3.947733228
    1.662495495    6.716353933    6.758180707    3.935425188
    1.672504505    6.668210308    6.709552956    3.923224015
    1.682513514    6.620811002    6.661677816    3.911127918
    1.692522523    6.574139974    6.614539059    3.899135154
    1.702531532    6.528181619    6.568120895    3.887244021
    1.712540541    6.482920746    6.522407957    3.875452861
    1.722549550    6.438342574    6.477385289    3.863760057
    1.732558559    6.394432711    6.433038333    3.852164030
    1.742567568    6.351177146    6.389352914    3.840663244
    1.752576577    6.308562236    6.346315230    3.829256194
    1.762585586    6.266574695    6.303911840    3.817941416
    1.772594595    6.225201582    6.262129652    3.806717480
    1.782603604    6.184430290    6.220955914    3.795582989
    1.792612613    6.144248536    6.180378202    3.784536579
    1.802621622    6.104644353    6.140384407    3.773576920
    1.812630631    6.065606079    6.100962734    3.762702710
    1.822639640    6.027122344    6.062101681    3.751912680
    1.832648649    5.989182067    6.023790041    3.741205589
    1.842657658    5.951774447    5.986016886    3.730580224
    1.852666667    5.914888948    5.948771560    3.720035400
    1.862675676    5.878515298    5.912043673    3.709569958
    1.872684685    5.842643480    5.875823092    3.699182767
    1.882693694    5.807263721    5.840099933    3.688872719
    1.892702703    5.772366489    5.804864553    3.678638732
    1.902711712    5.737942481    5.770107546    3.668479747
    1.912720721    5.703982624    5.735819731    3.658394727
    1.922729730    5.670478060    5.701992151    3.648382661
    1.932738739    5.637420145    5.668616062    3.638442556
    1.942747748    5.604800441    5.635682932    3.628573443
    1.952756757    5.572610711    5.603184429    3.618774371
    1.962765766    5.540842913    5.571112419    3.609044412
    1.972774775    5.509489194    5.539458959    3.599382654
    1.982783784    5.478541884    5.508216294    3.589788209
    1.992792793    5.447993493    5.477376849    3.580260202
    2.002801802    5.417836706    5.446933223    3.570797779
    2.012810811    5.388064374    5.416878189    3.561400103
    2.022819820    5.358669516    5.387204685    3.552066354
    2.032828829    5.329645307    5.357905811    3.542795729
    2.042837838    5.300985081    5.328974824    3.533587439
    2.052846847    5.272682320    5.300405134    3.524440714
    2.062855856    5.244730657    5.272190299    3.515354795
    2.072864865    5.217123864    5.244324025    3.506328943
    2.082873874    5.189855856    5.216800155    3.497362429
    2.092882883    5.162920681    5.189612672    3.488454541
    2.102891892    5.136312519    5.162755690    3.479604579
    2.112900901    5.110025681    5.136223457    3.470811856
    2.122909910    5.084054601    5.110010343    3.462075701
    2.132918919    5.058393835    5.084110843    3.453395453
    2.142927928    5.033038058    5.058519574    3.444770463
    2.152936937    5.007982060    5.033231267    3.436200096
    2.162945946    4.983220744    5.008240767    3.427683728
    2.172954955    4.958749122    4.983543032    3.419220747
    2.182963964    4.934562315    4.959133127    3.410810551
    2.192972973    4.910655544    4.935006221    3.402452548
    2.202981982    4.887024135    4.911157587    3.394146161
    2.212990991    4.863663511    4.887582597    3.385890819
    2.223000000    4.840569192    4.864276721    3.377685962
    2.233009009    4.817736792    4.841235525    3.369531042
    2.243018018    4.795162016    4.818454666    3.361425519
    2.253027027    4.772840659    4.795929891    3.353368861
    2.263036036    4.750768601    4.773657036    3.345360548
    2.273045045    4.728941809    4.751632024    3.337400068
    2.283054054    4.707356333    4.729850858    3.329486918
    2.293063063    4.686008302    4.708309627    3.321620601
    2.303072072    4.664893924    4.687004497    3.313800633
    2.313081081    4.644009486    4.665931712    3.306026533
    2.323090090    4.623351347    4.645087592    3.298297833
    2.333099099    4.602915942    4.624468533    3.290614069
    2.343108108    4.582699774    4.604070999    3.282974786
    2.353117117    4.562699420    4.583891528    3.275379536
    2.363126126    4.542911520    4.563926725    3.267827880
    2.373135135    4.523332785    4.544173264    3.260319384
    2.383144144    4.503959988    4.524627883    3.252853622
    2.393153153    4.484789967    4.505287384    3.245430174
    2.403162162    4.465819620    4.486148631    3.238048627
    2.413171171    4.447045907    4.467208552    3.230708575
    2.423180180    4.428465845    4.448464131    3.223409619
    2.433189189    4.410076511    4.429912412    3.216151363
    2.443198198    4.391875037    4.411550496    3.208933421
    2.453207207    4.373858609    4.393375539    3.201755411
    2.463216216    4.356024469    4.375384751    3.194616957
    2.473225225    4.338369910    4.357575396    3.187517687
    2.483234234    4.320892275    4.339944790    3.180457239
    2.493243243    4.303588959    4.322490298    3.173435252
    2.503252252    4.286457406    4.305209335    3.166451373
    2.513261261    4.269495107    4.288099366    3.159505252
    2.523270270    4.252699600    4.271157902    3.152596547
    2.533279279    4.236068469    4.254382500    3.145724919
    2.543288288    4.219599341    4.237770763    3.138890033
    2.553297297    4.203289890    4.221320338    3.132091562
    2.563306306    4.187137831    4.205028914    3.125329181
    2.573315315    4.171140919    4.188894224    3.118602570
    2.583324324    4.155296952    4.172914043    3.111911415
    2.593333333    4.139603769    4.157086183    3.105255404
    2.603342342    4.124059245    4.141408498    3.098634232
    2.613351351    4.108661296    4.125878882    3.092047597
    2.623360360    4.093407874    4.110495264    3.085495201
    2.633369369    4.078296968    4.095255611    3.078976749
    2.643378378    4.063326603    4.080157926    3.072491953
    2.653387387    4.048494840    4.065200250    3.066040527
    2.663396396    4.033799771    4.050380655    3.059622188
    2.673405405    4.019239525    4.035697249    3.053236658
    2.683414414    4.004812263    4.021148173    3.046883663
    2.693423423    3.990516178    4.006731601    3.040562933
    2.703432432    3.976349493    3.992445737    3.034274199
    2.713441441    3.962310465    3.978288818    3.028017198
    2.723450450    3.948397379    3.964259112    3.021791670
    2.733459459    3.934608550    3.950354914    3.015597357
    2.743468468    3.920942322    3.936574552    3.009434007
    2.753477477    3.907397067    3.922916380    3.003301368
    2.763486486    3.893971185    3.909378782    2.997199193
    2.773495495    3.880663105    3.895960166    2.991127239
    2.783504505    3.867471279    3.882658972    2.985085263
    2.793513514    3.854394188    3.869473663    2.979073029
    2.803522523    3.841430337    3.856402728    2.973090301
    2.813531532    3.828578258    3.843444683    2.967136847
    2.823540541    3.815836506    3.830598068    2.961212438
    2.833549550    3.803203660    3.817861445    2.955316847
    2.843558559    3.790678323    3.805233405    2.949449850
    2.853567568    3.778259120    3.792712557    2.943611227
    2.863576577    3.765944702    3.780297537    2.937800758
    2.873585586    3.753733738    3.767987000    2.932018229
    2.883594595    3.741624921    3.755779626    2.926263426
    2.893603604    3.729616966    3.743674114    2.920536138
    2.903612613    3.717708606    3.731669187    2.914836157
    2.913621622    3.705898598    3.719763586    2.909163278
    2.923630631    3.694185717    3.707956074    2.903517297
    2.933639640    3.682568757    3.696245433    2.897898013
    2.943648649    3.671046534    3.684630464    2.892305227
    2.953657658    3.659617881    3.673109990    2.886738743
    2.963666667    3.648281650    3.661682849    2.881198367
    2.973675676    3.637036712    3.650347901    2.875683907
    2.983684685    3.625881953    3.639104021    2.870195173
    2.993693694    3.614816281    3.627950103    2.864731977
    3.003702703    3.603838617    3.616885059    2.859294135
    3.013711712    3.592947902    3.605907817    2.853881461
    3.023720721    3.582143092    3.595017323    2.848493776
    3.033729730    3.571423160    3.584212539    2.843130899
    3.043738739    3.560787093    3.573492441    2.837792653
    3.053747748    3.550233896    3.562856024    2.832478863
    3.063756757    3.539762589    3.552302297    2.827189354
    3.073765766    3.529372206    3.541830285    2.821923955
    3.083774775    3.519061797    3.531439025    2.816682497
    3.093783784    3.508830424    3.521127574    2.811464810
    3.103792793    3.498677168    3.510894998    2.806270729
    3.113801802    3.488601118    3.500740380    2.801100089
    3.123810811    3.478601382    3.490662817    2.795952727
    3.133819820    3.468677079    3.480661419    2.790828483
    3.143828829    3.458827340    3.470735309    2.785727196
    3.153837838    3.449051312    3.460883624    2.780648709
    3.163846847    3.439348153    3.451105513    2.775592867
    3.173855856    3.429717033    3.441400138    2.770559513
    3.183864865    3.420157136    3.431766674    2.765548496
    3.193873874    3.410667657    3.422204307    2.760559663
    3.203882883    3.401247803    3.412712236    2.755592866
    3.213891892    3.391896792    3.403289672    2.750647956
    3.223900901    3.382613855    3.393935836    2.745724785
    3.233909910    3.373398233    3.384649963    2.740823210
    3.243918919    3.364249179    3.375431296    2.735943085
    3.253927928    3.355165955    3.366279091    2.731084268
    3.263936937    3.346147835    3.357192615    2.726246618
    3.273945946    3.337194105    3.348171145    2.721429996
    3.283954955    3.328304059    3.339213967    2.716634263
    3.293963964    3.319477000    3.330320380    2.711859282
    3.303972973    3.310712246    3.321489691    2.707104918
    3.313981982    3.302009119    3.312721217    2.702371037
    3.323990991    3.293366953    3.304014285    2.697657504
    3.334000000    3.284785093    3.295368233    2.692964189
    3.344009009    3.276262892    3.286782406    2.688290961
    3.354018018    3.267799710    3.278256160    2.683637691
    3.364027027    3.259394919    3.269788859    2.679004251
    3.374036036    3.251047899    3.261379876    2.674390514
    3.384045045    3.242758037    3.253028592    2.669796355
    3.394054054    3.234524731    3.244734400    2.665221648
    3.404063063    3.226347387    3.236496697    2.660666272
    3.414072072    3.218225416    3.228314891    2.656130103
    3.424081081    3.210158241    3.220188398    2.651613020
    3.434090090    3.202145291    3.212116641    2.647114905
    3.444099099    3.194186004    3.204099051    2.642635638
    3.454108108    3.186279825    3.196135068    2.638175101
    3.464117117    3.178426205    3.188224138    2.633733177
    3.474126126    3.170624605    3.180365717    2.629309753
    3.484135135    3.162874493    3.172559265    2.624904711
    3.494144144    3.155175342    3.164804251    2.620517941
    3.504153153    3.147526634    3.157100153    2.616149328
    3.514162162    3.139927858    3.149446453    2.611798761
    3.524171171    3.132378509    3.141842641    2.607466131
    3.534180180    3.124878089    3.134288214    2.603151327
    3.544189189    3.117426107    3.126782677    2.598854241
    3.554198198    3.110022077    3.119325538    2.594574765
    3.564207207    3.102665523    3.111916315    2.590312793
    3.574216216    3.095355971    3.104554531    2.586068220
    3.584225225    3.088092956    3.097239716    2.581840940
    3.594234234    3.080876018    3.089971404    2.577630850
    3.604243243    3.073704703    3.082749138    2.573437847
    3.614252252    3.066578564    3.075572465    2.569261828
    3.624261261    3.059497158    3.068440938    2.565102693
    3.634270270    3.052460050    3.061354118    2.560960341
    3.644279279    3.045466809    3.054311568    2.556834673
    3.654288288    3.038517009    3.047312860    2.552725590
    3.664297297    3.031610231    3.040357570    2.548632995
    3.674306306    3.024746061    3.033445279    2.544556790
    3.684315315    3.017924091    3.026575574    2.540496880
    3.694324324    3.011143915    3.019748047    2.536453169
    3.704333333    3.004405137    3.012962296    2.532425562
    3.714342342    2.997707361    3.006217923    2.528413967
    3.724351351    2.991050201    2.999514537    2.524418289
    3.734360360    2.984433271    2.992851748    2.520438438
    3.744369369    2.977856194    2.986229175    2.516474321
    3.754378378    2.971318596    2.979646439    2.512525847
    3.764387387    2.964820106    2.973103169    2.508592928
    3.774396396    2.958360361    2.966598994    2.504675473
    3.784405405    2.951938999    2.960133552    2.500773395
    3.794414414    2.945555666    2.953706482    2.496886605
    3.804423423    2.939210009    2.947317431    2.493015016
    3.814432432    2.932901683    2.940966047    2.489158543
    3.824441441    2.926630343    2.934651984    2.485317099
    3.834450450    2.920395652    2.928374900    2.481490601
    3.844459459    2.914197276    2.922134458    2.477678962
    3.854468468    2.908034883    2.915930324    2.473882101
    3.864477477    2.901908148    2.909762168    2.470099933
    3.874486486    2.895816747    2.903629665    2.466332377
    3.884495495    2.889760364    2.897532492    2.462579351
    3.894504505    2.883738683    2.891470333    2.458840775
    3.904513514    2.877751393    2.885442873    2.455116567
    3.914522523    2.871798187    2.879449802    2.451406648
    3.924531532    2.865878763    2.873490813    2.447710939
    3.934540541    2.859992819    2.867565605    2.444029362
    3.944549550    2.854140061    2.861673877    2.440361839
    3.954558559    2.848320194    2.855815334    2.436708292
    3.964567568    2.842532931    2.849989683    2.433068646
    3.974576577    2.836777984    2.844196637    2.429442823
    3.984585586    2.831055073    2.838435910    2.425830748
    3.994594595    2.825363917    2.832707220    2.422232347
    4.004603604    2.819704241    2.827010289    2.418647545
    4.014612613    2.814075772    2.821344840    2.415076268
    4.024621622    2.808478241    2.815710602    2.411518444
    4.034630631    2.802911381    2.810107306    2.407973999
    4.044639640    2.797374930    2.804534687    2.404442862
    4.054648649    2.791868626    2.798992480    2.400924960
    4.064657658    2.786392214    2.793480427    2.397420224
    4.074666667    2.780945438    2.787998271    2.393928582
    4.084675676    2.775528047    2.782545758    2.390449965
    4.094684685    2.770139793    2.777122637    2.386984302
    4.104693694    2.764780431    2.771728660    2.383531526
    4.114702703    2.759449718    2.766363582    2.380091568
    4.124711712    2.754147412    2.761027161    2.376664359
    4.134720721    2.748873279    2.755719156    2.373249833
    4.144729730    2.743627081    2.750439331    2.369847922
    4.154738739    2.738408589    2.745187451    2.366458561
    4.164747748    2.733217571    2.739963286    2.363081683
    4.174756757    2.728053803    2.734766605    2.359717223
    4.184765766    2.722917058    2.729597183    2.356365115
    4.194774775    2.717807116    2.724454795    2.353025296
    4.204783784    2.712723757    2.719339219    2.349697701
    4.214792793    2.707666764    2.714250238    2.346382267
    4.224801802    2.702635923    2.709187634    2.343078931
    4.234810811    2.697631022    2.704151194    2.339787629
    4.244819820    2.692651851    2.699140704    2.336508301
    4.254828829    2.687698202    2.694155956    2.333240883
    4.264837838    2.682769871    2.689196743    2.329985315
    4.274846847    2.677866654    2.684262860    2.326741536
    4.284855856    2.672988351    2.679354103    2.323509486
    4.294864865    2.668134762    2.674470273    2.320289103
    4.304873874    2.663305693    2.669611171    2.317080330
    4.314882883    2.658500948    2.664776601    2.313883106
    4.324891892    2.653720336    2.659966369    2.310697373
    4.334900901    2.648963666    2.655180283    2.307523072
    4.344909910    2.644230750    2.650418152    2.304360146
    4.354918919    2.639521402    2.645679790    2.301208537
    4.364927928    2.634835438    2.640965010    2.298068188
    4.374936937    2.630172676    2.636273629    2.294939042
    4.384945946    2.625532936    2.631605464    2.291821042
    4.394954955    2.620916039    2.626960335    2.288714134
    4.404963964    2.616321810    2.622338065    2.285618260
    4.414972973    2.611750074    2.617738477    2.282533367
    4.424981982    2.607200657    2.613161397    2.279459399
    4.434990991    2.602673390    2.608606653    2.276396302
    4.445000000    2.598168103    2.604074072    2.273344022
    4.455009009    2.593684629    2.599563488    2.270302504
    4.465018018    2.589222802    2.595074732    2.267271697
    4.475027027    2.584782459    2.590607639    2.264251546
    4.485036036    2.580363437    2.586162046    2.261241999
    4.495045045    2.575965576    2.581737789    2.258243004
    4.505054054    2.571588717    2.577334710    2.255254509
    4.515063063    2.567232703    2.572952649    2.252276463
    4.525072072    2.562897378    2.568591450    2.249308814
    4.535081081    2.558582589    2.564250956    2.246351511
    4.545090090    2.554288183    2.559931014    2.243404505
    4.555099099    2.550014009    2.555631472    2.240467743
    4.565108108    2.545759918    2.551352179    2.237541178
    4.575117117    2.541525762    2.547092985    2.234624759
    4.585126126    2.537311395    2.542853743    2.231718437
    4.595135135    2.533116672    2.538634307    2.228822164
    4.605144144    2.528941450    2.534434533    2.225935890
    4.615153153    2.524785586    2.530254276    2.223059568
    4.625162162    2.520648941    2.526093394    2.220193149
    4.635171171    2.516531375    2.521951749    2.217336586
    4.645180180    2.512432750    2.517829200    2.214489832
    4.655189189    2.508352931    2.513725609    2.211652840
    4.665198198    2.504291782    2.509640841    2.208825563
    4.675207207    2.500249169    2.505574761    2.206007954
    4.685216216    2.496224961    2.501527235    2.203199969
    4.695225225    2.492219026    2.497498130    2.200401560
    4.705234234    2.488231235    2.493487317    2.197612682
    4.715243243    2.484261458    2.489494664    2.194833291
    4.725252252    2.480309569    2.485520044    2.192063341
    4.735261261    2.476375443    2.481563329    2.189302788
    4.745270270    2.472458953    2.477624395    2.186551587
    4.755279279    2.468559977    2.473703114    2.183809695
    4.765288288    2.464678393    2.469799366    2.181077068
    4.775297297    2.460814078    2.465913026    2.178353661
    4.785306306    2.456966914    2.462043974    2.175639433
    4.795315315    2.453136781    2.458192091    2.172934340
    4.805324324    2.449323562    2.454357256    2.170238339
    4.815333333    2.445527140    2.450539353    2.167551389
    4.825342342    2.441747400    2.446738265    2.164873446
    4.835351351    2.437984227    2.442953877    2.162204470
    4.845360360    2.434237508    2.439186073    2.159544418
    4.855369369    2.430507131    2.435434742    2.156893249
    4.865378378    2.426792985    2.431699771    2.154250922
    4.875387387    2.423094960    2.427981048    2.151617397
    4.885396396    2.419412946    2.424278464    2.148992633
    4.895405405    2.415746836    2.420591909    2.146376589
    4.905414414    2.412096523    2.416921276    2.143769226
    4.915423423    2.408461901    2.413266458    2.141170503
    4.925432432    2.404842864    2.409627348    2.138580381
    4.935441441    2.401239309    2.406003841    2.135998822
    4.945450450    2.397651133    2.402395835    2.133425785
    4.955459459    2.394078233    2.398803224    2.130861231
    4.965468468    2.390520508    2.395225908    2.128305124
    4.975477477    2.386977859    2.391663785    2.125757423
    4.985486486    2.383450185    2.388116755    2.123218091
    4.995495495    2.379937389    2.384584719    2.120687090
    5.005504505    2.376439372    2.381067578    2.118164382
    5.015513514    2.372956039    2.377565234    2.115649930
    5.025522523    2.369487293    2.374077591    2.113143697
    5.035531532    2.366033041    2.370604554    2.110645646
    5.045540541    2.362593186    2.367146027    2.108155739
    5.055549550    2.359167638    2.363701916    2.105673941
    5.065558559    2.355756302    2.360272129    2.103200215
    5.075567568    2.352359088    2.356856572    2.100734525
    5.085576577    2.348975906    2.353455154    2.098276835
    5.095585586    2.345606664    2.350067786    2.095827110
    5.105594595    2.342251275    2.346694376    2.093385314
    5.115603604    2.338909650    2.343334836    2.090951412
    5.125612613    2.335581701    2.339989077    2.088525368
    5.135621622    2.332267343    2.336657012    2.086107148
    5.145630631    2.328966488    2.333338554    2.083696718
    5.155639640    2.325679052    2.330033618    2.081294043
    5.165648649    2.322404950    2.326742118    2.078899088
    5.175657658    2.319144099    2.323463969    2.076511821
    5.185666667    2.315896415    2.320199088    2.074132206
    5.195675676    2.312661818    2.316947393    2.071760211
    5.205684685    2.309440224    2.313708800    2.069395801
    5.215693694    2.306231554    2.310483228    2.067038945
    5.225702703    2.303035726    2.307270597    2.064689608
    5.235711712    2.299852663    2.304070826    2.062347758
    5.245720721    2.296682285    2.300883836    2.060013362
    5.255729730    2.293524514    2.297709548    2.057686389
    5.265738739    2.290379273    2.294547884    2.055366805
    5.275747748    2.287246485    2.291398767    2.053054578
    5.285756757    2.284126075    2.288262120    2.050749677
    5.295765766    2.281017966    2.285137867    2.048452071
    5.305774775    2.277922084    2.282025933    2.046161726
    5.315783784    2.274838355    2.278926242    2.043878613
    5.325792793    2.271766706    2.275838721    2.041602700
    5.335801802    2.268707064    2.272763297    2.039333956
    5.345810811    2.265659356    2.269699895    2.037072351
    5.355819820    2.262623511    2.266648445    2.034817852
    5.365828829    2.259599458    2.263608874    2.032570432
    5.375837838    2.256587126    2.260581112    2.030330058
    5.385846847    2.253586446    2.257565087    2.028096701
    5.395855856    2.250597349    2.254560731    2.025870330
    5.405864865    2.247619766    2.251567973    2.023650918
    5.415873874    2.244653628    2.248586745    2.021438432
    5.425882883    2.241698869    2.245616980    2.019232845
    5.435891892    2.238755420    2.242658609    2.017034127
    5.445900901    2.235823217    2.239711565    2.014842249
    5.455909910    2.232902193    2.236775782    2.012657181
    5.465918919    2.229992283    2.233851194    2.010478896
    5.475927928    2.227093421    2.230937736    2.008307364
    5.485936937    2.224205545    2.228035343    2.006142558
    5.495945946    2.221328589    2.225143951    2.003984448
    5.505954955    2.218462491    2.222263495    2.001833007
    5.515963964    2.215607189    2.219393913    1.999688207
    5.525972973    2.212762619    2.216535142    1.997550020
    5.535981982    2.209928721    2.213687119    1.995418418
    5.545990991    2.207105433    2.210849783    1.993293374
    5.556000000    2.204292695    2.208023074    1.991174861
    5.566009009    2.201490445    2.205206929    1.989062851
    5.576018018    2.198698626    2.202401289    1.986957317
    5.586027027    2.195917177    2.199606093    1.984858232
    5.596036036    2.193146040    2.196821284    1.982765570
    5.606045045    2.190385156    2.194046802    1.980679304
    5.616054054    2.187634467    2.191282588    1.978599407
    5.626063063    2.184893917    2.188528585    1.976525854
    5.636072072    2.182163448    2.185784735    1.974458618
    5.646081081    2.179443004    2.183050982    1.972397673
    5.656090090    2.176732529    2.180327268    1.970342993
    5.666099099    2.174031968    2.177613538    1.968294552
    5.676108108    2.171341264    2.174909737    1.966252325
    5.686117117    2.168660365    2.172215809    1.964216286
    5.696126126    2.165989214    2.169531698    1.962186411
    5.706135135    2.163327759    2.166857352    1.960162673
    5.716144144    2.160675946    2.164192716    1.958145048
    5.726153153    2.158033721    2.161537737    1.956133511
    5.736162162    2.155401034    2.158892361    1.954128037
    5.746171171    2.152777830    2.156256536    1.952128602
    5.756180180    2.150164059    2.153630210    1.950135180
    5.766189189    2.147559669    2.151013330    1.948147748
    5.776198198    2.144964609    2.148405846    1.946166281
    5.786207207    2.142378829    2.145807706    1.944190755
    5.796216216    2.139802278    2.143218860    1.942221146
    5.806225225    2.137234906    2.140639257    1.940257431
    5.816234234    2.134676665    2.138068848    1.938299585
    5.826243243    2.132127504    2.135507583    1.936347585
    5.836252252    2.129587376    2.132955413    1.934401408
    5.846261261    2.127056231    2.130412289    1.932461029
    5.856270270    2.124534023    2.127878163    1.930526426
    5.866279279    2.122020702    2.125352987    1.928597576
    5.876288288    2.119516223    2.122836712    1.926674456
    5.886297297    2.117020539    2.120329293    1.924757043
    5.896306306    2.114533602    2.117830681    1.922845313
    5.906315315    2.112055366    2.115340831    1.920939245
    5.916324324    2.109585786    2.112859696    1.919038816
    5.926333333    2.107124816    2.110387229    1.917144003
    5.936342342    2.104672412    2.107923387    1.915254785
    5.946351351    2.102228527    2.105468123    1.913371138
    5.956360360    2.099793118    2.103021392    1.911493042
    5.966369369    2.097366141    2.100583150    1.909620473
    5.976378378    2.094947551    2.098153353    1.907753411
    5.986387387    2.092537306    2.095731957    1.905891833
    5.996396396    2.090135361    2.093318918    1.904035718
    6.006405405    2.087741675    2.090914193    1.902185045
    6.016414414    2.085356204    2.088517739    1.900339791
    6.026423423    2.082978906    2.086129513    1.898499937
    6.036432432    2.080609740    2.083749473    1.896665460
    6.046441441    2.078248663    2.081377578    1.894836339
    6.056450450    2.075895634    2.079013785    1.893012554
    6.066459459    2.073550613    2.076658053    1.891194084
    6.076468468    2.071213558    2.074310340    1.889380908
    6.086477477    2.068884430    2.071970607    1.887573005
    6.096486486    2.066563187    2.069638813    1.885770355
    6.106495495    2.064249790    2.067314916    1.883972938
    6.116504505    2.061944199    2.064998878    1.882180733
    6.126513514    2.059646376    2.062690659    1.880393720
    6.136522523    2.057356280    2.060390219    1.878611879
    6.146531532    2.055073874    2.058097519    1.876835189
    6.156540541    2.052799118    2.055812521    1.875063632
    6.166549550    2.050531975    2.053535186    1.873297187
    6.176558559    2.048272407    2.051265475    1.871535834
    6.186567568    2.046020376    2.049003351    1.869779554
    6.196576577    2.043775844    2.046748776    1.868028328
    6.206585586    2.041538775    2.044501713    1.866282135
    6.216594595    2.039309131    2.042262124    1.864540958
    6.226603604    2.037086876    2.040029972    1.862804775
    6.236612613    2.034871974    2.037805220    1.861073569
    6.246621622    2.032664388    2.035587833    1.859347321
    6.256630631    2.030464082    2.033377774    1.857626010
    6.266639640    2.028271022    2.031175007    1.855909620
    6.276648649    2.026085171    2.028979497    1.854198130
    6.286657658    2.023906494    2.026791208    1.852491522
    6.296666667    2.021734957    2.024610104    1.850789778
    6.306675676    2.019570525    2.022436152    1.849092879
    6.316684685    2.017413163    2.020269315    1.847400807
    6.326693694    2.015262838    2.018109561    1.845713544
    6.336702703    2.013119515    2.015956853    1.844031071
    6.346711712    2.010983160    2.013811160    1.842353370
    6.356720721    2.008853741    2.011672446    1.840680423
    6.366729730    2.006731224    2.009540678    1.839012213
    6.376738739    2.004615575    2.007415824    1.837348721
    6.386747748    2.002506763    2.005297849    1.835689930
    6.396756757    2.000404754    2.003186721    1.834035822
    6.406765766    1.998309516    2.001082407    1.832386380
    6.416774775    1.996221017    1.998984876    1.830741585
    6.426783784    1.994139225    1.996894094    1.829101422
    6.436792793    1.992064109    1.994810030    1.827465871
    6.446801802    1.989995636    1.992732652    1.825834917
    6.456810811    1.987933776    1.990661928    1.824208542
    6.466819820    1.985878497    1.988597827    1.822586728
    6.476828829    1.983829768    1.986540319    1.820969460
    6.486837838    1.981787560    1.984489371    1.819356719
    6.496846847    1.979751841    1.982444954    1.817748490
    6.506855856    1.977722581    1.980407036    1.816144755
    6.516864865    1.975699750    1.978375588    1.814545498
    6.526873874    1.973683318    1.976350579    1.812950702
    6.536882883    1.971673256    1.974331979    1.811360351
    6.546891892    1.969669533    1.972319759    1.809774428
    6.556900901    1.967672122    1.970313889    1.808192917
    6.566909910    1.965680992    1.968314340    1.806615802
    6.576918919    1.963696114    1.966321083    1.805043066
    6.586927928    1.961717461    1.964334088    1.803474694
    6.596936937    1.959745003    1.962353327    1.801910669
    6.606945946    1.957778712    1.960378771    1.800350976
    6.616954955    1.955818559    1.958410393    1.798795598
    6.626963964    1.953864518    1.956448163    1.797244519
    6.636972973    1.951916560    1.954492053    1.795697725
    6.646981982    1.949974657    1.952542036    1.794155199
    6.656990991    1.948038782    1.950598085    1.792616926
    6.667000000    1.946108908    1.948660170    1.791082891
    6.677009009    1.944185007    1.946728266    1.789553077
    6.687018018    1.942267053    1.944802346    1.788027469
    6.697027027    1.940355019    1.942882381    1.786506053
    6.707036036    1.938448878    1.940968345    1.784988813
    6.717045045    1.936548604    1.939060213    1.783475733
    6.727054054    1.934654170    1.937157956    1.781966800
    6.737063063    1.932765551    1.935261549    1.780461997
    6.747072072    1.930882721    1.933370966    1.778961310
    6.757081081    1.929005653    1.931486181    1.777464724
    6.767090090    1.927134322    1.929607167    1.775972224
    6.777099099    1.925268704    1.927733900    1.774483795
    6.787108108    1.923408771    1.925866354    1.772999424
    6.797117117    1.921554500    1.924004503    1.771519094
    6.807126126    1.919705865    1.922148322    1.770042792
    6.817135135    1.917862842    1.920297787    1.768570504
    6.827144144    1.916025406    1.918452872    1.767102214
    6.837153153    1.914193531    1.916613552    1.765637909
    6.847162162    1.912367195    1.914779804    1.764177574
    6.857171171    1.910546373    1.912951603    1.762721195
    6.867180180    1.908731040    1.911128924    1.761268758
    6.877189189    1.906921173    1.909311743    1.759820249
    6.887198198    1.905116748    1.907500036    1.758375654
    6.897207207    1.903317741    1.905693781    1.756934959
    6.907216216    1.901524129    1.903892952    1.755498150
    6.917225225    1.899735889    1.902097526    1.754065213
    6.927234234    1.897952997    1.900307480    1.752636135
    6.937243243    1.896175430    1.898522792    1.751210901
    6.947252252    1.894403166    1.896743436    1.749789499
    6.957261261    1.892636181    1.894969392    1.748371915
    6.967270270    1.890874453    1.893200635    1.746958135
    6.977279279    1.889117959    1.891437144    1.745548146
    6.987288288    1.887366678    1.889678895    1.744141934
    6.997297297    1.885620586    1.887925866    1.742739486
    7.007306306    1.883879662    1.886178035    1.741340789
    7.017315315    1.882143884    1.884435380    1.739945830
    7.027324324    1.880413229    1.882697879    1.738554595
    7.037333333    1.878687677    1.880965510    1.737167072
    7.047342342    1.876967206    1.879238251    1.735783248
    7.057351351    1.875251793    1.877516080    1.734403108
    7.067360360    1.873541418    1.875798976    1.733026642
    7.077369369    1.871836060    1.874086918    1.731653835
    7.087378378    1.870135697    1.872379885    1.730284675
    7.097387387    1.868440309    1.870677855    1.728919150
    7.107396396    1.866749875    1.868980806    1.727557246
    7.117405405    1.865064374    1.867288720    1.726198952
    7.127414414    1.863383785    1.865601574    1.724844253
    7.137423423    1.861708088    1.863919348    1.723493139
    7.147432432    1.860037262    1.862242021    1.722145596
    7.157441441    1.858371288    1.860569574    1.720801612
    7.167450450    1.856710145    1.858901986    1.719461176
    7.177459459    1.855053814    1.857239236    1.718124273
    7.187468468    1.853402273    1.855581305    1.716790893
    7.197477477    1.851755505    1.853928173    1.715461024
    7.207486486    1.850113488    1.852279819    1.714134652
    7.217495495    1.848476204    1.850636225    1.712811766
    7.227504505    1.846843632    1.848997371    1.711492354
    7.237513514    1.845215754    1.847363237    1.710176405
    7.247522523    1.843592551    1.845733803    1.708863905
    7.257531532    1.841974003    1.844109052    1.707554844
    7.267540541    1.840360091    1.842488962    1.706249209
    7.277549550    1.838750797    1.840873516    1.704946989
    7.287558559    1.837146102    1.839262695    1.703648171
    7.297567568    1.835545986    1.837656479    1.702352746
    7.307576577    1.833950432    1.836054851    1.701060700
    7.317585586    1.832359421    1.834457791    1.699772022
    7.327594595    1.830772935    1.832865280    1.698486701
    7.337603604    1.829190954    1.831277302    1.697204726
    7.347612613    1.827613463    1.829693836    1.695926084
    7.357621622    1.826040441    1.828114865    1.694650765
    7.367630631    1.824471871    1.826540372    1.693378757
    7.377639640    1.822907736    1.824970337    1.692110050
    7.387648649    1.821348018    1.823404744    1.690844631
    7.397657658    1.819792698    1.821843574    1.689582490
    7.407666667    1.818241760    1.820286809    1.688323615
    7.417675676    1.816695186    1.818734433    1.687067997
    7.427684685    1.815152959    1.817186427    1.685815622
    7.437693694    1.813615061    1.815642774    1.684566482
    7.447702703    1.812081475    1.814103457    1.683320564
    7.457711712    1.810552184    1.812568459    1.682077858
    7.467720721    1.809027171    1.811037762    1.680838352
    7.477729730    1.807506420    1.809511350    1.679602038
    7.487738739    1.805989913    1.807989206    1.678368902
    7.497747748    1.804477633    1.806471312    1.677138936
    7.507756757    1.802969565    1.804957653    1.675912128
    7.517765766    1.801465692    1.803448211    1.674688467
    7.527774775    1.799965996    1.801942969    1.673467944
    7.537783784    1.798470463    1.800441912    1.672250547
    7.547792793    1.796979075    1.798945024    1.671036266
    7.557801802    1.795491816    1.797452286    1.669825091
    7.567810811    1.794008671    1.795963685    1.668617012
    7.577819820    1.792529623    1.794479203    1.667412017
    7.587828829    1.791054657    1.792998824    1.666210098
    7.597837838    1.789583756    1.791522533    1.665011242
    7.607846847    1.788116905    1.790050314    1.663815442
    7.617855856    1.786654089    1.788582150    1.662622685
    7.627864865    1.785195291    1.787118026    1.661432963
    7.637873874    1.783740496    1.785657927    1.660246264
    7.647882883    1.782289689    1.784201838    1.659062580
    7.657891892    1.780842854    1.782749741    1.657881900
    7.667900901    1.779399977    1.781301623    1.656704214
    7.677909910    1.777961041    1.779857468    1.655529512
    7.687918919    1.776526033    1.778417261    1.654357785
    7.697927928    1.775094937    1.776980987    1.653189022
    7.707936937    1.773667737    1.775548630    1.652023214
    7.717945946    1.772244420    1.774120176    1.650860351
    7.727954955    1.770824970    1.772695610    1.649700424
    7.737963964    1.769409373    1.771274917    1.648543422
    7.747972973    1.767997614    1.769858082    1.647389336
    7.757981982    1.766589679    1.768445091    1.646238157
    7.767990991    1.765185552    1.767035929    1.645089875
    7.778000000    1.763785221    1.765630582    1.643944481
    7.788009009    1.762388670    1.764229035    1.642801965
    7.798018018    1.760995885    1.762831274    1.641662317
    7.808027027    1.759606852    1.761437284    1.640525529
    7.818036036    1.758221557    1.760047052    1.639391591
    7.828045045    1.756839987    1.758660563    1.638260494
    7.838054054    1.755462126    1.757277804    1.637132228
    7.848063063    1.754087961    1.755898760    1.636006784
    7.858072072    1.752717478    1.754523417    1.634884153
    7.868081081    1.751350664    1.753151762    1.633764326
    7.878090090    1.749987505    1.751783780    1.632647295
    7.888099099    1.748627988    1.750419459    1.631533048
    7.898108108    1.747272098    1.749058784    1.630421579
    7.908117117    1.745919822    1.747701743    1.629312877
    7.918126126    1.744571148    1.746348321    1.628206934
    7.928135135    1.743226061    1.744998504    1.627103741
    7.938144144    1.741884548    1.743652281    1.626003289
    7.948153153    1.740546597    1.742309637    1.624905570
    7.958162162    1.739212194    1.740970559    1.623810573
    7.968171171    1.737881326    1.739635035    1.622718291
    7.978180180    1.736553980    1.738303050    1.621628715
    7.988189189    1.735230143    1.736974593    1.620541836
    7.998198198    1.733909802    1.735649649    1.619457645
    8.008207207    1.732592945    1.734328207    1.618376134
    8.018216216    1.731279559    1.733010253    1.617297295
    8.028225225    1.729969631    1.731695775    1.616221118
    8.038234234    1.728663148    1.730384760    1.615147595
    8.048243243    1.727360098    1.729077195    1.614076718
    8.058252252    1.726060469    1.727773068    1.613008478
    8.068261261    1.724764248    1.726472366    1.611942867
    8.078270270    1.723471422    1.725175077    1.610879876
    8.088279279    1.722181980    1.723881188    1.609819497
    8.098288288    1.720895910    1.722590688    1.608761722
    8.108297297    1.719613198    1.721303563    1.607706542
    8.118306306    1.718333833    1.720019802    1.606653949
    8.128315315    1.717057803    1.718739393    1.605603935
    8.138324324    1.715785096    1.717462323    1.604556492
    8.148333333    1.714515700    1.716188581    1.603511611
    8.158342342    1.713249603    1.714918154    1.602469285
    8.168351351    1.711986794    1.713651030    1.601429506
    8.178360360    1.710727259    1.712387199    1.600392264
    8.188369369    1.709470989    1.711126647    1.599357553
    8.198378378    1.708217971    1.709869364    1.598325364
    8.208387387    1.706968193    1.708615337    1.597295689
    8.218396396    1.705721645    1.707364556    1.596268520
    8.228405405    1.704478314    1.706117007    1.595243850
    8.238414414    1.703238189    1.704872681    1.594221671
    8.248423423    1.702001258    1.703631565    1.593201974
    8.258432432    1.700767512    1.702393648    1.592184752
    8.268441441    1.699536937    1.701158919    1.591169998
    8.278450450    1.698309524    1.699927367    1.590157702
    8.288459459    1.697085260    1.698698979    1.589147859
    8.298468468    1.695864135    1.697473746    1.588140459
    8.308477477    1.694646138    1.696251656    1.587135496
    8.318486486    1.693431257    1.695032698    1.586132961
    8.328495495    1.692219483    1.693816860    1.585132848
    8.338504505    1.691010803    1.692604132    1.584135148
    8.348513514    1.689805207    1.691394504    1.583139854
    8.358522523    1.688602684    1.690187964    1.582146959
    8.368531532    1.687403224    1.688984501    1.581156454
    8.378540541    1.686206816    1.687784104    1.580168333
    8.388549550    1.685013449    1.686586764    1.579182588
    8.398558559    1.683823113    1.685392468    1.578199213
    8.408567568    1.682635797    1.684201208    1.577218198
    8.418576577    1.681451490    1.683012971    1.576239537
    8.428585586    1.680270183    1.681827748    1.575263224
    8.438594595    1.679091864    1.680645528    1.574289249
    8.448603604    1.677916524    1.679466301    1.573317607
    8.458612613    1.676744152    1.678290056    1.572348290
    8.468621622    1.675574738    1.677116783    1.571381291
    8.478630631    1.674408271    1.675946472    1.570416602
    8.488639640    1.673244742    1.674779113    1.569454217
    8.498648649    1.672084141    1.673614695    1.568494129
    8.508657658    1.670926457    1.672453209    1.567536329
    8.518666667    1.669771681    1.671294643    1.566580812
    8.528675676    1.668619802    1.670138989    1.565627570
    8.538684685    1.667470810    1.668986236    1.564676597
    8.548693694    1.666324697    1.667836374    1.563727884
    8.558702703    1.665181451    1.666689394    1.562781426
    8.568711712    1.664041063    1.665545285    1.561837216
    8.578720721    1.662903523    1.664404038    1.560895246
    8.588729730    1.661768823    1.663265643    1.559955509
    8.598738739    1.660636951    1.662130090    1.559018000
    8.608747748    1.659507899    1.660997370    1.558082710
    8.618756757    1.658381656    1.659867473    1.557149634
    8.628765766    1.657258214    1.658740390    1.556218764
    8.638774775    1.656137563    1.657616110    1.555290093
    8.648783784    1.655019693    1.656494625    1.554363616
    8.658792793    1.653904595    1.655375925    1.553439325
    8.668801802    1.652792260    1.654260000    1.552517213
    8.678810811    1.651682678    1.653146841    1.551597275
    8.688819820    1.650575841    1.652036440    1.550679503
    8.698828829    1.649471738    1.650928786    1.549763891
    8.708837838    1.648370362    1.649823870    1.548850432
    8.718846847    1.647271702    1.648721684    1.547939120
    8.728855856    1.646175749    1.647622218    1.547029948
    8.738864865    1.645082495    1.646525463    1.546122910
    8.748873874    1.643991931    1.645431409    1.545217999
    8.758882883    1.642904046    1.644340048    1.544315208
    8.768891892    1.641818834    1.643251372    1.543414533
    8.778900901    1.640736284    1.642165370    1.542515965
    8.788909910    1.639656388    1.641082034    1.541619499
    8.798918919    1.638579137    1.640001355    1.540725128
    8.808927928    1.637504523    1.638923325    1.539832846
    8.818936937    1.636432535    1.637847934    1.538942647
    8.828945946    1.635363167    1.636775174    1.538054525
    8.838954955    1.634296409    1.635705035    1.537168473
    8.848963964    1.633232252    1.634637511    1.536284484
    8.858972973    1.632170689    1.633572591    1.535402554
    8.868981982    1.631111709    1.632510267    1.534522675
    8.878990991    1.630055306    1.631450530    1.533644841
    8.889000000    1.629001470    1.630393373    1.532769047
    8.899009009    1.627950193    1.629338786    1.531895286
    8.909018018    1.626901467    1.628286762    1.531023552
    8.919027027    1.625855283    1.627237291    1.530153839
    8.929036036    1.624811632    1.626190365    1.529286142
    8.939045045    1.623770508    1.625145977    1.528420453
    8.949054054    1.622731901    1.624104117    1.527556767
    8.959063063    1.621695803    1.623064777    1.526695079
    8.969072072    1.620662206    1.622027950    1.525835381
    8.979081081    1.619631102    1.620993627    1.524977669
    8.989090090    1.618602482    1.619961800    1.524121936
    8.999099099    1.617576340    1.618932460    1.523268176
    9.009108108    1.616552665    1.617905600    1.522416384
    9.019117117    1.615531452    1.616881211    1.521566553
    9.029126126    1.614512691    1.615859286    1.520718679
    9.039135135    1.613496375    1.614839817    1.519872754
    9.049144144    1.612482496    1.613822795    1.519028774
    9.059153153    1.611471046    1.612808213    1.518186732
    9.069162162    1.610462016    1.611796063    1.517346624
    9.079171171    1.609455400    1.610786337    1.516508442
    9.089180180    1.608451190    1.609779027    1.515672181
    9.099189189    1.607449378    1.608774125    1.514837837
    9.109198198    1.606449955    1.607771624    1.514005402
    9.119207207    1.605452915    1.606771516    1.513174872
    9.129216216    1.604458250    1.605773793    1.512346241
    9.139225225    1.603465952    1.604778448    1.511519503
    9.149234234    1.602476014    1.603785473    1.510694653
    9.159243243    1.601488428    1.602794860    1.509871684
    9.169252252    1.600503186    1.601806602    1.509050593
    9.179261261    1.599520282    1.600820691    1.508231372
    9.189270270    1.598539707    1.599837120    1.507414018
    9.199279279    1.597561454    1.598855882    1.506598523
    9.209288288    1.596585517    1.597876968    1.505784883
    9.219297297    1.595611886    1.596900372    1.504973092
    9.229306306    1.594640556    1.595926086    1.504163145
    9.239315315    1.593671519    1.594954103    1.503355037
    9.249324324    1.592704768    1.593984415    1.502548762
    9.259333333    1.591740295    1.593017016    1.501744314
    9.269342342    1.590778093    1.592051898    1.500941689
    9.279351351    1.589818155    1.591089053    1.500140882
    9.289360360    1.588860475    1.590128476    1.499341886
    9.299369369    1.587905044    1.589170157    1.498544696
    9.309378378    1.586951855    1.588214091    1.497749308
    9.319387387    1.586000903    1.587260271    1.496955716
    9.329396396    1.585052179    1.586308688    1.496163915
    9.339405405    1.584105676    1.585359337    1.495373899
    9.349414414    1.583161389    1.584412210    1.494585664
    9.359423423    1.582219309    1.583467300    1.493799204
    9.369432432    1.581279430    1.582524600    1.493014514
    9.379441441    1.580341745    1.581584103    1.492231590
    9.389450450    1.579406247    1.580645803    1.491450425
    9.399459459    1.578472930    1.579709693    1.490671016
    9.409468468    1.577541785    1.578775765    1.489893356
    9.419477477    1.576612808    1.577844014    1.489117441
    9.429486486    1.575685991    1.576914431    1.488343265
    9.439495495    1.574761327    1.575987011    1.487570825
    9.449504505    1.573838809    1.575061746    1.486800113
    9.459513514    1.572918432    1.574138631    1.486031127
    9.469522523    1.572000188    1.573217657    1.485263861
    9.479531532    1.571084070    1.572298820    1.484498309
    9.489540541    1.570170073    1.571382111    1.483734467
    9.499549550    1.569258190    1.570467525    1.482972331
    9.509558559    1.568348413    1.569555055    1.482211894
    9.519567568    1.567440737    1.568644694    1.481453152
    9.529576577    1.566535155    1.567736437    1.480696101
    9.539585586    1.565631661    1.566830275    1.479940736
    9.549594595    1.564730248    1.565926203    1.479187051
    9.559603604    1.563830910    1.565024215    1.478435042
    9.569612613    1.562933640    1.564124304    1.477684704
    9.579621622    1.562038432    1.563226464    1.476936033
    9.589630631    1.561145281    1.562330688    1.476189023
    9.599639640    1.560254179    1.561436970    1.475443670
    9.609648649    1.559365120    1.560545304    1.474699969
    9.619657658    1.558478098    1.559655684    1.473957916
    9.629666667    1.557593107    1.558768102    1.473217506
    9.639675676    1.556710140    1.557882554    1.472478733
    9.649684685    1.555829192    1.556999032    1.471741594
    9.659693694    1.554950257    1.556117531    1.471006084
    9.669702703    1.554073327    1.555238044    1.470272197
    9.679711712    1.553198398    1.554360566    1.469539931
    9.689720721    1.552325463    1.553485090    1.468809279
    9.699729730    1.551454515    1.552611610    1.468080238
    9.709738739    1.550585550    1.551740120    1.467352803
    9.719747748    1.549718561    1.550870614    1.466626969
    9.729756757    1.548853541    1.550003087    1.465902731
    9.739765766    1.547990486    1.549137531    1.465180086
    9.749774775    1.547129389    1.548273942    1.464459029
    9.759783784    1.546270244    1.547412312    1.463739555
    9.769792793    1.545413045    1.546552637    1.463021660
    9.779801802    1.544557787    1.545694910    1.462305339
    9.789810811    1.543704463    1.544839126    1.461590589
    9.799819820    1.542853069    1.543985278    1.460877403
    9.809828829    1.542003597    1.543133361    1.460165779
    9.819837838    1.541156043    1.542283370    1.459455712
    9.829846847    1.540310400    1.541435297    1.458747197
    9.839855856    1.539466663    1.540589138    1.458040230
    9.849864865    1.538624826    1.539744887    1.457334806
    9.859873874    1.537784883    1.538902538    1.456630922
    9.869882883    1.536946830    1.538062085    1.455928574
    9.879891892    1.536110659    1.537223523    1.455227755
    9.889900901    1.535276366    1.536386846    1.454528464
    9.899909910    1.534443945    1.535552048    1.453830694
    9.909918919    1.533613390    1.534719124    1.453134442
    9.919927928    1.532784696    1.533888069    1.452439705
    9.929936937    1.531957858    1.533058876    1.451746476
    9.939945946    1.531132869    1.532231540    1.451054753
    9.949954955    1.530309724    1.531406056    1.450364531
    9.959963964    1.529488419    1.530582418    1.449675806
    9.969972973    1.528668946    1.529760621    1.448988574
    9.979981982    1.527851302    1.528940660    1.448302830
    9.989990991    1.527035480    1.528122527    1.447618570
   10.000000000    1.526221476    1.527306220    1.446935791
